0.0019196879	0
0.0057590637	0
0.0095984399	0
0.013437815	0
0.017277192	0
0.021116567	0
0.024955943	0
0.02879532	0
0.032634693	0
0.03647407	0
0.040313447	0
0.044152823	0
0.047992197	0
0.051831573	0
0.055670947	0
0.059510326	0
0.0633497	0
0.06718908	0
0.071028453	0
0.074867827	0
0.078707206	0
0.08254658	0
0.086385953	0
0.090225333	0
0.094064707	0
0.097904086	0
0.10174346	0
0.10558283	0
0.10942221	0
0.11326159	0
0.11710097	0
0.12094034	0
0.12477971	0
0.12861909	0
0.13245846	0
0.13629785	0
0.14013722	0
0.14397659	0
0.14781597	0
0.15165534	0
0.15549473	0
0.1593341	0
0.16317347	0
0.16701285	0
0.17085222	0
0.17469161	0
0.17853098	0
0.18237035	0
0.18620973	0
0.1900491	0
0.19388847	0
0.19772786	0
0.20156722	0
0.20540662	0
0.20924599	0
0.21308537	0
0.21692474	0
0.22076411	0
0.22460349	0
0.22844286	0
0.23228223	0
0.23612161	0
0.23996098	0
0.24380035	0
0.24763975	0
0.25147913	0
0.2553185	0
0.25915787	0
0.26299725	0
0.26683662	0
0.27067599	0
0.27451537	0
0.27835474	0
0.28219411	0
0.28603349	0
0.28987288	0
0.29371226	0
0.29755163	0
0.30139101	0
0.30523038	0
0.30906975	0
0.31290913	0
0.3167485	0
0.32058787	0
0.32442725	0
0.32826664	0
0.33210602	0
0.33594539	0
0.33978477	0
0.34362414	0
0.34746351	0
0.35130289	0
0.35514226	0
0.35898163	0
0.36282101	0
0.36666038	0
0.37049978	0
0.37433915	0
0.37817852	0
0.3820179	0
0.38585727	0
0.38969665	0
0.39353602	0
0.39737539	0
0.40121479	0
0.40505414	0
0.40889354	0
0.41273289	0
0.41657228	0
0.42041163	0
0.42425103	0
0.42809038	97.106964
0.43192978	115.05534
0.43576918	191.0827
0.43960853	175.63011
0.44344792	153.38507
0.44728727	126.89656
0.45112667	91.452019
0.45496602	105.26186
0.45880542	113.6283
0.46264477	142.11858
0.46648417	156.98645
0.47032351	162.95599
0.47416291	191.63069
0.47800231	196.08205
0.48184166	235.86609
0.48568106	233.87621
0.48952041	286.15445
0.4933598	305.55099
0.49719915	357.50574
0.50103855	401.44089
0.5048779	363.521
0.5087173	396.89981
0.5125567	369.11313
0.51639605	389.59198
0.52023544	444.20044
0.52407479	459.96738
0.52791419	503.0285
0.53175354	516.52026
0.53559294	564.8468
0.53943229	579.01465
0.54327168	612.28094
0.54711103	646.32935
0.55095043	657.70856
0.55478983	692.58258
0.55862918	717.81458
0.56246858	740.79987
0.56630793	769.33325
0.57014732	785.76111
0.57398667	795.37921
0.57782607	819.94489
0.58166542	818.67621
0.58550482	822.18567
0.58934417	831.02887
0.59318357	827.85645
0.59702296	836.97095
0.60086231	832.86584
0.60470171	829.38184
0.60854106	842.71838
0.61238046	852.38123
0.61621981	883.16638
0.6200592	909.41345
0.62389855	919.40723
0.62773795	908.18127
0.6315773	879.21167
0.6354167	842.70233
0.6392561	813.96002
0.64309545	789.3786
0.64693484	789.30652
0.65077419	774.75702
0.65461359	770.44647
0.65845294	759.66748
0.66229234	751.58984
0.66613169	756.44806
0.66997108	753.13818
0.67381043	748.51318
0.67764983	739.67566
0.68148923	736.23633
0.68532858	727.0304
0.68916798	725.66138
0.69300733	733.11505
0.69684672	729.0896
0.70068607	733.95544
0.70452547	737.12006
0.70836482	738.31085
0.71220422	754.40955
0.71604357	755.63721
0.71988297	760.30408
0.72372236	759.79065
0.72756171	758.96161
0.73140111	757.85797
0.73524046	755.36066
0.73907986	749.59631
0.74291921	750.66083
0.7467586	752.80029
0.75059795	754.64246
0.75443735	755.31189
0.75827675	761.51208
0.7621161	767.20325
0.7659555	757.1217
0.76979485	759.91925
0.77363424	748.14191
0.77747359	747.00043
0.78131299	757.22913
0.78515234	753.91168
0.78899174	751.41614
0.79283109	743.25006
0.79667048	748.67212
0.80050983	747.59119
0.80434923	748.16473
0.80818863	750.76831
0.81202803	739.61108
0.81586733	743.3764
0.81970673	752.75055
0.82354612	756.36884
0.82738552	757.7287
0.83122482	760.54089
0.83506422	759.11127
0.83890362	761.79816
0.84274302	768.69928
0.84658241	768.63684
0.85042171	768.6778
0.85426111	761.95642
0.85810051	761.61487
0.86193991	756.83038
0.86577921	760.37238
0.86961861	757.63184
0.873458	756.52057
0.8772974	757.31299
0.8811368	767.64026
0.8849761	765.74481
0.8888155	764.94891
0.8926549	762.77557
0.89649429	754.68634
0.9003336	756.92542
0.90417299	748.42487
0.90801239	747.49963
0.91185179	747.47748
0.91569109	750.59241
0.91953049	762.35083
0.92336988	755.15881
0.92720928	756.34485
0.93104868	758.84552
0.93488798	757.51703
0.93872738	761.59619
0.94256678	767.14709
0.94640617	775.38037
0.95024548	785.36206
0.95408487	788.12762
0.95792427	781.87823
0.96176367	769.23969
0.96560307	763.33716
0.96944237	757.37964
0.97328176	763.45306
0.97712116	762.75983
0.98096056	760.7785
0.98479986	756.77051
0.98863926	760.13947
0.99247866	769.60107
0.99631805	772.01837
1.0001574	775.18011
1.0039968	765.72345
1.0078362	756.76727
1.0116755	758.40649
1.0155149	767.39832
1.0193542	775.87683
1.0231936	774.87421
1.027033	781.18317
1.0308724	778.32245
1.0347117	779.90833
1.0385511	778.04919
1.0423905	768.24054
1.0462299	767.24341
1.0500693	775.28467
1.0539086	782.90662
1.057748	782.66809
1.0615874	779.77448
1.0654268	770.74957
1.0692661	773.56989
1.0731055	788.08966
1.0769449	796.04523
1.0807843	804.00806
1.0846236	791.93805
1.088463	776.75494
1.0923024	767.44659
1.0961418	774.0321
1.0999812	778.24463
1.1038205	795.91699
1.1076599	801.7843
1.1114993	794.08667
1.1153387	795.38965
1.119178	793.47754
1.1230174	802.11823
1.1268568	801.13434
1.1306962	803.41498
1.1345356	798.28247
1.1383749	800.13599
1.1422143	805.8139
1.1460537	805.38031
1.1498931	815.50928
1.1537324	817.25531
1.1575718	814.88147
1.1614112	817.73737
1.1652506	807.96063
1.16909	805.47815
1.1729293	810.44818
1.1767687	807.94543
1.1806081	818.59521
1.1844475	820.21674
1.1882868	824.07855
1.1921262	828.45093
1.1959656	830.84381
1.199805	832.03613
1.2036443	832.54193
1.2074837	829.73389
1.2113231	824.82275
1.2151625	830.96985
1.2190019	836.7525
1.2228412	835.22449
1.2266806	837.87506
1.23052	841.25861
1.2343594	847.05975
1.2381987	851.71484
1.2420381	859.06708
1.2458775	859.33344
1.2497169	861.70453
1.2535563	867.98779
1.2573956	869.8407
1.261235	868.92981
1.2650743	863.68463
1.2689137	865.47107
1.272753	870.33588
1.2765924	873.34882
1.2804318	881.34125
1.2842712	878.00226
1.2881105	880.97021
1.2919499	885.86249
1.2957893	883.68933
1.2996287	887.08984
1.3034681	890.28729
1.3073074	899.60938
1.3111468	903.22455
1.3149862	905.59845
1.3188256	907.20471
1.3226649	907.80579
1.3265043	915.36267
1.3303437	910.22937
1.3341831	908.3999
1.3380225	907.77155
1.3418618	912.58038
1.3457012	922.00677
1.3495406	929.54913
1.35338	937.15588
1.3572193	948.20612
1.3610587	964.28967
1.3648981	978.88
1.3687375	988.64972
1.3725769	985.74713
1.3764162	986.64478
1.3802556	984.68915
1.384095	988.60065
1.3879344	995.65094
1.3917737	996.98016
1.3956131	1003.9615
1.3994525	1009.5723
1.4032919	1013.1116
1.4071312	1015.4942
1.4109706	1016.364
1.41481	1021.7576
1.4186494	1030.4818
1.4224888	1038.6807
1.4263281	1042.6155
1.4301675	1044.0017
1.4340069	1047.3076
1.4378463	1057.5529
1.4416856	1064.7909
1.445525	1064.1456
1.4493644	1064.3978
1.4532038	1057.0409
1.4570432	1061.2825
1.4608825	1067.5902
1.4647219	1072.0128
1.4685613	1084.9154
1.4724007	1094.7734
1.47624	1109.4956
1.4800794	1118.6584
1.4839188	1126.3827
1.4877582	1134.2255
1.4915975	1145.9263
1.4954369	1146.5078
1.4992763	1146.8164
1.5031157	1158.9219
1.5069551	1166.2446
1.5107944	1182.9471
1.5146338	1192.0548
1.5184731	1198.5155
1.5223125	1207.7281
1.5261518	1217.3051
1.5299912	1222.3203
1.5338306	1229.2305
1.53767	1231.0228
1.5415094	1239.5543
1.5453487	1251.746
1.5491881	1265.8093
1.5530275	1278.6868
1.5568669	1299.3173
1.5607062	1301.9038
1.5645456	1309.8783
1.568385	1319.1761
1.5722244	1325.7549
1.5760637	1340.6602
1.5799031	1356.2295
1.5837425	1374.9777
1.5875819	1386.564
1.5914213	1403.1527
1.5952606	1408.3903
1.5991	1420.713
1.6029394	1431.6454
1.6067787	1449.1875
1.6106182	1473.5245
1.6144575	1487.3334
1.618297	1505.9418
1.6221363	1526.2148
1.6259756	1541.7339
1.6298151	1566.1606
1.6336544	1587.4302
1.6374937	1602.8025
1.6413332	1614.6851
1.6451725	1640.6624
1.649012	1654.9849
1.6528513	1667.2222
1.6566906	1690.9259
1.6605301	1696.8655
1.6643694	1720.8597
1.6682089	1745.2777
1.6720482	1779.2345
1.6758875	1799.1304
1.679727	1826.0557
1.6835663	1851.6586
1.6874056	1866.9023
1.6912451	1904.5812
1.6950844	1933.2694
1.6989239	1967.4729
1.7027632	1995.0049
1.7066025	2022.7581
1.710442	2045.1326
1.7142813	2064.6753
1.7181208	2107.4358
1.7219601	2131.3325
1.7257994	2161.4146
1.7296389	2181.1084
1.7334782	2208.8552
1.7373175	2235.1262
1.741157	2249.4805
1.7449963	2289.78
1.7488358	2302.5286
1.7526751	2340.9722
1.7565144	2359.1555
1.7603539	2389.946
1.7641932	2410.4255
1.7680326	2424.7087
1.7718719	2462.9336
1.7757113	2466.5876
1.7795507	2490.2012
1.78339	2508.6631
1.7872295	2527.8225
1.7910688	2548.2124
1.7949081	2574.6792
1.7987476	2610.0452
1.8025869	2611.6853
1.8064262	2640.4409
1.8102657	2658.7339
1.814105	2676.8428
1.8179445	2689.4226
1.8217838	2713.0969
1.8256231	2716.5334
1.8294626	2710.5945
1.8333019	2741.3462
1.8371414	2733.4026
1.8409807	2738.8169
1.84482	2743.7156
1.8486595	2741.4204
1.8524988	2733.9893
1.8563381	2729.5801
1.8601776	2743.4954
1.8640169	2731.6455
1.8678564	2730.8103
1.8716957	2760.0637
1.875535	2781.3008
1.8793745	2783.8906
1.8832138	2789.6995
1.8870533	2749.7861
1.8908926	2684.7852
1.8947319	2652.2419
1.8985714	2604.0225
1.9024107	2556.4744
1.9062502	2528.7153
1.9100895	2499.7634
1.9139288	2448.1909
1.9177683	2412.7986
1.9216076	2380.6943
1.9254469	2335.1296
1.9292864	2305.3306
1.9331257	2275.7969
1.9369652	2235.1929
1.9408045	2195.0403
1.9446438	2170.7544
1.9484833	2130.4138
1.9523226	2099.5144
1.9561621	2062.1509
1.9600014	2024.3422
1.9638407	1983.9048
1.9676802	1949.5162
1.9715195	1918.1442
1.9753588	1869.7296
1.9791983	1838.1885
1.9830376	1803.7882
1.9868771	1763.4553
1.9907164	1725.2792
1.9945557	1682.554
1.9983952	1648.7942
2.0022345	1627.9907
2.006074	1609.649
2.0099133	1587.6538
2.0137526	1564.3247
2.017592	1534.9633
2.0214314	1508.467
2.0252707	1468.2439
2.0291101	1437.48
2.0329494	1408.6273
2.0367889	1370.0715
2.0406282	1342.3677
2.0444675	1313.2489
2.048307	1297.4205
2.0521463	1285.4817
2.0559858	1272.7736
2.0598251	1253.9187
2.0636644	1233.5076
2.0675039	1215.9578
2.0713432	1193.1476
2.0751827	1180.6776
2.079022	1161.9467
2.0828613	1158.0549
2.0867008	1141.4364
2.0905401	1126.2854
2.0943794	1111.5938
2.0982189	1093.7339
2.1020582	1083.8383
2.1058977	1066.5681
2.109737	1056.3832
2.1135763	1050.9196
2.1174158	1041.3615
2.1212551	1034.801
2.1250946	1021.175
2.1289339	1004.7793
2.1327732	995.95764
2.1366127	988.4201
2.140452	980.76807
2.1442913	976.13617
2.1481308	961.77203
2.1519701	946.55548
2.1558096	933.65247
2.1596489	920.84894
2.1634882	901.33759
2.1673277	898.42773
2.171167	895.8385
2.1750065	886.17896
2.1788458	886.65247
2.1826851	871.61176
2.1865246	867.48743
2.1903639	868.79791
2.1942034	866.07306
2.1980427	862.25574
2.201882	856.72675
2.2057215	847.90515
2.2095608	847.77142
2.2134001	837.284
2.2172396	827.36731
2.2210789	823.39374
2.2249184	816.45239
2.2287577	818.58221
2.232597	812.00287
2.2364365	806.26471
2.2402758	799.94653
2.2441153	797.53906
2.2479546	799.27295
2.2517939	804.93958
2.2556334	809.01062
2.2594727	804.51086
2.263312	805.5304
2.2671515	799.08398
2.2709908	791.90619
2.2748302	785.50421
2.2786695	768.87744
2.2825089	771.62476
2.2863483	763.36719
2.2901876	765.54932
2.2940271	765.01019
2.2978664	755.7431
2.3017057	761.01837
2.3055452	759.98572
2.3093845	765.80518
2.3132238	769.86115
2.3170633	768.24707
2.3209026	770.46729
2.3247421	765.65826
2.3285814	764.58868
2.3324207	761.02234
2.3362602	755.40747
2.3400995	758.37518
2.343939	759.15063
2.3477783	761.40253
2.3516176	759.35632
2.3554571	748.92731
2.3592964	743.35565
2.3631359	731.32562
2.3669752	726.36438
2.3708145	728.1748
2.374654	731.85596
2.3784933	750.92798
2.3823326	751.58453
2.3861721	749.55267
2.3900114	750.03296
2.3938509	740.85449
2.3976902	745.66974
2.4015295	746.11554
2.405369	744.47632
2.4092083	749.04169
2.4130478	743.64978
2.4168871	747.21594
2.4207264	756.78949
2.4245659	750.61401
2.4284052	750.96362
2.4322445	741.26862
2.436084	725.86755
2.4399233	725.71747
2.4437628	718.59241
2.4476021	716.19159
2.4514414	712.22382
2.4552809	701.24695
2.4591202	700.69666
2.4629597	699.59576
2.466799	700.00507
2.4706383	704.60358
2.4744778	705.00128
2.4783171	704.81097
2.4821566	707.62189
2.4859959	706.69617
2.4898352	699.96234
2.4936747	703.68829
2.497514	707.63751
2.5013533	710.66803
2.5051928	716.38458
2.5090321	716.53479
2.5128716	710.28888
2.5167109	706.30536
2.5205502	700.2179
2.5243896	690.06689
2.528229	693.39264
2.5320684	697.60345
2.5359077	703.10065
2.539747	700.44714
2.5435865	700.02637
2.5474258	696.53107
2.5512651	692.21246
2.5551046	697.80273
2.5589439	700.11914
2.5627834	702.3548
2.5666227	707.58136
2.570462	704.33929
2.5743015	699.14111
2.5781408	706.73328
2.5819803	711.79919
2.5858196	719.33551
2.5896589	724.98993
2.5934984	729.70184
2.5973377	726.53766
2.6011772	729.76678
2.6050165	716.46857
2.6088558	710.20343
2.6126953	714.55774
2.6165346	715.14508
2.6203739	715.75177
2.6242134	716.08264
2.6280527	705.16577
2.6318922	703.99713
2.6357315	698.17249
2.6395708	687.88934
2.6434103	687.7627
2.6472496	693.63788
2.6510891	698.46527
2.6549284	705.61633
2.6587677	691.56989
2.6626072	674.12036
2.6664465	654.89655
2.6702858	652.08044
2.6741253	654.53192
2.6779646	663.90454
2.6818041	673.26263
2.6856434	672.96674
2.6894827	679.0329
2.6933222	680.88275
2.6971615	682.30322
2.701001	682.13983
2.7048403	678.81488
2.7086796	674.45203
2.7125191	682.2674
2.7163584	682.9187
2.7201977	687.06091
2.7240372	683.63965
2.7278765	687.91443
2.731716	695.31647
2.7355553	700.25812
2.7393946	698.79205
2.7432341	689.17749
2.7470734	678.24548
2.7509129	672.38757
2.7547522	672.92566
2.7585915	679.55731
2.762431	686.25806
2.7662703	696.41339
2.7701097	689.74194
2.7739491	688.86102
2.7777884	689.69391
2.7816278	689.68146
2.7854671	706.32587
2.7893064	706.78705
2.7931459	710.57538
2.7969852	714.04633
2.8008247	714.06482
2.804664	715.18323
2.8085033	715.35181
2.8123428	716.85913
2.8161821	723.05664
2.8200216	732.47919
2.8238609	738.32825
2.8277002	737.44312
2.8315397	733.57654
2.835379	722.43317
2.8392183	713.57629
2.8430578	707.24268
2.8468971	704.5451
2.8507366	699.97693
2.8545759	701.65192
2.8584152	703.60168
2.8622547	708.98425
2.866094	723.47278
2.8699335	726.53516
2.8737728	731.99915
2.8776121	733.76874
2.8814516	734.31348
2.8852909	739.80243
2.8891304	747.9743
2.8929697	747.83398
2.896809	747.05811
2.9006485	751.81995
2.9044878	754.63513
2.9083271	764.04382
2.9121666	769.52802
2.9160059	773.3158
2.9198454	777.89404
2.9236847	778.63892
2.927524	784.49255
2.9313635	785.38507
2.9352028	792.9989
2.9390423	801.47699
2.9428816	803.71484
2.9467209	814.21967
2.9505604	822.71802
2.9543997	831.26776
2.958239	848.75714
2.9620785	853.50684
2.9659178	853.27112
2.9697573	850.513
2.9735966	841.90192
2.9774359	850.73792
2.9812754	856.65906
2.9851147	861.18274
2.9889542	861.85059
2.9927935	864.55939
2.9966328	867.16895
3.0004723	871.62543
3.0043116	880.47388
3.0081509	881.75128
3.0119904	878.14648
3.0158297	872.73627
3.0196692	872.94531
3.0235085	877.79218
3.0273478	883.89893
3.0311872	883.0354
3.0350266	873.9325
3.038866	863.91077
3.0427053	861.60541
3.0465446	859.6347
3.0503841	856.31616
3.0542234	851.88257
3.0580629	846.93805
3.0619022	839.33228
3.0657415	837.20349
3.069581	832.73157
3.0734203	829.88837
3.0772596	832.47284
3.0810991	831.5813
3.0849384	833.43884
3.0887779	838.3493
3.0926172	835.89191
3.0964565	829.06946
3.100296	824.91028
3.1041353	814.96954
3.1079748	817.24304
3.1118141	822.18555
3.1156534	825.75427
3.1194929	820.2804
3.1233322	813.49786
3.1271715	813.28381
3.131011	813.89502
3.1348503	821.13947
3.1386898	820.72467
3.1425291	810.59369
3.1463684	802.5376
3.1502079	792.40515
3.1540472	791.30469
3.1578867	783.63873
3.161726	781.43958
3.1655653	783.57959
3.1694048	775.95477
3.1732441	783.81262
3.1770836	783.74597
3.1809229	774.61743
3.1847622	774.84985
3.1886017	775.20679
3.192441	777.08612
3.1962803	777.24432
3.2001198	774.2915
3.2039593	765.10919
3.2077984	761.12805
3.2116379	759.84412
3.2154774	757.69238
3.2193165	754.78534
3.223156	758.6593
3.2269955	767.4046
3.2308346	761.42542
3.2346741	763.65515
3.2385136	758.86395
3.2423531	751.25854
3.2461922	750.71075
3.2500317	753.4295
3.2538712	756.54285
3.2577103	759.77722
3.2615498	756.17755
3.2653893	756.42914
3.2692284	749.69415
3.2730679	750.19861
3.2769073	759.58948
3.2807465	760.81207
3.284586	760.12653
3.2884254	756.3277
3.2922649	754.49255
3.296104	752.30225
3.2999435	757.52057
3.303783	747.54968
3.3076221	742.72406
3.3114616	742.08868
3.3153011	741.0061
3.3191402	740.23962
3.3229797	737.04431
3.3268192	730.12372
3.3306583	722.02869
3.3344978	720.56726
3.3383373	726.47815
3.3421768	733.16876
3.3460159	741.24744
3.3498554	740.74725
3.3536949	738.56268
3.357534	744.18732
3.3613735	740.1778
3.365213	745.1073
3.3690521	746.54053
3.3728916	747.84753
3.3767311	748.45557
3.3805706	750.45068
3.3844097	749.75323
3.3882492	752.17181
3.3920887	757.91168
3.3959278	753.21826
3.3997673	746.06525
3.4036068	739.41333
3.4074459	732.77673
3.4112854	731.15082
3.4151249	725.46216
3.418964	728.35541
3.4228035	723.21149
3.426643	725.52692
3.4304825	722.48071
3.4343216	725.14722
3.4381611	736.66162
3.4420006	742.91992
3.4458397	754.38562
3.4496792	752.66583
3.4535187	754.31793
3.4573578	752.72284
3.4611973	742.32501
3.4650368	733.10968
3.4688759	724.41821
3.4727154	725.72681
3.4765549	728.74316
3.4803944	732.94263
3.4842335	729.23785
3.488073	727.97864
3.4919125	729.22028
3.4957516	743.02667
3.4995911	754.69464
3.5034306	751.87494
3.5072697	744.49377
3.5111092	731.15021
3.5149487	734.11285
3.5187878	739.9837
3.5226273	744.97119
3.5264668	738.39093
3.5303062	722.23419
3.5341454	715.73865
3.5379848	718.37598
3.5418243	732.31512
3.5456635	745.72302
3.5495029	749.14795
3.5533424	748.57153
3.5571815	749.85895
3.561021	750.40594
3.5648605	752.24249
3.5686996	756.88342
3.5725391	753.39001
3.5763786	753.80731
3.5802181	751.05664
3.5840572	750.57654
3.5878967	750.28589
3.5917362	748.9704
3.5955753	747.0611
3.5994148	750.81592
3.6032543	751.4975
3.6070934	746.07568
3.6109329	744.92078
3.6147724	739.98309
3.6186115	740.78131
3.622451	746.23267
3.6262905	748.03851
3.63013	752.70947
3.6339691	753.38678
3.6378086	756.33997
3.6416481	754.66907
3.6454872	756.55676
3.6493267	754.32013
3.6531662	753.92297
3.6570053	757.75806
3.6608448	754.11237
3.6646843	754.29401
3.6685238	757.55695
3.6723629	758.91522
3.6762024	753.69385
3.6800419	742.67163
3.683881	742.90704
3.6877205	747.9895
3.69156	757.62714
3.6953991	757.2337
3.6992386	752.5672
3.7030781	754.48798
3.7069172	756.36554
3.7107567	755.94434
3.7145962	752.37012
3.7184357	752.65613
3.7222748	754.70306
3.7261143	748.1059
3.7299538	751.65771
3.7337929	748.43024
3.7376324	746.08795
3.7414719	746.64575
3.745311	746.57758
3.7491505	746.59558
3.75299	747.36981
3.7568291	743.12109
3.7606686	742.0473
3.7645081	738.64661
3.7683475	744.00763
3.7721867	748.75806
3.7760262	753.3833
3.7798656	757.82355
3.7837048	757.25659
3.7875443	751.93713
3.7913837	750.98584
3.7952229	740.68481
3.7990623	737.51007
3.8029018	728.70599
3.806741	725.92865
3.8105804	728.78094
3.8144199	730.81049
3.8182594	725.06183
3.8220985	718.91656
3.825938	722.52374
3.8297775	725.51257
3.8336166	737.49457
3.8374561	741.38574
3.8412956	730.64514
3.8451347	728.07281
3.8489742	730.62061
3.8528137	728.85541
3.8566528	728.34332
3.8604923	727.11169
3.8643318	718.80426
3.8681713	714.57147
3.8720104	717.89722
3.8758499	717.552
3.8796894	724.30597
3.8835285	725.57568
3.887368	718.0083
3.8912075	702.35663
3.8950466	693.52582
3.8988861	685.29254
3.9027256	687.82599
3.9065647	696.23444
3.9104042	695.93738
3.9142437	702.96216
3.9180832	696.37488
3.9219223	690.33374
3.9257618	689.58795
3.9296013	696.51001
3.9334404	698.59033
3.9372799	694.53571
3.9411194	693.698
3.9449585	695.25983
3.948798	702.36523
3.9526375	701.86877
3.956477	694.48767
3.9603161	688.32196
3.9641556	681.88928
3.9679951	680.6424
3.9718342	681.41089
3.9756737	675.26801
3.9795132	676.8468
3.9833523	672.58527
3.9871918	673.25507
3.9910313	670.76282
3.9948704	665.16284
3.9987099	660.17816
4.0025494	660.91779
4.0063889	671.10284
4.010228	674.26556
4.0140675	681.12238
4.017907	677.30151
4.0217461	672.91919
4.0255856	669.77167
4.029425	668.15497
4.0332642	667.96289
4.0371037	667.62677
4.0409431	662.51941
4.0447823	660.77124
4.0486217	657.38715
4.0524612	662.25562
4.0563007	664.16199
4.0601398	666.10907
4.0639793	669.62878
4.0678188	674.82935
4.0716579	671.82831
4.0754974	675.8136
4.0793369	672.17273
4.083176	665.99463
4.0870155	663.72247
4.090855	653.78931
4.0946941	655.60883
4.0985336	656.97546
4.1023731	667.68164
4.1062126	676.70172
4.1100517	684.67841
4.1138912	686.04547
4.1177307	685.25494
4.1215698	679.94171
4.1254093	670.74402
4.1292488	669.05865
4.1330879	665.71149
4.1369274	668.06494
4.1407669	665.33722
4.144606	660.4527
4.1484455	660.65045
4.152285	666.73981
4.1561245	663.59442
4.1599636	660.89453
4.1638031	656.01874
4.1676426	661.03363
4.1714817	662.67584
4.1753212	660.841
4.1791607	654.97003
4.1829998	649.47095
4.1868393	655.73792
4.1906788	657.48828
4.1945179	661.4657
4.1983574	661.77063
4.2021969	661.81793
4.2060364	656.39111
4.2098755	650.29132
4.213715	646.922
4.2175545	642.80389
4.2213936	653.99188
4.2252331	647.62018
4.2290726	648.49298
4.2329117	653.57892
4.2367512	656.00452
4.2405907	662.46759
4.2444302	657.90552
4.2482693	647.54797
4.2521088	638.80841
4.2559483	644.65503
4.2597874	643.23505
4.2636269	653.82397
4.2674664	651.92059
4.2713055	648.18591
4.275145	642.41339
4.2789845	650.9212
4.2828236	650.81036
4.2866631	648.93726
4.2905025	647.52844
4.294342	637.25604
4.2981812	639.68774
4.3020206	644.67505
4.3058601	651.21698
4.3096992	663.38885
4.3135387	659.80389
4.3173782	658.79291
4.3212173	645.1795
4.3250568	644.93365
4.3288963	648.81445
4.3327354	652.63409
4.3365749	661.02075
4.3404144	667.25983
4.3442539	668.53394
4.348093	663.62408
4.3519325	662.1687
4.355772	653.15619
4.3596111	646.78741
4.3634506	644.7832
4.3672901	639.93176
4.3711292	644.2168
4.3749687	640.6897
4.3788082	646.18207
4.3826473	644.29321
4.3864868	644.59772
4.3903263	647.71002
4.3941658	649.3559
4.3980049	645.1748
4.4018444	654.77411
4.4056839	644.01697
4.409523	637.38348
4.4133625	636.74603
4.417202	622.74481
4.4210411	630.1142
4.4248806	635.64697
4.4287201	641.64508
4.4325592	648.09241
4.4363987	645.40961
4.4402382	649.37683
4.4440777	638.17151
4.4479168	639.41443
4.4517563	637.71252
4.4555958	646.43176
4.4594349	656.87018
4.4632744	651.64398
4.4671139	646.07593
4.470953	636.82666
4.4747925	637.48767
4.478632	639.71887
4.4824711	643.12537
4.4863106	642.26312
4.4901501	640.29407
4.4939896	640.03894
4.4978287	642.58655
4.5016682	642.56018
4.5055077	643.11346
4.5093468	640.00897
4.5131863	642.87738
4.5170258	640.9754
4.5208649	642.86877
4.5247044	644.48059
4.5285439	650.39099
4.5323833	654.82947
4.5362225	649.63263
4.540062	654.14679
4.5439014	652.90875
4.5477406	658.67163
4.55158	657.30682
4.5554195	655.54877
4.5592587	657.05908
4.5630981	654.3681
4.5669376	658.51318
4.5707767	659.90808
4.5746162	657.64801
4.5784557	650.9516
4.5822952	646.65045
4.5861343	636.94958
4.5899738	636.33655
4.5938133	639.47339
4.5976524	637.38348
4.6014919	642.11456
4.6053314	643.18964
4.6091705	637.15961
4.61301	633.17133
4.6168495	633.03552
4.6206886	632.46454
4.6245281	645.28632
4.6283676	643.20203
4.6322071	645.85669
4.6360462	638.81421
4.6398857	640.37115
4.6437252	641.48248
4.6475643	637.03418
4.6514038	639.7417
4.6552433	631.90588
4.6590824	629.82092
4.6629219	635.32782
4.6667614	633.08167
4.6706005	639.87885
4.67444	635.77191
4.6782795	638.71179
4.682119	633.11829
4.6859581	634.70923
4.6897976	625.20001
4.6936371	629.47461
4.6974762	634.04669
4.7013157	623.48065
4.7051552	616.10828
4.7089943	606.05048
4.7128338	602.60193
4.7166733	614.15912
4.7205124	623.38928
4.7243519	624.05341
4.7281914	633.42462
4.7320309	638.65631
4.73587	643.32092
4.7397095	644.703
4.743549	636.02234
4.7473881	633.92041
4.7512276	628.31531
4.7550671	629.57001
4.7589062	620.41132
4.7627457	617.53162
4.7665852	612.97015
4.7704243	618.24542
4.7742638	615.40308
4.7781033	612.40979
4.7819427	619.26324
4.7857819	622.11609
4.7896214	633.66595
4.7934608	633.00275
4.7973	632.60126
4.8011395	637.16235
4.8049789	637.06915
4.8088181	626.88513
4.8126575	624.20929
4.816497	628.70782
4.8203365	635.36829
4.8241756	635.45996
4.8280151	626.93286
4.8318546	617.32343
4.8356937	617.10352
4.8395332	617.50513
4.8433727	615.01447
4.8472118	615.13721
4.8510513	620.86273
4.8548908	621.06702
4.8587299	613.93042
4.8625694	606.13538
4.8664089	604.50812
4.8702484	610.55658
4.8740875	613.31561
4.877927	606.33154
4.8817665	601.3338
4.8856056	602.43518
4.8894451	608.38947
4.8932846	614.19916
4.8971237	608.18994
4.9009632	611.60193
4.9048027	618.78168
4.9086418	621.53204
4.9124813	626.93036
4.9163208	617.83594
4.9201603	606.10944
4.9239994	605.93585
4.9278389	595.81647
4.9316784	595.62659
4.9355175	600.60107
4.939357	603.32446
4.9431965	622.65717
4.9470356	616.58392
4.9508751	615.09869
4.9547146	610.53711
4.9585537	603.40668
4.9623932	605.93158
4.9662327	610.17639
4.9700722	600.70728
4.9739113	607.69659
4.9777508	607.37262
4.9815903	607.95587
4.9854294	607.92761
4.9892689	595.37598
4.9931084	595.92841
4.9969475	599.19452
5.000787	602.95038
5.0046265	601.86206
5.0084656	595.32318
5.0123051	595.3786
5.0161446	599.43097
5.0199841	610.31079
5.0238232	617.11017
5.0276627	612.8269
5.0315022	603.44714
5.0353413	595.81555
5.0391808	603.44128
5.0430202	610.36102
5.0468594	611.46429
5.0506989	608.34985
5.0545383	600.74335
5.0583778	603.06738
5.0622169	608.5838
5.0660564	609.59741
5.0698959	612.8147
5.073735	614.89349
5.0775745	615.31116
5.081414	615.73834
5.0852531	614.19647
5.0890926	614.00305
5.0929321	612.12286
5.0967712	611.26782
5.1006107	609.43256
5.1044502	607.8501
5.1082897	606.396
5.1121288	601.66705
5.1159683	606.72461
5.1198078	608.15985
5.1236469	618.74219
5.1274864	624.01648
5.1313259	619.99756
5.135165	623.80261
5.1390045	612.03723
5.142844	617.60968
5.1466831	619.76227
5.1505226	622.0791
5.1543621	629.36975
5.1582016	633.94147
5.1620407	633.1344
5.1658802	633.7923
5.1697197	628.28687
5.1735588	619.35254
5.1773983	609.85077
5.1812378	605.74072
5.1850769	606.23267
5.1889164	619.02368
5.1927559	622.81226
5.196595	623.58917
5.2004345	611.65369
5.204274	615.10474
5.2081135	610.71338
5.2119526	611.39624
5.2157921	602.58862
5.2196316	599.59326
5.2234707	600.06665
5.2273102	603.40558
5.2311497	601.59601
5.2349888	596.15546
5.2388283	596.04846
5.2426678	593.90692
5.2465069	601.92371
5.2503464	602.0575
5.2541859	609.33051
5.2580254	612.64532
5.2618645	614.16113
5.265704	615.87653
5.2695435	616.11877
5.2733826	608.96582
5.2772221	602.55591
5.2810616	600.07501
5.2849007	596.1767
5.2887402	592.05188
5.2925797	600.75195
5.2964188	609.34424
5.3002583	622.62134
5.3040977	624.27234
5.3079372	625.85791
5.3117764	613.71484
5.3156158	614.22833
5.3194553	613.81335
5.3232944	613.18445
5.3271339	617.74109
5.3309734	610.48999
5.3348125	612.57611
5.338652	608.24945
5.3424915	604.28998
5.346331	592.47247
5.3501701	583.31067
5.3540096	580.46448
5.3578491	581.54932
5.3616882	591.03577
5.3655277	592.35291
5.3693672	597.50983
5.3732063	595.55255
5.3770458	598.21631
5.3808853	600.88391
5.3847244	603.06293
5.3885639	602.92181
5.3924034	601.55652
5.3962429	604.87872
5.400082	599.13452
5.4039215	605.45062
5.407761	600.15027
5.4116001	596.77966
5.4154396	593.1781
5.4192791	586.16846
5.4231182	590.51001
5.4269577	595.88873
5.4307972	596.82111
5.4346363	587.75336
5.4384758	578.24701
5.4423153	570.95502
5.4461548	574.20734
5.4499939	581.16937
5.4538334	591.50958
5.4576729	594.5451
5.461512	593.29303
5.4653515	585.49707
5.469191	582.52234
5.4730301	569.46521
5.4768696	563.95288
5.4807091	567.55212
5.4845482	575.62421
5.4883877	589.4104
5.4922272	600.59827
5.4960667	600.40399
5.4999058	604.31689
5.5037453	605.27393
5.5075848	617.41614
5.5114239	619.39429
5.5152634	616.64551
5.5191029	601.54797
5.522942	594.10938
5.5267815	588.14276
5.530621	585.22382
5.5344601	588.36188
5.5382996	589.27191
5.5421391	588.77319
5.5459785	587.35718
5.5498177	578.36505
5.5536572	579.58472
5.5574966	585.4234
5.5613358	591.91797
5.5651752	601.84174
5.5690147	598.17383
5.5728539	592.36444
5.5766933	591.19287
5.5805328	590.84015
5.5843719	599.39606
5.5882114	601.43817
5.5920509	593.75256
5.5958904	588.69135
5.5997295	585.21313
5.603569	582.6897
5.6074085	580.03918
5.6112476	571.56726
5.6150871	576.38654
5.6189266	582.25848
5.6227657	581.09601
5.6266052	587.53473
5.6304447	587.92926
5.6342842	590.32489
5.6381233	577.03857
5.6419628	559.94788
5.6458023	556.09222
5.6496414	554.45874
5.6534809	562.79523
5.6573204	562.38068
5.6611595	559.59906
5.664999	566.12897
5.6688385	566.55249
5.6726776	581.51166
5.6765171	574.68353
5.6803566	580.35742
5.6841961	574.16364
5.6880352	571.24506
5.6918747	572.31238
5.6957142	563.42755
5.6995533	563.99622
5.7033928	571.21338
5.7072323	575.07172
5.7110714	575.17346
5.7149109	572.1004
5.7187504	575.21576
5.7225895	582.07178
5.726429	579.44104
5.7302685	577.00867
5.734108	574.89587
5.7379471	579.28217
5.7417866	574.74579
5.7456261	567.68707
5.7494652	571.68335
5.7533047	573.84381
5.7571442	578.61603
5.7609833	567.56171
5.7648228	565.4455
5.7686623	561.0722
5.7725014	557.12415
5.7763409	555.16394
5.7801804	561.19061
5.7840199	574.79425
5.787859	580.12317
5.7916985	579.54211
5.7955379	568.62012
5.7993771	564.39246
5.8032166	564.18573
5.807056	564.34442
5.8108952	575.24255
5.8147346	578.02979
5.8185741	579.35187
5.8224133	568.4278
5.8262527	565.49664
5.8300922	562.73907
5.8339317	560.01526
5.8377708	552.26788
5.8416103	558.4726
5.8454498	560.44659
5.8492889	574.77374
5.8531284	573.58832
5.8569679	569.86346
5.860807	569.43237
5.8646465	571.21649
5.868486	572.02002
5.8723251	567.17108
5.8761646	559.2287
5.8800041	553.55518
5.8838436	552.52734
5.8876827	564.99097
5.8915222	578.54315
5.8953617	583.67615
5.8992008	574.66461
5.9030403	568.47351
5.9068798	560.9151
5.9107189	558.37256
5.9145584	555.24731
5.9183979	563.03296
5.9222374	566.86542
5.9260765	568.8996
5.929916	561.49139
5.9337555	564.38721
5.9375946	558.34918
5.9414341	558.25629
5.9452736	560.97412
5.9491127	559.9212
5.9529522	566.83826
5.9567917	557.71112
5.9606308	546.74976
5.9644703	535.25391
5.9683098	541.24023
5.9721493	550.72198
5.9759884	561.50665
5.9798279	563.92261
5.9836674	561.13684
5.9875065	562.11407
5.991346	557.94958
5.9951855	553.82129
5.9990246	552.00665
6.0028641	546.93634
6.0067036	549.5918
6.0105427	550.96564
6.0143822	550.70966
6.0182217	555.81116
6.0220612	549.37665
6.0259003	547.66736
6.0297398	546.19159
6.0335793	550.55389
6.0374184	561.3432
6.0412579	557.35358
6.0450974	562.62823
6.0489365	561.12164
6.052776	564.96759
6.0566154	563.51581
6.0604546	557.67657
6.0642941	556.80481
6.0681335	557.92712
6.071973	559.9234
6.0758121	562.12836
6.0796516	564.2467
6.0834911	563.49762
6.0873302	559.87628
6.0911697	555.50214
6.0950092	560.10535
6.0988483	561.46027
6.1026878	569.61603
6.1065273	581.88837
6.1103664	589.35254
6.1142059	585.22858
6.1180454	568.91071
6.1218849	562.75806
6.125724	557.40497
6.1295635	566.65259
6.133403	562.65112
6.1372421	563.58392
6.1410816	548.78644
6.1449211	550.72534
6.1487602	545.61572
6.1525997	543.39447
6.1564392	542.28876
6.1602783	528.05383
6.1641178	521.86786
6.1679573	530.78607
6.1717968	541.16699
6.1756359	559.13757
6.1794754	565.94513
6.1833149	566.98126
6.187154	555.48419
6.1909935	559.58795
6.194833	550.88074
6.1986721	552.09442
6.2025116	550.29443
6.2063511	538.4834
6.2101906	539.93304
6.2140297	536.41302
6.2178692	534.9649
6.2217087	528.30048
6.2255478	525.86304
6.2293873	527.49304
6.2332268	540.66187
6.2370659	540.9845
6.2409054	548.73859
6.2447449	549.60248
6.248584	551.55896
6.2524235	546.35999
6.256263	544.16888
6.2601025	545.79956
6.2639416	549.23651
6.2677811	556.91571
6.2716206	561.54236
6.2754597	562.29767
6.2792992	559.67737
6.2831387	551.11328
6.2869778	542.83752
6.2908173	536.29889
6.2946568	529.87927
6.2984959	535.64368
6.3023354	537.61414
6.3061749	546.16107
6.3100143	551.68481
6.3138535	549.49316
6.3176929	547.8028
6.3215324	542.30707
6.3253716	550.64532
6.329211	560.15125
6.3330505	558.90961
6.3368896	561.73474
6.3407291	554.45752
6.3445686	547.8938
6.3484077	535.93353
6.3522472	532.21021
6.3560867	537.77362
6.3599262	542.31525
6.3637653	547.94556
6.3676048	546.63403
6.3714443	541.13281
6.3752834	543.6062
6.3791229	542.80389
6.3829624	551.6358
6.3868015	555.14325
6.390641	557.9173
6.3944805	560.06317
6.3983196	566.34253
6.4021591	566.20154
6.4059982	559.5097
6.4098381	559.29883
6.4136772	540.5719
6.4175163	539.65631
6.4213562	534.55103
6.4251953	543.22388
6.4290352	558.59692
6.4328743	558.62708
6.4367134	559.69537
6.4405533	562.21661
6.4443924	565.89191
6.4482315	570.86121
6.4520714	563.38971
6.4559105	567.07391
6.4597496	558.68524
6.4635895	557.86957
6.4674286	549.70453
6.4712677	545.59576
6.4751076	545.02588
6.4789467	546.45001
6.4827858	550.36731
6.4866257	554.69592
6.4904648	542.65259
6.4943039	542.95361
6.4981438	540.4231
6.5019829	553.2356
6.505822	549.0885
6.5096619	552.29254
6.513501	555.53613
6.5173401	561.19147
6.52118	561.12921
6.5250191	551.76697
6.5288589	542.9707
6.5326981	535.47601
6.5365372	532.23425
6.540377	537.59625
6.5442162	543.06293
6.5480553	540.00995
6.5518951	528.27991
6.5557343	524.62598
6.5595734	529.48779
6.5634132	547.01056
6.5672523	550.22217
6.5710915	539.86548
6.5749313	524.04303
6.5787704	511.88269
6.5826096	507.96649
6.5864494	519.48108
6.5902885	521.02563
6.5941277	526.33765
6.5979675	524.14948
6.6018066	528.73517
6.6056458	536.55121
6.6094856	544.69934
6.6133247	537.77203
6.6171646	533.6095
6.6210037	531.19861
6.6248428	532.34406
6.6286827	537.09674
6.6325218	528.22913
6.6363609	525.45874
6.6402008	523.16797
6.6440399	521.60815
6.647879	525.34113
6.6517189	519.97485
6.655558	532.05615
6.6593971	532.5332
6.663237	530.69135
6.6670761	535.25256
6.6709152	546.34283
6.6747551	553.3465
6.6785942	544.62317
6.6824333	521.68237
6.6862732	531.73071
6.6901123	537.66071
6.6939514	547.30365
6.6977913	533.98901
6.7016304	525.08203
6.7054695	522.43286
6.7093094	527.46417
6.7131485	529.64728
6.7169884	520.25891
6.7208275	522.69824
6.7246666	514.9256
6.7285065	526.23395
6.7323456	527.40546
6.7361847	531.84564
6.7400246	526.55688
6.7438637	514.55237
6.7477028	514.3717
6.7515427	516.72076
6.7553818	529.19348
6.7592209	533.90125
6.7630608	532.4552
6.7668999	533.19177
6.770739	547.88239
6.7745789	555.49622
6.778418	549.47937
6.7822571	531.30896
6.786097	522.60236
6.7899361	515.78186
6.7937752	513.79492
6.7976151	520.01202
6.8014542	528.5174
6.8052933	532.52759
6.8091331	530.61011
6.8129723	531.12598
6.8168121	526.84485
6.8206512	522.99078
6.8244904	517.75848
6.8283302	522.80237
6.8321693	526.99493
6.8360085	531.24457
6.8398483	535.04913
6.8436874	533.61127
6.8475266	537.7757
6.8513664	536.88751
6.8552055	533.12866
6.8590446	535.02002
6.8628845	524.72632
6.8667236	521.93237
6.8705627	512.45221
6.8744026	520.37958
6.8782417	528.90302
6.8820808	541.42993
6.8859207	539.49652
6.8897598	533.41742
6.8935989	532.1496
6.8974388	538.23029
6.9012779	538.77209
6.9051178	533.7384
6.9089569	526.23639
6.912796	523.44312
6.9166359	527.49384
6.920475	525.26703
6.9243141	524.18994
6.928154	526.05103
6.9319931	515.65588
6.9358322	517.37207
6.9396721	509.68951
6.9435112	512.59406
6.9473503	510.75262
6.9511902	521.18427
6.9550293	522.94171
6.9588684	528.66736
6.9627083	511.9292
6.9665474	508.57346
6.9703865	512.62366
6.9742264	512.297
6.9780655	514.2796
6.9819046	517.04395
6.9857445	523.44324
6.9895836	530.15692
6.9934227	528.46204
6.9972626	535.6452
7.0011017	535.51947
7.0049416	529.72479
7.0087807	518.22522
7.0126198	513.60864
7.0164597	517.42108
7.0202988	520.43329
7.0241379	520.43121
7.0279778	514.23633
7.0318169	506.98383
7.035656	511.54236
7.0394958	512.95831
7.043335	517.75397
7.0471741	510.64447
7.0510139	506.63168
7.0548531	512.38464
7.0586922	531.99487
7.062532	546.71338
7.0663712	544.10529
7.0702103	533.48914
7.0740501	526.93909
7.0778893	526.67059
7.0817284	534.02594
7.0855682	525.07709
7.0894073	528.80731
7.0932465	529.08191
7.0970863	536.00287
7.1009254	547.39032
7.1047653	551.14172
7.1086044	551.2616
7.1124435	555.15564
7.1162834	549.29291
7.1201225	542.38904
7.1239616	525.3562
7.1278015	516.30011
7.1316406	514.49304
7.1354797	517.43237
7.1393196	507.52417
7.1431587	504.57593
7.1469978	498.79593
7.1508377	514.57153
7.1546768	524.96155
7.1585159	536.66791
7.1623558	539.06732
7.1661949	537.39874
7.170034	538.73688
7.1738739	541.16461
7.177713	534.43091
7.1815521	527.59247
7.185392	519.88397
7.1892311	519.51764
7.193071	523.47253
7.1969101	520.0448
7.2007492	528.67755
7.2045891	526.41089
7.2084282	522.2135
7.2122673	516.2309
7.2161072	522.15186
7.2199463	522.78009
7.2237854	520.427
7.2276253	516.41248
7.2314644	513.93005
7.2353035	511.12354
7.2391434	504.94611
7.2429825	501.23502
7.2468216	506.9213
7.2506615	504.46005
7.2545006	501.23123
7.2583397	499.33395
7.2621796	500.07553
7.2660187	514.02539
7.2698578	510.62778
7.2736977	505.3233
7.2775368	503.45615
7.2813759	509.32071
7.2852158	520.56195
7.2890549	517.8819
7.2928947	520.18433
7.2967339	524.79846
7.300573	518.14655
7.3044128	502.28497
7.308252	486.66782
7.3120911	479.33823
7.3159309	490.1911
7.3197701	503.79175
7.3236092	527.44537
7.327449	532.29926
7.3312881	527.68109
7.3351273	508.76697
7.3389671	505.3605
7.3428062	510.26913
7.3466454	513.11224
7.3504852	516.17822
7.3543243	508.08588
7.3581635	497.68686
7.3620033	486.32507
7.3658424	473.88629
7.3696815	487.04831
7.3735214	488.95575
7.3773605	500.6272
7.3811996	497.0827
7.3850395	505.79294
7.3888786	504.76907
7.3927185	501.8526
7.3965576	496.71075
7.4003967	494.8175
7.4042366	501.05203
7.4080757	498.86108
7.4119148	500.33939
7.4157547	499.00787
7.4195938	493.88748
7.4234329	491.42432
7.4272728	491.03088
7.4311119	494.77899
7.434951	499.78162
7.4387909	503.6626
7.44263	510.36026
7.4464691	512.14404
7.450309	509.59143
7.4541481	500.82959
7.4579872	501.11597
7.4618271	506.18079
7.4656662	508.30063
7.4695053	504.05579
7.4733452	492.61368
7.4771843	492.4913
7.4810242	481.14359
7.4848633	496.47763
7.4887024	497.6539
7.4925423	507.54825
7.4963814	490.21609
7.5002205	481.52472
7.5040604	480.81964
7.5078995	483.60529
7.5117386	475.39014
7.5155785	476.22049
7.5194176	467.99344
7.5232567	466.96277
7.5270966	463.6907
7.5309357	472.75928
7.5347748	484.1424
7.5386147	487.21933
7.5424538	496.12399
7.5462929	499.56503
7.5501328	493.57138
7.5539719	483.94302
7.557811	486.5593
7.5616508	498.73959
7.56549	509.17407
7.5693291	507.89835
7.5731689	492.47287
7.5770081	483.10062
7.5808479	474.4483
7.584687	489.34448
7.5885262	492.28345
7.592366	503.61343
7.5962051	495.50836
7.6000443	486.98938
7.6038841	475.98972
7.6077232	485.65704
7.6115623	485.02444
7.6154022	484.30249
7.6192413	476.04736
7.6230804	481.9971
7.6269203	486.43442
7.6307594	489.14597
7.6345985	489.5762
7.6384384	487.25858
7.6422775	488.10873
7.6461166	492.71695
7.6499565	503.00012
7.6537956	497.60361
7.6576347	492.01871
7.6614746	496.38721
7.6653137	514.88519
7.6691528	513.19128
7.6729927	502.50195
7.6768318	490.87186
7.6806717	499.90839
7.6845108	506.82941
7.6883499	509.92773
7.6921898	509.48535
7.6960289	499.18149
7.699868	494.04544
7.7037079	491.36063
7.707547	490.53964
7.7113861	489.32895
7.715226	488.74155
7.7190651	473.79959
7.7229042	464.11856
7.7267441	461.89511
7.7305832	465.67651
7.7344223	469.25241
7.7382622	465.72632
7.7421013	478.15991
7.7459404	479.39224
7.7497803	487.6832
7.7536194	492.81561
7.7574585	499.02792
7.7612984	503.17349
7.7651375	499.48398
7.7689774	490.9104
7.7728165	479.36743
7.7766556	469.32599
7.7804955	475.61945
7.7843346	464.8837
7.7881737	471.97131
7.7920135	471.48679
7.7958527	486.94974
7.7996918	490.89401
7.8035316	494.4903
7.8073708	493.90436
7.8112099	495.43161
7.8150497	491.53503
7.8188889	482.97397
7.822728	480.97272
7.8265678	477.27783
7.830407	480.82483
7.8342461	483.04858
7.8380859	491.24283
7.841925	482.48917
7.8457642	481.86295
7.849604	477.92862
7.8534431	482.78961
7.8572823	479.44638
7.8611221	469.2822
7.8649612	475.34128
7.8688011	477.86331
7.8726402	485.59308
7.8764793	489.85818
7.8803192	493.99286
7.8841583	507.12222
7.8879974	503.91196
7.8918373	490.99533
7.8956764	474.07709
7.8995155	465.80521
7.9033554	462.37646
7.9071945	473.81323
7.9110336	477.22318
7.9148735	490.87842
7.9187126	485.60861
7.9225517	487.80237
7.9263916	482.78479
7.9302307	480.24127
7.9340698	480.79904
7.9379097	481.97565
7.9417488	486.48749
7.9455879	477.14487
7.9494278	465.74835
7.9532669	462.42694
7.957106	462.39059
7.9609459	473.18472
7.964785	467.57837
7.9686249	465.15445
7.972464	456.83328
7.9763031	453.00797
7.980143	459.42996
7.9839821	468.74786
7.9878212	478.21912
7.9916611	487.66046
7.9955002	483.27066
7.9993393	478.15454
8.0031792	479.02496
8.0070183	489.05374
8.0108574	493.10773
8.0146973	491.71472
8.0185364	493.08759
8.0223755	488.19171
8.0262154	484.00375
8.0300545	486.12216
8.0338936	484.06241
8.0377335	485.04578
8.0415726	482.25836
8.0454117	487.19403
8.0492516	473.40689
8.0530907	466.27771
8.0569305	471.87509
8.0607697	486.95779
8.0646088	494.38821
8.0684486	496.52222
8.0722878	488.17096
8.0761269	481.17084
8.0799667	470.05923
8.0838058	478.52887
8.087645	478.83099
8.0914848	471.01764
8.0953239	456.48422
8.0991631	449.1272
8.1030029	462.97134
8.106842	470.36356
8.1106812	482.25711
8.114521	482.60568
8.1183601	494.36441
8.1221992	488.9024
8.1260391	481.51074
8.1298782	476.27902
8.1337173	478.33066
8.1375572	481.80875
8.1413963	472.77603
8.1452354	459.39951
8.1490753	452.34955
8.1529144	449.07407
8.1567543	460.09756
8.1605934	459.2948
8.1644325	465.47522
8.1682724	469.46628
8.1721115	471.38657
8.1759506	469.83337
8.1797905	474.5889
8.1836296	473.64233
8.1874687	464.30096
8.1913086	468.63504
8.1951477	482.00085
8.1989868	493.30954
8.2028267	477.77032
8.2066658	462.66751
8.2105049	461.08472
8.2143448	466.01016
8.2181839	476.74832
8.222023	481.86295
8.2258629	467.31409
8.229702	460.50214
8.2335411	461.27072
8.237381	457.85422
8.2412201	450.51273
8.2450592	450.35968
8.2488991	453.42102
8.2527382	459.61365
8.2565781	466.8204
8.2604172	479.57932
8.2642563	481.5426
8.2680962	468.60577
8.2719353	470.2023
8.2757744	460.60822
8.2796143	456.74347
8.2834534	442.47821
8.2872925	448.21051
8.2911324	464.87231
8.2949715	472.60709
8.2988106	475.69345
8.3026505	464.1962
8.3064896	460.63544
8.3103287	456.07843
8.3141685	464.61176
8.3180077	478.30344
8.3218468	489.64432
8.3256866	477.63513
8.3295258	471.19455
8.3333649	467.1489
8.3372047	465.36856
8.3410439	462.07712
8.3448837	456.6622
8.3487228	442.36572
8.352562	432.34525
8.3564018	435.72562
8.3602409	454.61517
8.36408	454.15424
8.3679199	448.39035
8.371759	460.09311
8.3755981	478.98526
8.379438	483.0159
8.3832771	471.48282
8.3871162	461.22202
8.3909561	462.11948
8.3947952	462.49057
8.3986343	463.45047
8.4024742	457.12424
8.4063133	454.89963
8.4101524	447.79715
8.4139923	455.82294
8.4178314	463.42606
8.4216705	461.27689
8.4255104	463.3634
8.4293495	457.397
8.4331886	466.60757
8.4370285	455.4928
8.4408676	462.36819
8.4447075	459.86441
8.4485466	464.07489
8.4523857	456.94516
8.4562256	462.76532
8.4600647	453.96213
8.4639038	441.10989
8.4677437	424.09015
8.4715828	434.37692
8.4754219	441.39954
8.4792618	450.82791
8.4831009	448.71484
8.48694	454.41568
8.4907799	467.5004
8.494619	464.75772
8.4984581	466.48633
8.502298	456.24179
8.5061371	468.89664
8.5099762	458.22098
8.5138161	451.8259
8.5176552	431.48221
8.5214943	440.90356
8.5253342	465.01147
8.5291733	478.50244
8.5330124	479.59174
8.5368523	461.66296
8.5406914	461.9375
8.5445312	462.19928
8.5483704	459.40356
8.5522095	465.19095
8.5560493	458.24069
8.5598885	452.2258
8.5637276	442.39481
8.5675674	446.06976
8.5714066	447.97458
8.5752457	452.57651
8.5790855	462.0228
8.5829247	474.21207
8.5867638	483.69788
8.5906036	471.94788
8.5944427	477.42807
8.5982819	466.52377
8.6021217	468.2756
8.6059608	449.85648
8.6098	450.95016
8.6136398	464.9599
8.6174789	482.60062
8.6213181	480.64713
8.6251579	476.81659
8.628997	464.21085
8.6328369	453.68256
8.636676	453.39105
8.6405151	469.29349
8.644355	468.86597
8.6481941	450.03415
8.6520332	430.98795
8.6558731	436.09186
8.6597122	437.73297
8.6635513	448.83966
8.6673912	448.75095
8.6712303	440.31024
8.6750694	425.16104
8.6789093	437.8429
8.6827484	456.77814
8.6865875	464.48376
8.6904274	463.67065
8.6942665	461.70493
8.6981056	459.21588
8.7019455	443.23138
8.7057846	429.95792
8.7096237	415.41528
8.7134636	416.87408
8.7173027	432.87665
8.7211418	457.82611
8.7249817	454.06433
8.7288208	448.67734
8.7326607	443.85822
8.7364998	452.38654
8.7403389	452.56027
8.7441788	447.64151
8.7480179	447.4772
8.751857	441.88428
8.7556969	440.51355
8.759536	441.76392
8.7633751	446.20023
8.767215	448.56732
8.7710541	449.98502
8.7748932	452.96225
8.7787331	452.17316
8.7825722	435.13971
8.7864113	432.98431
8.7902512	438.35052
8.7940903	449.28464
8.7979294	455.95514
8.8017693	456.09323
8.8056084	457.0455
8.8094475	459.8251
8.8132874	455.49457
8.8171265	440.41306
8.8209656	431.31494
8.8248055	450.7457
8.8286446	473.15149
8.8324844	489.20721
8.8363235	475.853
8.8401627	478.12796
8.8440025	460.19998
8.8478416	450.59406
8.8516808	433.37231
8.8555206	433.72141
8.8593597	442.30304
8.8631989	452.45682
8.8670387	456.29221
8.8708778	444.85358
8.8747169	440.63162
8.8785568	440.80832
8.8823959	447.06897
8.886235	430.3429
8.8900749	430.17731
8.893914	424.49261
8.8977531	429.79443
8.901593	433.01541
8.9054321	448.42896
8.9092712	446.22556
8.9131111	427.1944
8.9169502	422.81415
8.9207901	437.84424
8.9246292	442.06693
8.9284683	443.55301
8.9323082	434.42633
8.9361473	447.02695
8.9399864	461.55267
8.9438263	465.29758
8.9476654	470.7963
8.9515045	468.32477
8.9553444	460.0087
8.9591835	430.57162
8.9630226	425.15643
8.9668625	433.93314
8.9707016	452.67487
8.9745407	459.97168
8.9783806	465.82666
8.9822197	457.92319
8.9860588	448.0155
8.9898987	429.78134
8.9937378	439.73831
8.9975769	445.2814
9.0014168	453.89453
9.0052559	450.87546
9.009095	445.89957
9.0129349	445.8183
9.016774	449.50235
9.0206139	459.14999
9.024453	449.74466
9.0282921	445.06622
9.032132	451.10358
9.0359711	460.69492
9.0398102	465.66385
9.0436501	453.33066
9.0474892	448.39163
9.0513283	438.52676
9.0551682	449.35208
9.0590073	445.16858
9.0628464	451.71423
9.0666862	446.01404
9.0705254	449.60236
9.0743645	455.28854
9.0782043	451.29144
9.0820435	425.69562
9.0858826	400.34677
9.0897224	405.64365
9.0935616	425.62604
9.0974007	429.23737
9.1012405	436.76788
9.1050797	451.04855
9.1089188	458.32785
9.1127586	457.59976
9.1165977	457.43506
9.1204376	457.86105
9.1242767	457.12622
9.1281158	441.8222
9.1319557	438.98257
9.1357948	441.2706
9.1396339	456.16074
9.1434738	462.75375
9.1473129	464.97739
9.151152	459.42633
9.1549919	448.73755
9.158831	435.14743
9.1626701	428.65015
9.16651	432.15683
9.1703491	428.82394
9.1741882	428.22906
9.1780281	423.35547
9.1818672	438.00842
9.1857063	446.88068
9.1895462	450.98401
9.1933853	455.24997
9.1972244	455.03165
9.2010643	445.67648
9.2049034	431.61234
9.2087433	432.58411
9.2125824	435.9368
9.2164215	442.7193
9.2202614	452.91235
9.2241005	447.66696
9.2279396	436.58823
9.2317795	430.78711
9.2356186	430.85431
9.2394577	451.88065
9.2432976	448.06418
9.2471367	444.47537
9.2509758	428.38596
9.2548157	421.60974
9.2586548	428.242
9.2624939	444.01804
9.2663338	456.74084
9.2701729	457.14771
9.274012	457.30286
9.2778519	457.55362
9.281691	460.03964
9.2855301	456.12152
9.28937	452.5575
9.2932091	447.87592
9.2970482	461.52774
9.3008881	472.19354
9.3047272	473.45029
9.308567	458.64474
9.3124062	443.94324
9.3162453	434.76028
9.3200851	441.05795
9.3239243	441.31931
9.3277634	448.64264
9.3316032	453.69873
9.3354424	473.64615
9.3392815	479.57501
9.3431213	463.41013
9.3469604	437.70071
9.3507996	427.10239
9.3546394	441.51102
9.3584785	440.7822
9.3623177	429.17722
9.3661575	424.66226
9.3699966	441.56393
9.3738358	454.42029
9.3776756	450.17783
9.3815147	448.40558
9.3853539	450.48462
9.3891937	448.48636
9.3930328	436.80508
9.3968719	443.49661
9.4007118	454.93716
9.4045509	466.29019
9.4083908	446.39838
9.4122299	432.47089
9.416069	430.75095
9.4199089	440.75424
9.423748	445.18665
9.4275871	451.30078
9.431427	461.93484
9.4352661	451.05487
9.4391052	438.20325
9.4429451	435.84537
9.4467842	443.6496
9.4506233	442.78925
9.4544632	436.06989
9.4583023	426.39624
9.4621414	420.92593
9.4659813	427.01398
9.4698204	436.69821
9.4736595	448.16907
9.4774994	446.87857
9.4813385	431.10062
9.4851776	423.47391
9.4890175	422.57449
9.4928566	415.01617
9.4966965	415.30023
9.5005356	422.12207
9.5043747	418.88571
9.5082146	429.72311
9.5120537	432.62479
9.5158928	444.19299
9.5197327	444.66553
9.5235718	441.67957
9.5274109	445.56494
9.5312508	439.56708
9.5350899	439.94775
9.538929	428.44458
9.5427689	429.45541
9.546608	437.47525
9.5504471	451.67145
9.554287	463.53561
9.5581261	475.73068
9.5619652	466.46579
9.5658051	449.1752
9.5696442	436.15445
9.5734833	438.14713
9.5773232	442.99655
9.5811623	458.25806
9.5850014	463.83893
9.5888412	466.46356
9.5926804	456.27151
9.5965202	454.15765
9.6003593	479.16785
9.6041985	481.53983
9.6080383	470.64359
9.6118774	457.29797
9.6157166	446.35205
9.6195564	436.4071
9.6233955	435.05115
9.6272346	466.8313
9.6310745	483.47031
9.6349136	487.24493
9.6387527	476.28046
9.6425926	478.22903
9.6464317	470.24872
9.6502708	463.0087
9.6541107	463.96603
9.6579498	467.06778
9.6617889	462.88803
9.6656288	454.26505
9.6694679	441.78525
9.673307	434.16891
9.6771469	443.88922
9.680986	455.9133
9.6848251	461.22504
9.688665	447.49902
9.6925041	446.05399
9.696344	444.42755
9.7001831	436.11923
9.7040222	424.01276
9.7078621	434.02567
9.7117012	446.58749
9.7155403	460.54395
9.7193802	462.91141
9.7232193	465.5751
9.7270584	458.10455
9.7308983	454.7659
9.7347374	437.00159
9.7385765	420.77557
9.7424164	423.82507
9.7462555	430.81537
9.7500946	440.20419
9.7539345	448.71793
9.7577736	458.06592
9.7616127	460.46838
9.7654526	464.27969
9.7692917	452.55414
9.7731308	435.30469
9.7769707	436.21643
9.7808098	450.6424
9.7846497	462.58749
9.7884888	472.69504
9.7923279	473.02643
9.7961678	462.3327
9.8000069	446.47421
9.803846	434.34018
9.8076859	431.27484
9.811525	449.99741
9.8153641	450.90686
9.8192039	441.23013
9.8230431	430.93652
9.8268822	438.55722
9.830722	449.19821
9.8345612	441.70688
9.8384003	435.7178
9.8422401	427.54321
9.8460793	438.60098
9.8499184	443.20523
9.8537582	444.39847
9.8575974	447.98709
9.8614365	451.69543
9.8652763	450.75635
9.8691154	422.0936
9.8729546	404.43799
9.8767944	406.90518
9.8806335	433.85089
9.8844734	450.13574
9.8883125	448.11813
9.8921516	446.24271
9.8959915	461.0448
9.8998306	475.04517
9.9036697	454.63889
9.9075096	434.03024
9.9113487	443.90717
9.9151878	435.9906
9.9190277	436.84814
9.9228668	447.46381
9.9267059	448.39688
9.9305458	420.42203
9.9343849	411.33926
9.938224	416.23428
9.9420639	410.43491
9.945903	406.15884
9.9497421	421.52698
9.953582	444.37741
9.9574211	454.4227
9.9612602	462.25583
9.9651001	457.30945
9.9689392	464.06351
9.9727791	467.79163
9.9766182	477.42728
9.9804573	492.69876
9.9842972	483.1236
9.9881363	474.42715
9.9919754	458.26831
9.9958153	429.08133
9.9996544	402.37308
10.003493	404.47363
10.007333	437.27661
10.011172	445.86053
10.015012	465.94821
10.018851	460.37665
10.022691	458.89001
10.02653	439.58649
10.03037	429.48285
10.034209	424.67535
10.038048	438.09396
10.041888	444.02216
10.045727	444.88251
10.049566	464.34882
10.053406	462.34305
10.057245	453.74945
10.061084	441.18863
10.064924	448.30548
10.068763	436.30652
10.072603	458.20901
10.076442	477.33765
10.080281	491.6218
10.084121	474.34027
10.08796	453.85358
10.091799	439.48389
10.095639	432.25125
10.099478	424.15335
10.103317	434.96448
10.107157	436.3555
10.110996	423.7739
10.114835	432.75583
10.118675	455.0838
10.122514	469.01135
10.126353	446.72073
10.130193	434.62863
10.134032	446.00183
10.137872	459.08237
10.141711	467.05289
10.145551	467.16415
10.14939	453.49844
10.15323	438.93903
10.157069	439.59094
10.160908	440.72415
10.164748	435.45322
10.168587	424.37183
10.172427	427.25101
10.176266	450.75302
10.180105	442.91373
10.183945	431.24911
10.187784	440.60516
10.191623	464.00366
10.195463	468.57193
10.199302	460.07077
10.203141	439.55936
10.206981	438.73999
10.21082	444.82309
10.214659	446.42981
10.218499	426.50159
10.222338	439.01819
10.226177	463.73483
10.230017	466.12421
10.233856	455.42123
10.237695	453.51431
10.241535	450.33896
10.245374	443.00839
10.249213	442.99585
10.253053	451.20654
10.256892	462.74133
10.260732	470.19965
10.264571	479.58197
10.26841	478.40097
10.27225	475.89658
10.276089	456.09015
10.279929	459.92114
10.283768	462.52124
10.287608	464.57275
10.291447	480.96732
10.295287	477.92471
10.299126	470.8576
10.302965	450.50818
10.306805	455.74222
10.310644	459.5607
10.314483	452.35919
10.318323	443.35382
10.322162	425.79489
10.326001	420.82068
10.329841	429.63593
10.33368	448.16095
10.337519	456.50293
10.341359	436.12216
10.345198	433.84033
10.349037	430.69482
10.352877	439.63849
10.356716	448.97095
10.360556	479.7738
10.364395	482.9288
10.368234	487.43503
10.372074	457.68408
10.375913	448.01352
10.379752	437.07584
10.383592	441.8179
10.387431	455.29224
10.39127	468.75708
10.39511	463.24524
10.398949	449.50211
10.402789	446.94543
10.406628	451.22461
10.410468	454.3822
10.414307	449.1181
10.418147	446.55807
10.421986	477.8988
10.425825	490.16901
10.429665	457.83292
10.433504	437.33655
10.437343	428.50281
10.441183	439.40503
10.445022	453.74759
10.448861	445.71347
10.452701	442.32504
10.45654	446.15079
10.46038	435.79922
10.464219	421.64365
10.468058	427.22968
10.471898	446.20035
10.475737	468.23352
10.479576	471.26587
10.483416	448.00357
10.487255	441.51117
10.491094	422.47668
10.494934	422.40308
10.498773	421.11121
10.502612	434.71463
10.506452	435.99643
10.510291	443.52353
10.51413	423.15848
10.51797	419.11609
10.521809	435.74295
10.525648	454.47916
10.529488	457.34094
10.533327	470.72
10.537167	467.10028
10.541006	462.7381
10.544846	455.08533
10.548685	456.55103
10.552525	452.70648
10.556364	462.58597
10.560204	468.27179
10.564043	459.07559
10.567882	448.15674
10.571722	431.79581
10.575561	428.25986
10.5794	448.96613
10.58324	469.52414
10.587079	466.9296
10.590918	452.80942
10.594758	452.97473
10.598597	468.64493
10.602436	472.28333
10.606276	457.02789
10.610115	460.05795
10.613954	455.95932
10.617794	447.4313
10.621633	442.50467
10.625472	450.133
10.629312	446.66687
10.633151	451.50476
10.63699	447.64114
10.64083	446.47913
10.644669	448.05264
10.648509	447.90887
10.652348	443.09921
10.656187	445.52777
10.660027	432.16812
10.663866	428.88879
10.667706	434.12225
10.671545	441.18448
10.675385	430.62918
10.679224	415.38083
10.683064	417.73541
10.686903	414.96982
10.690742	419.94611
10.694582	430.04312
10.698421	432.23184
10.70226	450.4751
10.7061	465.85474
10.709939	473.40247
10.713778	470.23605
10.717618	483.5246
10.721457	464.14859
10.725296	435.17792
10.729136	426.10544
10.732975	439.82294
10.736814	425.86041
10.740654	415.00256
10.744493	423.87714
10.748333	443.30026
10.752172	455.89691
10.756011	461.45953
10.759851	463.59039
10.76369	455.81522
10.767529	444.48938
10.771369	455.95755
10.775208	475.55222
10.779047	465.56186
10.782887	436.99002
10.786726	426.42398
10.790565	438.35199
10.794405	458.8959
10.798244	462.79013
10.802084	455.2951
10.805923	455.19891
10.809763	448.74042
10.813602	402.54361
10.817442	392.26349
10.821281	430.27216
10.82512	453.08536
10.82896	466.85315
10.832799	480.13361
10.836639	484.4166
10.840478	482.9389
10.844317	465.1264
10.848157	441.58542
10.851996	453.91693
10.855835	475.6268
10.859675	470.29965
10.863514	461.74359
10.867353	461.49448
10.871193	464.08078
10.875032	430.54428
10.878871	429.66458
10.882711	437.5759
10.88655	448.53809
10.890389	464.03055
10.894229	491.36069
10.898068	491.09512
10.901907	459.14868
10.905747	442.86377
10.909586	437.35959
10.913425	441.25623
10.917265	448.24741
10.921104	450.2413
10.924944	450.72559
10.928783	458.22717
10.932623	460.51212
10.936462	475.12732
10.940302	476.00613
10.944141	467.28131
10.94798	465.88513
10.95182	478.75302
10.955659	461.67798
10.959499	473.1882
10.963338	474.10095
10.967177	461.89975
10.971017	440.35608
10.974856	443.22717
10.978695	467.24649
10.982535	484.94565
10.986374	475.48099
10.990213	453.30365
10.994053	436.86438
10.997892	465.0531
11.001731	478.99445
11.005571	483.8786
11.00941	497.21024
11.013249	484.86697
11.017089	451.04047
11.020928	437.46533
11.024767	447.35236
11.028607	460.38568
11.032446	461.13803
11.036286	457.90515
11.040125	463.60223
11.043964	467.69434
11.047804	444.66144
11.051643	440.45203
11.055482	440.20453
11.059322	451.6947
11.063161	459.13641
11.067001	468.84174
11.07084	486.97977
11.07468	501.3678
11.078519	485.60727
11.082359	477.40878
11.086198	477.62405
11.090037	458.13193
11.093877	439.69714
11.097716	438.45078
11.101555	461.93253
11.105395	483.85361
11.109234	494.91632
11.113073	489.89868
11.116913	462.18622
11.120752	432.97775
11.124592	422.05084
11.128431	440.07761
11.13227	448.53616
11.13611	456.99936
11.139949	472.15265
11.143788	491.57935
11.147628	476.19653
11.151467	459.16342
11.155306	433.48984
11.159146	436.47406
11.162985	462.75253
11.166824	463.48825
11.170664	452.31134
11.174503	455.36115
11.178342	431.10477
11.182182	420.62296
11.186021	427.97144
11.189861	448.44757
11.1937	446.14258
11.19754	429.09351
11.201379	432.29712
11.205219	440.99146
11.209058	446.48477
11.212897	456.19263
11.216737	458.8913
11.220576	477.06281
11.224416	467.9068
11.228255	465.34033
11.232094	444.44043
11.235934	435.00122
11.239773	420.05515
11.243612	423.23618
11.247452	459.75
11.251291	481.15048
11.25513	487.79697
11.25897	498.646
11.262809	496.86511
11.266648	461.12546
11.270488	443.9957
11.274327	468.14798
11.278166	477.85745
11.282006	437.93765
11.285845	425.11768
11.289684	452.22031
11.293524	468.43079
11.297363	451.11584
11.301202	447.44189
11.305042	463.78418
11.308881	478.57477
11.31272	476.55728
11.31656	468.17059
11.320399	467.98383
11.324239	476.07855
11.328078	474.87967
11.331918	487.76617
11.335757	470.651
11.339597	462.0083
11.343436	458.59946
11.347276	469.85736
11.351115	488.36728
11.354954	491.21271
11.358794	459.25272
11.362633	446.41113
11.366472	466.10556
11.370312	466.49844
11.374151	483.3186
11.37799	487.30209
11.38183	463.11694
11.385669	439.9967
11.389508	435.23212
11.393348	434.64056
11.397187	450.6951
11.401026	437.56961
11.404866	437.86191
11.408705	440.64743
11.412545	438.3291
11.416384	451.69678
11.420223	462.50162
11.424063	446.61572
11.427902	428.56595
11.431741	418.67276
11.435581	424.88617
11.43942	428.7872
11.443259	431.05948
11.447099	451.22186
11.450938	470.79236
11.454778	459.28687
11.458617	455.87402
11.462457	472.51224
11.466296	468.8674
11.470135	452.89401
11.473975	483.0979
11.477814	506.18527
11.481654	480.26379
11.485493	473.98401
11.489332	485.32092
11.493172	467.4502
11.497011	466.35132
11.50085	485.78979
11.50469	484.59842
11.508529	487.1438
11.512369	481.19434
11.516208	469.92184
11.520047	463.49927
11.523887	460.3956
11.527726	479.36905
11.531565	490.10452
11.535405	482.38525
11.539244	470.25473
11.543083	460.57028
11.546923	427.01938
11.550762	426.09152
11.554601	469.83273
11.558441	507.24609
11.56228	494.48007
11.566119	452.79117
11.569959	438.9267
11.573798	465.47821
11.577637	484.78464
11.581477	481.40262
11.585316	475.4231
11.589156	452.04453
11.592995	467.97855
11.596835	466.2352
11.600674	442.17554
11.604514	431.5506
11.608353	448.68021
11.612193	450.81046
11.616032	437.74207
11.619871	426.70486
11.623711	405.20636
11.62755	390.66428
11.631389	407.5246
11.635229	434.09848
11.639068	453.73486
11.642907	444.58813
11.646747	424.23874
11.650586	416.89685
11.654425	445.23236
11.658265	480.67761
11.662104	488.13153
11.665943	458.39294
11.669783	429.85211
11.673622	440.34793
11.677461	461.17706
11.681301	451.23721
11.68514	438.05573
11.688979	473.58963
11.692819	512.99597
11.696658	512.91724
11.700498	508.43198
11.704337	496.15631
11.708176	481.61472
11.712016	478.53049
11.715855	495.10037
11.719695	508.5491
11.723534	500.9238
11.727374	489.34021
11.731213	469.77399
11.735052	468.98288
11.738892	497.4447
11.742731	516.30255
11.746571	516.88806
11.75041	499.40411
11.754249	481.58694
11.758089	473.82629
11.761928	469.07608
11.765767	468.49454
11.769607	477.89062
11.773446	483.88098
11.777285	474.70139
11.781125	483.99973
11.784964	480.19519
11.788803	462.95499
11.792643	467.44302
11.796482	483.15152
11.800322	517.47827
11.804161	520.53809
11.808	489.58212
11.81184	467.49368
11.815679	465.72153
11.819518	480.28342
11.823358	500.18204
11.827197	521.15021
11.831036	509.92569
11.834876	492.39343
11.838715	496.96008
11.842554	503.20636
11.846394	503.53052
11.850233	500.2352
11.854073	504.2695
11.857912	527.24921
11.861752	504.66193
11.865591	475.27087
11.869431	502.95288
11.87327	528.14697
11.877109	511.28152
11.880949	502.30994
11.884788	509.54333
11.888627	517.75958
11.892467	499.31717
11.896306	475.80765
11.900146	483.50693
11.903985	497.2948
11.907824	505.38245
11.911664	503.53641
11.915503	485.46793
11.919342	501.51712
11.923182	502.30429
11.927021	487.76755
11.93086	487.77042
11.9347	510.0358
11.938539	519.02051
11.942378	508.70184
11.946218	476.91626
11.950057	465.16507
11.953896	476.33432
11.957736	495.03079
11.961575	499.84256
11.965414	479.61108
11.969254	468.93112
11.973093	486.57828
11.976933	498.77536
11.980772	504.31961
11.984612	487.38116
11.988451	479.99374
11.99229	487.59799
11.99613	480.15506
11.999969	468.07959
12.003809	504.02628
12.007648	529.97034
12.011488	508.14572
12.015327	478.8627
12.019166	482.69046
12.023006	487.72263
12.026845	501.71848
12.030684	536.81934
12.034524	525.93732
12.038363	524.94916
12.042202	507.04834
12.046042	495.32278
12.049881	485.08023
12.05372	515.50299
12.05756	526.7041
12.061399	511.64136
12.065238	487.45654
12.069078	468.33868
12.072917	479.07458
12.076756	478.94339
12.080596	466.08331
12.084435	478.97113
12.088275	481.93866
12.092114	474.62515
12.095953	480.13321
12.099793	516.6825
12.103632	532.47699
12.107471	492.43158
12.111311	479.76801
12.11515	499.36115
12.11899	502.5694
12.122829	512.38605
12.126669	502.44669
12.130508	471.31079
12.134348	479.73212
12.138187	483.7876
12.142026	471.64792
12.145866	500.57623
12.149705	523.13672
12.153544	507.2764
12.157384	481.13419
12.161223	480.51804
12.165062	509.03683
12.168902	514.48822
12.172741	501.45355
12.17658	506.91254
12.18042	505.95871
12.184259	492.26196
12.188099	475.05789
12.191938	465.79086
12.195777	471.01846
12.199617	476.87057
12.203456	477.44632
12.207295	497.45694
12.211135	505.44016
12.214974	481.6217
12.218813	472.43536
12.222653	468.50916
12.226492	450.43512
12.230331	465.75015
12.234171	490.20923
12.23801	501.54263
12.24185	495.43552
12.245689	504.54507
12.249529	532.20129
12.253368	523.52844
12.257207	494.81885
12.261047	497.48895
12.264886	519.35468
12.268726	521.26788
12.272565	513.77924
12.276405	500.6944
12.280244	494.76511
12.284083	498.59274
12.287923	472.60065
12.291762	454.2832
12.295601	473.30026
12.299441	479.41635
12.30328	472.26907
12.307119	476.48563
12.310959	484.4657
12.314798	494.59171
12.318637	495.84677
12.322477	508.70206
12.326316	547.9472
12.330155	540.95361
12.333995	496.38437
12.337834	480.76666
12.341673	505.49692
12.345513	529.3031
12.349352	514.25739
12.353191	510.8623
12.357031	519.71173
12.36087	492.70749
12.364709	485.00107
12.368549	473.00168
12.372388	458.58139
12.376228	490.46143
12.380067	513.06366
12.383907	532.74493
12.387746	538.84845
12.391586	527.04114
12.395425	531.42499
12.399265	505.15518
12.403104	484.83405
12.406943	490.00159
12.410783	503.34305
12.414622	504.00754
12.418461	490.68658
12.422301	495.88141
12.42614	526.56305
12.429979	511.28931
12.433819	487.11026
12.437658	494.5275
12.441497	511.3811
12.445337	501.49298
12.449176	505.84372
12.453015	513.0451
12.456855	507.25809
12.460694	490.14362
12.464533	490.68188
12.468373	492.96545
12.472212	489.32175
12.476052	510.65033
12.479891	527.68195
12.48373	515.86426
12.48757	479.24109
12.491409	459.52994
12.495248	498.26709
12.499088	538.20111
12.502927	522.2605
12.506767	496.7879
12.510606	479.7001
12.514445	473.38882
12.518285	463.40375
12.522124	452.52505
12.525964	494.85019
12.529803	536.56891
12.533643	527.52222
12.537482	510.73944
12.541321	513.17584
12.545161	533.75043
12.549	552.77875
12.552839	548.64874
12.556679	532.63831
12.560518	544.59662
12.564358	554.5556
12.568197	516.21405
12.572036	495.64182
12.575876	505.47479
12.579715	521.41876
12.583554	525.26324
12.587394	522.11481
12.591233	507.59888
12.595072	507.82748
12.598912	508.76929
12.602751	502.86362
12.60659	518.54419
12.61043	513.31219
12.614269	511.10962
12.618108	491.88489
12.621948	472.64395
12.625787	506.40985
12.629626	536.08856
12.633466	531.01697
12.637305	521.84485
12.641145	514.71558
12.644984	513.71735
12.648824	491.06714
12.652663	493.46854
12.656503	522.94043
12.660342	526.90009
12.664182	524.65173
12.668021	529.85034
12.67186	554.88477
12.6757	531.20587
12.679539	488.99887
12.683378	500.98071
12.687218	496.79651
12.691057	528.20319
12.694896	586.73926
12.698736	582.90643
12.702575	561.9881
12.706414	548.77112
12.710254	548.06219
12.714093	565.47229
12.717932	574.3808
12.721772	561.80432
12.725611	525.51184
12.72945	494.77652
12.73329	494.83096
12.737129	519.39563
12.740968	523.39801
12.744808	516.52307
12.748647	525.4151
12.752486	531.50903
12.756326	527.46277
12.760165	520.63373
12.764005	497.69916
12.767844	480.1265
12.771684	517.66852
12.775523	543.27917
12.779362	511.50687
12.783202	511.08041
12.787041	522.21552
12.790881	525.54639
12.79472	526.58429
12.79856	521.70557
12.802399	541.60986
12.806238	553.26733
12.810077	547.46674
12.813918	528.43811
12.817757	501.1521
12.821596	519.62006
12.825435	538.76062
12.829274	521.03827
12.833113	517.51849
12.836954	531.20734
12.840793	547.03198
12.844632	558.40369
12.848471	570.59595
12.85231	558.49957
12.856149	543.54077
12.85999	508.66364
12.863829	473.95975
12.867668	478.60349
12.871507	481.89215
12.875346	469.43909
12.879185	501.20532
12.883026	526.24921
12.886865	506.90936
12.890704	499.02127
12.894543	530.49823
12.898383	578.4505
12.902223	585.49097
12.906062	552.71057
12.909901	550.53314
12.913741	553.43909
12.91758	541.87085
12.921419	540.47791
12.925259	539.24957
12.929099	531.72559
12.932938	504.97644
12.936777	511.3671
12.940616	533.94556
12.944455	534.00635
12.948296	519.26965
12.952135	525.32697
12.955974	553.74017
12.959813	561.14746
12.963652	553.66278
12.967491	571.02185
12.971332	584.16602
12.975171	569.5813
12.97901	556.63361
12.982849	509.8028
12.986688	474.1647
12.990527	480.87286
12.994368	481.59857
12.998207	494.30722
13.002046	511.40469
13.005885	493.47144
13.009724	482.09595
13.013565	518.21027
13.017404	537.06097
13.021243	510.58319
13.025082	476.11813
13.028922	494.11749
13.032761	541.18921
13.036601	558.40338
13.04044	542.54364
13.044279	518.4483
13.048119	519.61981
13.051958	530.5199
13.055797	537.26282
13.059637	523.33228
13.063477	504.00992
13.067316	509.74231
13.071155	542.44312
13.074994	575.89575
13.078833	590.26813
13.082674	577.55585
13.086513	532.74744
13.090352	533.61292
13.094191	549.37463
13.09803	533.84644
13.101871	538.5293
13.10571	542.27411
13.109549	571.9502
13.113388	587.87976
13.117227	531.82373
13.121066	520.83014
13.124907	553.57306
13.128746	544.40668
13.132585	546.64575
13.136424	542.71289
13.140263	543.92938
13.144102	555.7655
13.147943	518.20337
13.151782	487.67517
13.155621	512.79132
13.15946	536.97595
13.1633	552.38812
13.167139	554.40741
13.170979	549.88831
13.174818	517.6756
13.178658	507.59839
13.182497	555.35669
13.186336	559.36487
13.190176	567.53961
13.194016	563.94141
13.197855	514.87299
13.201694	495.3533
13.205533	497.97888
13.209372	481.68503
13.213213	502.97397
13.217052	545.44507
13.220891	583.62927
13.22473	583.39813
13.228569	534.2345
13.232408	522.74823
13.236249	529.93213
13.240088	505.86206
13.243927	536.28766
13.247766	543.12341
13.251605	514.87439
13.255444	511.80927
13.259285	522.92487
13.263124	542.0155
13.266963	549.09479
13.270802	542.65289
13.274641	550.41693
13.278481	551.69159
13.282321	526.61029
13.28616	515.70813
13.289999	554.56293
13.293839	563.98608
13.297678	551.81104
13.301518	566.10547
13.305357	580.42029
13.309196	571.35419
13.313036	560.83691
13.316875	531.42181
13.320714	535.72241
13.324554	574.52283
13.328394	557.98669
13.332233	537.95001
13.336072	535.9967
13.339911	543.62183
13.34375	554.47052
13.347591	519.20825
13.35143	501.43332
13.355269	520.25134
13.359108	551.55255
13.362947	575.05261
13.366786	590.09137
13.370627	566.09894
13.374466	507.16556
13.378305	494.40616
13.382144	491.36252
13.385983	483.73941
13.389824	501.319
13.393663	493.38525
13.397502	513.0575
13.401341	567.55011
13.40518	584.79596
13.409019	572.39386
13.41286	578.46252
13.416699	556.74841
13.420538	555.0799
13.424377	590.41107
13.428217	577.39587
13.432056	551.17529
13.435896	586.63373
13.439735	578.49493
13.443575	564.32971
13.447414	547.60284
13.451253	542.29248
13.455092	533.06067
13.458932	534.38617
13.462772	558.74719
13.466611	564.51886
13.47045	586.19196
13.474289	591.32806
13.47813	595.58612
13.481969	612.04657
13.485808	610.80664
13.489647	610.84869
13.493486	583.33252
13.497325	571.22681
13.501166	582.75879
13.505005	569.16541
13.508844	582.09515
13.512683	613.38776
13.516522	621.54199
13.520361	570.61609
13.524202	534.97272
13.528041	593.22858
13.53188	630.84009
13.535719	603.69983
13.539558	584.54578
13.543398	574.92126
13.547238	589.0545
13.551077	582.75897
13.554916	565.172
13.558755	570.09937
13.562595	579.66077
13.566434	559.25751
13.570274	526.52039
13.574113	506.92453
13.577953	541.22363
13.581792	580.19183
13.585631	586.27698
13.589471	577.39075
13.593311	567.40613
13.59715	581.1366
13.600989	558.68268
13.604828	554.9057
13.608667	585.19989
13.612508	544.36346
13.616347	507.49939
13.620186	554.18219
13.624025	567.18201
13.627864	555.62335
13.631703	569.93555
13.635544	563.1438
13.639383	593.66333
13.643222	602.01807
13.647061	576.65363
13.6509	555.50751
13.654739	582.76215
13.65858	592.25293
13.662419	539.99707
13.666258	536.67682
13.670097	571.75867
13.673936	547.63568
13.677777	582.75458
13.681616	573.43713
13.685455	558.86768
13.689294	593.22845
13.693134	599.81702
13.696973	577.90143
13.700813	606.01416
13.704652	591.71179
13.708492	610.9848
13.712331	608.21222
13.71617	549.7572
13.720009	577.08978
13.723849	594.98846
13.727689	612.78174
13.731528	582.07227
13.735367	561.09979
13.739206	600.03229
13.743045	610.05365
13.746886	574.48315
13.750725	601.02734
13.754564	587.80017
13.758403	562.93457
13.762242	621.62299
13.766083	616.62964
13.769922	612.43365
13.773761	583.2005
13.7776	562.11407
13.781439	577.29138
13.785278	547.13342
13.789119	533.4707
13.792958	533.79071
13.796797	561.46399
13.800636	618.77002
13.804475	646.25433
13.808315	603.46338
13.812155	562.44952
13.815994	534.14722
13.819833	544.3703
13.823672	549.36963
13.827512	551.14191
13.831351	537.01868
13.835191	563.0351
13.83903	600.58026
13.84287	583.31152
13.846709	581.37476
13.850548	563.23328
13.854387	562.46698
13.858228	599.49011
13.862067	581.06378
13.865906	582.4458
13.869745	566.93286
13.873584	573.95154
13.877425	607.75171
13.881264	576.57269
13.885103	598.72272
13.888942	607.45514
13.892781	612.71198
13.89662	612.27203
13.900461	599.82208
13.9043	603.62073
13.908139	566.88812
13.911978	601.5174
13.915817	669.86395
13.919656	658.17566
13.923497	613.35474
13.927336	621.18909
13.931175	620.57574
13.935014	635.4046
13.938853	621.53143
13.942693	613.49066
13.946533	623.90576
13.950372	599.1026
13.954211	580.39844
13.958051	574.40955
13.96189	583.93756
13.96573	620.3147
13.969569	634.49774
13.973409	629.4339
13.977248	622.44397
13.981087	582.45612
13.984926	617.45477
13.988766	638.79279
13.992606	605.57587
13.996445	614.13647
14.000284	653.08936
14.004123	631.5481
14.007962	618.94098
14.011803	670.26575
14.015642	653.84851
14.019481	594.74512
14.02332	627.08783
14.027159	680.87036
14.030998	647.65717
14.034839	642.18884
14.038678	653.06738
14.042517	602.25421
14.046356	553.94983
14.050195	588.77234
14.054036	588.10468
14.057875	573.13446
14.061714	569.776
14.065553	564.22803
14.069392	589.03473
14.073232	597.34717
14.077072	597.52057
14.080911	620.17114
14.08475	608.8244
14.088589	604.24652
14.092429	599.6214
14.096268	645.7298
14.100108	635.67297
14.103947	603.11841
14.107787	574.59882
14.111626	542.26746
14.115465	597.97467
14.119304	644.44006
14.123145	651.39886
14.126984	666.46936
14.130823	646.25299
14.134662	634.69238
14.138501	630.35181
14.14234	628.08716
14.146181	608.11011
14.15002	612.14514
14.153859	631.32745
14.157698	616.26709
14.161537	607.4649
14.165378	572.55298
14.169217	600.74915
14.173056	599.72308
14.176895	571.85223
14.180734	571.48145
14.184573	615.99188
14.188414	655.28827
14.192253	630.32812
14.196092	586.45941
14.199931	638.95862
14.20377	618.92792
14.20761	614.20062
14.21145	618.69543
14.215289	607.50336
14.219128	601.32941
14.222968	636.38611
14.226807	632.38959
14.230646	608.55249
14.234486	645.90472
14.238326	654.99475
14.242165	600.92389
14.246004	616.78235
14.249843	630.76654
14.253683	658.06439
14.257523	677.92377
14.261362	685.92029
14.265201	713.35083
14.26904	669.97418
14.272879	608.81598
14.27672	662.29224
14.280559	615.15173
14.284398	610.51056
14.288237	652.51141
14.292076	633.46021
14.295915	630.51447
14.299756	598.31183
14.303595	576.10889
14.307434	613.03082
14.311273	651.146
14.315112	645.72339
14.318951	634.18384
14.322792	591.71454
14.326631	594.46161
14.33047	634.83453
14.334309	615.53552
14.338148	590.5871
14.341989	595.29956
14.345828	613.8548
14.349667	693.16058
14.353506	673.37354
14.357346	628.95569
14.361185	612.24377
14.365025	642.01086
14.368864	630.72058
14.372704	662.23816
14.376543	644.36157
14.380382	651.54926
14.384221	626.21991
14.388062	593.10248
14.391901	671.66791
14.39574	660.65143
14.399579	689.96796
14.403418	724.61292
14.407257	646.68372
14.411098	625.45221
14.414937	676.43372
14.418776	668.47333
14.422615	682.26978
14.426454	698.66541
14.430293	655.77124
14.434134	647.2536
14.437973	683.56396
14.441812	693.92206
14.445651	630.26044
14.44949	586.54199
14.453331	623.53418
14.45717	636.78998
14.461009	627.50494
14.464848	614.54535
14.468687	658.74536
14.472527	686.8421
14.476367	678.62811
14.480206	689.89978
14.484045	709.54889
14.487885	683.16406
14.491724	594.16974
14.495563	611.67773
14.499403	640.37445
14.503242	652.30444
14.507082	642.42407
14.510921	693.42859
14.51476	702.98718
14.518599	627.56622
14.52244	625.99603
14.526279	673.76447
14.530118	685.3479
14.533957	660.92871
14.537796	638.13098
14.541637	617.29474
14.545476	611.85132
14.549315	661.03955
14.553154	694.6261
14.556993	719.26862
14.560832	726.28314
14.564673	691.33643
14.568512	690.00739
14.572351	695.91418
14.57619	687.70001
14.580029	686.11316
14.583868	679.7049
14.587709	644.0202
14.591548	641.33893
14.595387	668.75531
14.599226	635.73846
14.603065	621.37408
14.606905	651.03979
14.610745	702.46545
14.614584	666.50916
14.618423	640.12213
14.622263	665.63074
14.626102	667.55389
14.629942	677.8175
14.633781	728.0625
14.637621	681.39917
14.64146	606.36761
14.645299	605.65662
14.649138	640.01929
14.652979	640.23224
14.656818	675.19177
14.660657	692.72778
14.664496	671.10895
14.668335	653.33032
14.672174	644.86206
14.676015	653.12427
14.679854	640.30762
14.683693	610.81549
14.687532	588.14215
14.691371	630.32361
14.69521	606.07782
14.699051	626.02338
14.70289	667.5661
14.706729	656.95642
14.710568	669.84534
14.714407	591.97876
14.718246	571.99524
14.722087	697.95068
14.725926	714.34485
14.729765	671.03546
14.733604	674.91583
14.737444	657.25989
14.741284	678.77618
14.745123	625.80725
14.748962	604.44366
14.752802	642.15057
14.756641	695.71619
14.76048	699.28375
14.76432	641.52667
14.768159	648.73694
14.771999	706.62427
14.775838	708.80029
14.779677	628.74701
14.783516	613.82544
14.787357	628.51056
14.791196	634.75677
14.795035	628.28241
14.798874	634.58484
14.802713	657.85645
14.806552	671.74976
14.810393	685.4375
14.814232	687.54254
14.818071	674.1181
14.82191	663.31805
14.825749	653.98053
14.82959	611.32855
14.833429	590.09113
14.837268	650.99933
14.841107	696.31274
14.844946	664.96582
14.848785	701.09369
14.852626	712.79547
14.856465	731.3725
14.860304	689.14874
14.864143	681.15967
14.867982	646.27954
14.871822	665.85565
14.875662	715.00409
14.879501	763.61749
14.88334	742.17474
14.88718	746.43451
14.891019	717.65295
14.894858	691.71771
14.898698	678.22192
14.902538	665.39648
14.906377	666.13922
14.910216	709.31262
14.914055	687.45587
14.917896	707.59631
14.921735	701.8186
14.925574	760.76215
14.929413	714.35089
14.933252	720.10626
14.937091	694.91144
14.940932	687.18445
14.944771	657.18915
14.94861	761.06812
14.952449	739.45007
14.956288	662.48187
14.960127	715.43701
14.963968	726.36102
14.967807	732.93341
14.971646	757.01367
14.975485	722.43091
14.979324	714.94
14.983163	728.19489
14.987004	774.88269
14.990843	704.4577
14.994682	745.84076
14.998521	716.18103
15.002361	765.81909
15.0062	740.81268
15.01004	730.52338
15.013879	746.42584
15.017719	719.802
15.021558	758.78656
15.025397	787.07837
15.029237	717.08698
15.033076	755.14923
15.036916	710.76666
15.040755	652.52643
15.044594	739.85468
15.048433	738.43896
15.052274	741.62018
15.056113	745.86884
15.059952	764.80334
15.063791	744.3877
15.06763	806.63251
15.071469	779.56531
15.07531	739.89343
15.079149	747.83459
15.082988	768.46002
15.086827	754.32428
15.090666	703.86163
15.094505	748.99164
15.098346	744.02179
15.102185	749.71344
15.106024	782.2702
15.109863	741.15521
15.113702	740.45001
15.117543	766.35571
15.121382	769.30646
15.125221	734.61383
15.12906	799.99091
15.132899	762.93323
15.136739	661.51111
15.140579	669.146
15.144418	714.65082
15.148257	714.96814
15.152097	789.59473
15.155936	808.74451
15.159775	768.43335
15.163615	740.58789
15.167455	732.961
15.171294	818.33685
15.175133	846.71936
15.178972	821.32458
15.182811	722.59418
15.186652	685.84442
15.190491	801.72772
15.19433	702.06219
15.198169	723.43329
15.202008	798.96063
15.205849	750.04926
15.209688	840.20032
15.213527	734.93164
15.217366	683.88745
15.221205	729.99792
15.225044	716.72833
15.228885	771.40704
15.232724	752.56635
15.236563	716.39606
15.240402	781.21246
15.244241	781.07288
15.24808	827.37543
15.251921	729.67572
15.25576	740.32971
15.259599	813.08307
15.263438	810.87183
15.267278	775.20044
15.271117	696.71161
15.274957	793.42047
15.278796	785.37061
15.282635	804.81329
15.286475	752.31696
15.290314	721.99396
15.294153	722.11743
15.297993	773.69788
15.301833	736.27875
15.305672	747.08087
15.309511	779.72937
15.31335	766.28577
15.317191	731.12207
15.32103	748.39386
15.324869	795.42383
15.328708	744.42426
15.332547	734.62561
15.336386	753.61084
15.340227	778.16754
15.344066	747.01318
15.347905	797.60529
15.351744	796.6319
15.355583	847.09747
15.359422	918.43665
15.363263	793.47168
15.367102	785.98572
15.370941	790.31134
15.37478	754.7912
15.378619	809.9043
15.382458	735.25256
15.386299	728.51471
15.390138	720.2829
15.393977	729.91718
15.397816	826.0517
15.401656	805.38745
15.405496	846.28375
15.409335	809.7088
15.413174	731.66931
15.417014	754.72913
15.420853	757.78656
15.424692	830.21356
15.428532	819.4906
15.432372	759.96014
15.436211	747.35828
15.44005	778.97705
15.443889	772.83533
15.447728	769.36426
15.451569	746.98102
15.455408	762.08081
15.459247	761.84839
15.463086	805.95874
15.466925	816.15546
15.470764	808.0705
15.474605	839.12549
15.478444	836.94507
15.482283	757.00494
15.486122	844.33856
15.489961	770.57294
15.493802	744.63995
15.497641	762.16364
15.50148	722.8725
15.505319	756.10791
15.509158	768.38043
15.512997	859.80566
15.516838	793.02356
15.520677	781.68182
15.524516	807.35846
15.528355	806.75592
15.532195	792.38885
15.536034	746.84204
15.539874	720.54138
15.543713	731.086
15.547552	761.6167
15.551392	768.15778
15.555231	774.83209
15.55907	714.71393
15.56291	768.36316
15.56675	809.9693
15.570589	726.50635
15.574428	751.4787
15.578267	754.10492
15.582106	766.78082
15.585947	816.88678
15.589786	823.01355
15.593625	804.07098
15.597464	753.86414
15.601303	760.84717
15.605144	770.25745
15.608983	802.53162
15.612822	752.01276
15.616661	823.22028
15.6205	821.06354
15.624339	722.99469
15.62818	726.25891
15.632019	798.81964
15.635858	841.43176
15.639697	787.78943
15.643536	714.28333
15.647375	758.17719
15.651216	801.84143
15.655055	745.45032
15.658894	741.66608
15.662733	755.34424
15.666573	719.17737
15.670412	755.18994
15.674252	760.2923
15.678091	787.04132
15.681931	714.78851
15.68577	708.23761
15.689609	767.4151
15.693449	746.1532
15.697289	733.18872
15.701128	802.83209
15.704967	779.25958
15.708806	708.11499
15.712645	647.8988
15.716486	721.66858
15.720325	668.20953
15.724164	707.58087
