0.0019196879	0
0.0057590637	0
0.0095984399	0
0.013437815	0
0.017277192	0
0.021116567	0
0.024955943	0
0.02879532	0
0.032634693	0
0.03647407	0
0.040313447	0
0.044152823	0
0.047992197	0
0.051831573	0
0.055670947	0
0.059510326	0
0.0633497	0
0.06718908	0
0.071028453	0
0.074867827	0
0.078707206	0
0.08254658	0
0.086385953	0
0.090225333	0
0.094064707	0
0.097904086	0
0.10174346	0
0.10558283	0
0.10942221	0
0.11326159	0
0.11710097	0
0.12094034	0
0.12477971	0
0.12861909	0
0.13245846	0
0.13629785	0
0.14013722	0
0.14397659	0
0.14781597	0
0.15165534	0
0.15549473	0
0.1593341	0
0.16317347	0
0.16701285	0
0.17085222	0
0.17469161	0
0.17853098	0
0.18237035	0
0.18620973	0
0.1900491	0
0.19388847	0
0.19772786	0
0.20156722	0
0.20540662	0
0.20924599	0
0.21308537	0
0.21692474	0
0.22076411	0
0.22460349	0
0.22844286	0
0.23228223	0
0.23612161	0
0.23996098	0
0.24380035	0
0.24763975	0
0.25147913	0
0.2553185	0
0.25915787	0
0.26299725	0
0.26683662	0
0.27067599	0
0.27451537	0
0.27835474	0
0.28219411	0
0.28603349	0
0.28987288	0
0.29371226	0
0.29755163	0
0.30139101	0
0.30523038	0
0.30906975	0
0.31290913	0
0.3167485	0
0.32058787	0
0.32442725	0
0.32826664	0
0.33210602	0
0.33594539	0
0.33978477	0
0.34362414	0
0.34746351	0
0.35130289	0
0.35514226	0
0.35898163	0
0.36282101	0
0.36666038	0
0.37049978	0
0.37433915	0
0.37817852	0
0.3820179	0
0.38585727	0
0.38969665	0
0.39353602	0
0.39737539	0
0.40121479	0
0.40505414	0
0.40889354	0
0.41273289	0
0.41657228	0
0.42041163	0
0.42425103	0
0.42809038	96.9067523
0.43192978	101.131239
0.43576918	105.0188562
0.43960853	98.4780119
0.44344792	98.5264073
0.44728727	101.8022237
0.45112667	103.0603368
0.45496602	104.1982595
0.45880542	107.6839087
0.46264477	120.3567203
0.46648417	123.4744881
0.47032351	138.9687702
0.47416291	146.925528
0.47800231	146.30226
0.48184166	179.587457
0.48568106	180.857073
0.48952041	217.830352
0.4933598	230.378612
0.49719915	251.427733
0.50103855	275.216583
0.5048779	256.768798
0.5087173	290.928082
0.5125567	278.636171
0.51639605	291.233835
0.52023544	318.085996
0.52407479	326.270126
0.52791419	355.793909
0.53175354	362.725751
0.53559294	383.388241
0.53943229	372.409824
0.54327168	396.69484
0.54711103	420.664328
0.55095043	432.968149
0.55478983	466.027583
0.55862918	471.206926
0.56246858	492.512483
0.56630793	507.407217
0.57014732	510.042475
0.57398667	519.72066
0.57782607	514.09337
0.58166542	516.311039
0.58550482	518.062534
0.58934417	512.548385
0.59318357	511.432144
0.59702296	507.209899
0.60086231	508.568532
0.60470171	512.771951
0.60854106	516.22843
0.61238046	517.303675
0.61621981	515.696626
0.6200592	518.068912
0.62389855	516.937906
0.62773795	517.134583
0.6315773	517.277646
0.6354167	521.362137
0.6392561	525.227855
0.64309545	530.401519
0.64693484	532.413582
0.65077419	532.039195
0.65461359	533.053909
0.65845294	537.085145
0.66229234	542.460772
0.66613169	542.696108
0.66997108	543.001758
0.67381043	541.144034
0.67764983	542.101632
0.68148923	545.425861
0.68532858	548.172174
0.68916798	550.078837
0.69300733	551.39099
0.69684672	554.194555
0.70068607	556.235022
0.70452547	559.55932
0.70836482	560.280975
0.71220422	561.463177
0.71604357	564.827478
0.71988297	564.385828
0.72372236	568.492865
0.72756171	570.279852
0.73140111	571.389068
0.73524046	576.720245
0.73907986	577.961401
0.74291921	578.967873
0.7467586	582.569287
0.75059795	588.353438
0.75443735	591.427527
0.75827675	589.58507
0.7621161	593.072914
0.7659555	587.487089
0.76979485	590.820715
0.77363424	593.544825
0.77747359	597.655077
0.78131299	596.758411
0.78515234	598.076337
0.78899174	598.859307
0.79283109	593.414972
0.79667048	605.739581
0.80050983	607.262005
0.80434923	613.95061
0.80818863	613.384071
0.81202803	612.476838
0.81586733	616.911779
0.81970673	613.211065
0.82354612	622.284869
0.82738552	622.557197
0.83122482	623.902172
0.83506422	626.944592
0.83890362	624.861723
0.84274302	631.302899
0.84658241	639.578869
0.85042171	649.233954
0.85426111	652.350611
0.85810051	659.474187
0.86193991	667.484657
0.86577921	668.480163
0.86961861	672.29696
0.873458	666.720528
0.8772974	665.736822
0.8811368	668.182038
0.8849761	664.364997
0.8888155	666.943293
0.8926549	665.318999
0.89649429	662.2243
0.9003336	663.525085
0.90417299	662.931013
0.90801239	664.204583
0.91185179	666.629832
0.91569109	669.548499
0.91953049	668.962457
0.92336988	670.317145
0.92720928	676.564312
0.93104868	677.450296
0.93488798	675.120568
0.93872738	679.528198
0.94256678	681.459589
0.94640617	679.743201
0.95024548	682.203717
0.95408487	681.166632
0.95792427	679.444721
0.96176367	680.537897
0.96560307	685.624632
0.96944237	684.949371
0.97328176	685.342351
0.97712116	690.064934
0.98096056	689.039808
0.98479986	690.010736
0.98863926	692.918469
0.99247866	693.681068
0.99631805	694.147834
1.0001574	695.308234
1.0039968	694.481549
1.0078362	693.214538
1.0116755	691.739631
1.0155149	692.024629
1.0193542	695.492372
1.0231936	692.144915
1.027033	695.604749
1.0308724	699.825531
1.0347117	701.202839
1.0385511	706.789044
1.0423905	706.666924
1.0462299	704.609357
1.0500693	703.603777
1.0539086	705.279267
1.057748	710.238488
1.0615874	710.468982
1.0654268	711.397876
1.0692661	710.402614
1.0731055	706.449005
1.0769449	707.221033
1.0807843	709.689362
1.0846236	714.23929
1.088463	713.27877
1.0923024	717.309571
1.0961418	715.784925
1.0999812	712.400507
1.1038205	713.857636
1.1076599	713.371942
1.1114993	715.932654
1.1153387	720.645966
1.119178	724.400116
1.1230174	725.903822
1.1268568	730.020385
1.1306962	733.581194
1.1345356	736.600059
1.1383749	740.604058
1.1422143	743.109657
1.1460537	747.889807
1.1498931	747.378289
1.1537324	747.572973
1.1575718	750.908049
1.1614112	751.251622
1.1652506	753.372521
1.16909	750.854884
1.1729293	750.367754
1.1767687	744.957746
1.1806081	745.542921
1.1844475	750.778144
1.1882868	746.609412
1.1921262	751.493244
1.1959656	753.437348
1.199805	750.692213
1.2036443	750.738922
1.2074837	751.887352
1.2113231	749.888745
1.2151625	747.398785
1.2190019	754.511596
1.2228412	753.302159
1.2266806	751.085407
1.23052	751.850032
1.2343594	751.584862
1.2381987	755.670373
1.2420381	760.195775
1.2458775	766.071374
1.2497169	764.319716
1.2535563	762.978998
1.2573956	763.082575
1.261235	765.087518
1.2650743	767.644758
1.2689137	771.083051
1.272753	775.832635
1.2765924	771.438764
1.2804318	774.549354
1.2842712	776.702832
1.2881105	774.967524
1.2919499	779.525609
1.2957893	779.130841
1.2996287	783.466689
1.3034681	780.209065
1.3073074	781.467919
1.3111468	783.701209
1.3149862	780.177363
1.3188256	785.404548
1.3226649	787.559271
1.3265043	788.027093
1.3303437	787.965662
1.3341831	787.935826
1.3380225	786.227472
1.3418618	786.092664
1.3457012	792.233759
1.3495406	794.689043
1.35338	794.817066
1.3572193	795.75105
1.3610587	799.281184
1.3648981	797.041029
1.3687375	800.16504
1.3725769	804.142621
1.3764162	801.409814
1.3802556	804.267475
1.384095	802.721564
1.3879344	807.409497
1.3917737	808.200452
1.3956131	812.954762
1.3994525	818.151922
1.4032919	812.655323
1.4071312	814.66087
1.4109706	815.435784
1.41481	816.014154
1.4186494	819.841999
1.4224888	820.806231
1.4263281	824.381909
1.4301675	823.080779
1.4340069	828.468775
1.4378463	831.112432
1.4416856	830.371794
1.445525	829.838221
1.4493644	831.79826
1.4532038	833.404193
1.4570432	834.851746
1.4608825	843.193378
1.4647219	843.290948
1.4685613	844.800057
1.4724007	846.046429
1.47624	847.360356
1.4800794	845.983208
1.4839188	845.391064
1.4877582	847.400582
1.4915975	842.880958
1.4954369	846.144763
1.4992763	850.045641
1.5031157	853.504979
1.5069551	852.744232
1.5107944	856.080562
1.5146338	860.059259
1.5184731	856.238391
1.5223125	864.017846
1.5261518	871.288531
1.5299912	871.656903
1.5338306	877.953594
1.53767	877.892524
1.5415094	876.423304
1.5453487	875.547888
1.5491881	877.146845
1.5530275	877.779085
1.5568669	876.290363
1.5607062	881.209112
1.5645456	881.852337
1.568385	881.469336
1.5722244	882.294526
1.5760637	883.040919
1.5799031	882.515558
1.5837425	885.044824
1.5875819	891.175153
1.5914213	893.748315
1.5952606	894.760937
1.5991	899.052927
1.6029394	901.775727
1.6067787	902.163744
1.6106182	903.192199
1.6144575	903.642425
1.618297	900.544958
1.6221363	903.236628
1.6259756	905.778098
1.6298151	905.123085
1.6336544	906.052173
1.6374937	910.402239
1.6413332	915.345544
1.6451725	913.458985
1.649012	917.478345
1.6528513	916.79765
1.6566906	915.20722
1.6605301	920.894196
1.6643694	925.022962
1.6682089	929.401287
1.6720482	935.163368
1.6758875	943.200108
1.679727	945.590035
1.6835663	949.792365
1.6874056	953.309377
1.6912451	953.851408
1.6950844	958.713014
1.6989239	963.670938
1.7027632	970.196694
1.7066025	972.635682
1.710442	976.681851
1.7142813	980.616167
1.7181208	980.923022
1.7219601	988.623553
1.7257994	990.167156
1.7296389	994.916594
1.7334782	998.810627
1.7373175	1006.357099
1.741157	1014.840674
1.7449963	1014.083188
1.7488358	1022.788636
1.7526751	1022.177425
1.7565144	1029.197375
1.7603539	1032.494085
1.7641932	1034.620037
1.7680326	1040.920894
1.7718719	1041.306838
1.7757113	1052.289325
1.7795507	1053.70247
1.78339	1057.45267
1.7872295	1058.50948
1.7910688	1063.47904
1.7949081	1067.89715
1.7987476	1069.46096
1.8025869	1079.47811
1.8064262	1080.34776
1.8102657	1090.78231
1.814105	1099.39561
1.8179445	1106.23042
1.8217838	1108.60569
1.8256231	1110.07964
1.8294626	1115.76405
1.8333019	1115.99977
1.8371414	1127.09672
1.8409807	1133.91768
1.84482	1140.47684
1.8486595	1147.34103
1.8524988	1155.60402
1.8563381	1163.59756
1.8601776	1166.33148
1.8640169	1176.3209
1.8678564	1179.14932
1.8716957	1180.65505
1.875535	1189.19554
1.8793745	1191.21808
1.8832138	1196.16126
1.8870533	1202.9491
1.8908926	1212.5409
1.8947319	1218.23839
1.8985714	1221.74732
1.9024107	1229.2014
1.9062502	1231.05774
1.9100895	1237.58125
1.9139288	1244.10053
1.9177683	1246.24149
1.9216076	1249.75938
1.9254469	1257.30736
1.9292864	1263.66331
1.9331257	1265.73371
1.9369652	1272.29459
1.9408045	1275.1573
1.9446438	1276.21523
1.9484833	1280.13314
1.9523226	1283.31703
1.9561621	1285.68512
1.9600014	1288.61176
1.9638407	1291.71524
1.9676802	1292.74253
1.9715195	1293.25545
1.9753588	1291.27217
1.9791983	1286.61191
1.9830376	1283.13158
1.9868771	1284.45862
1.9907164	1280.94986
1.9945557	1282.9128
1.9983952	1280.54763
2.0022345	1277.55338
2.006074	1279.34496
2.0099133	1274.96973
2.0137526	1272.18298
2.017592	1266.45494
2.0214314	1263.00343
2.0252707	1254.47149
2.0291101	1252.62951
2.0329494	1249.85311
2.0367889	1246.06512
2.0406282	1242.72923
2.0444675	1238.40749
2.048307	1232.84706
2.0521463	1226.62655
2.0559858	1224.51949
2.0598251	1215.19227
2.0636644	1207.52674
2.0675039	1200.95631
2.0713432	1193.41037
2.0751827	1186.09927
2.079022	1177.86066
2.0828613	1173.00065
2.0867008	1161.33128
2.0905401	1153.90336
2.0943794	1148.82797
2.0982189	1137.81754
2.1020582	1134.17932
2.1058977	1127.01841
2.109737	1118.44281
2.1135763	1110.86517
2.1174158	1105.17577
2.1212551	1100.99187
2.1250946	1092.58363
2.1289339	1088.59202
2.1327732	1078.82967
2.1366127	1068.64449
2.140452	1061.176998
2.1442913	1055.257379
2.1481308	1049.216516
2.1519701	1042.685297
2.1558096	1039.306778
2.1596489	1031.551373
2.1634882	1025.290188
2.1673277	1022.134968
2.171167	1015.528113
2.1750065	1009.279526
2.1788458	1006.155051
2.1826851	1002.263629
2.1865246	995.115947
2.1903639	991.984974
2.1942034	988.755154
2.1980427	983.754992
2.201882	982.285118
2.2057215	980.91894
2.2095608	975.398874
2.2134001	971.653975
2.2172396	967.513427
2.2210789	962.401411
2.2249184	958.014222
2.2287577	958.020075
2.232597	958.553429
2.2364365	955.5647
2.2402758	954.316587
2.2441153	948.943942
2.2479546	943.284514
2.2517939	940.529379
2.2556334	939.297924
2.2594727	938.375909
2.263312	937.667712
2.2671515	936.799371
2.2709908	932.834679
2.2748302	927.446247
2.2786695	925.770013
2.2825089	922.813945
2.2863483	920.570159
2.2901876	917.443289
2.2940271	916.259137
2.2978664	915.583735
2.3017057	913.1872
2.3055452	916.842974
2.3093845	914.842347
2.3132238	913.840766
2.3170633	914.394244
2.3209026	910.604992
2.3247421	909.11477
2.3285814	908.199256
2.3324207	908.325751
2.3362602	903.718629
2.3400995	901.522296
2.343939	900.377059
2.3477783	896.706423
2.3516176	894.899256
2.3554571	894.270881
2.3592964	894.744458
2.3631359	895.386278
2.3669752	898.29248
2.3708145	898.858318
2.374654	896.072155
2.3784933	895.527002
2.3823326	896.517407
2.3861721	892.972144
2.3900114	893.367869
2.3938509	893.332146
2.3976902	891.631096
2.4015295	888.634662
2.405369	887.942834
2.4092083	886.207495
2.4130478	887.840668
2.4168871	889.959636
2.4207264	889.701818
2.4245659	887.110193
2.4284052	886.850635
2.4322445	888.865399
2.436084	888.088782
2.4399233	891.631798
2.4437628	891.260272
2.4476021	889.479737
2.4514414	884.477917
2.4552809	878.56303
2.4591202	875.869249
2.4629597	875.125983
2.466799	876.660493
2.4706383	879.267188
2.4744778	876.137653
2.4783171	875.488684
2.4821566	876.173633
2.4859959	875.469678
2.4898352	877.916133
2.4936747	879.312519
2.497514	880.397474
2.5013533	880.180586
2.5051928	880.938294
2.5090321	881.708557
2.5128716	881.816966
2.5167109	882.449976
2.5205502	880.808356
2.5243896	879.023787
2.528229	877.055652
2.5320684	878.416841
2.5359077	877.134923
2.539747	876.917657
2.5435865	876.906152
2.5474258	876.277094
2.5512651	874.016144
2.5551046	872.992358
2.5589439	872.773676
2.5627834	873.790234
2.5666227	877.109235
2.570462	879.10622
2.5743015	876.303339
2.5781408	873.902668
2.5819803	876.326092
2.5858196	876.057752
2.5896589	878.686798
2.5934984	879.785869
2.5973377	877.975391
2.6011772	877.124725
2.6050165	876.938085
2.6088558	874.838202
2.6126953	877.478407
2.6165346	879.604211
2.6203739	882.191962
2.6242134	880.106307
2.6280527	880.696655
2.6318922	881.174365
2.6357315	879.919781
2.6395708	880.815913
2.6434103	879.658171
2.6472496	878.822948
2.6510891	880.548016
2.6549284	884.864281
2.6587677	890.287024
2.6626072	897.343159
2.6664465	900.792829
2.6702858	902.49372
2.6741253	903.385424
2.6779646	901.830005
2.6818041	899.33119
2.6856434	891.055761
2.6894827	886.009803
2.6933222	880.329834
2.6971615	877.145581
2.701001	873.408233
2.7048403	868.284836
2.7086796	869.622418
2.7125191	869.400922
2.7163584	870.78379
2.7201977	872.50799
2.7240372	871.66075
2.7278765	871.225635
2.731716	871.425653
2.7355553	868.999084
2.7393946	866.301757
2.7432341	865.687995
2.7470734	864.094384
2.7509129	865.751178
2.7547522	868.784095
2.7585915	870.097345
2.762431	869.784204
2.7662703	870.249785
2.7701097	867.886809
2.7739491	865.538788
2.7777884	867.315564
2.7816278	871.415339
2.7854671	874.82458
2.7893064	875.826989
2.7931459	876.610728
2.7969852	874.64062
2.8008247	875.581348
2.804664	879.408553
2.8085033	880.161775
2.8123428	885.635479
2.8161821	891.307075
2.8200216	891.861805
2.8238609	892.502003
2.8277002	894.900189
2.8315397	894.639058
2.835379	896.478479
2.8392183	899.249804
2.8430578	900.049567
2.8468971	904.075953
2.8507366	907.006298
2.8545759	908.546545
2.8584152	910.53003
2.8622547	913.578418
2.866094	919.458647
2.8699335	922.332459
2.8737728	926.588197
2.8776121	933.431009
2.8814516	937.350516
2.8852909	940.654937
2.8891304	945.582568
2.8929697	946.434931
2.896809	947.315814
2.9006485	950.526215
2.9044878	953.859214
2.9083271	960.198191
2.9121666	970.548573
2.9160059	980.536459
2.9198454	987.322982
2.9236847	994.806509
2.927524	1004.860183
2.9313635	1011.141198
2.9352028	1018.162785
2.9390423	1025.912028
2.9428816	1033.223003
2.9467209	1044.23337
2.9505604	1058.804646
2.9543997	1069.14778
2.958239	1077.67258
2.9620785	1087.83453
2.9659178	1096.95657
2.9697573	1104.79073
2.9735966	1116.53476
2.9774359	1126.41497
2.9812754	1132.40888
2.9851147	1141.27234
2.9889542	1147.46324
2.9927935	1152.56906
2.9966328	1158.10305
3.0004723	1163.34841
3.0043116	1165.79424
3.0081509	1168.10535
3.0119904	1169.36703
3.0158297	1171.86285
3.0196692	1171.75943
3.0235085	1172.30508
3.0273478	1172.3491
3.0311872	1169.88232
3.0350266	1170.62729
3.038866	1169.01054
3.0427053	1166.0824
3.0465446	1160.6654
3.0503841	1158.0555
3.0542234	1152.17765
3.0580629	1146.9484
3.0619022	1140.98877
3.0657415	1135.38174
3.069581	1129.43877
3.0734203	1125.53987
3.0772596	1123.81616
3.0810991	1116.71239
3.0849384	1111.10938
3.0887779	1105.05318
3.0926172	1099.22311
3.0964565	1093.35073
3.100296	1089.7106
3.1041353	1082.94528
3.1079748	1078.02791
3.1118141	1076.26313
3.1156534	1071.31286
3.1194929	1066.73353
3.1233322	1062.69138
3.1271715	1057.449031
3.131011	1052.277519
3.1348503	1043.692491
3.1386898	1037.921538
3.1425291	1033.405507
3.1463684	1028.691526
3.1502079	1027.88986
3.1540472	1024.015448
3.1578867	1017.620885
3.161726	1014.094274
3.1655653	1011.19684
3.1694048	1004.484266
3.1732441	1001.747077
3.1770836	997.812923
3.1809229	994.442283
3.1847622	991.182908
3.1886017	988.768608
3.192441	984.423672
3.1962803	979.981993
3.2001198	980.334175
3.2039593	978.324642
3.2077984	974.702538
3.2116379	973.376472
3.2154774	974.267654
3.2193165	975.360817
3.223156	975.421691
3.2269955	975.577118
3.2308346	971.147538
3.2346741	970.035468
3.2385136	967.581112
3.2423531	962.985666
3.2461922	960.143764
3.2500317	957.839111
3.2538712	957.447474
3.2577103	955.490849
3.2615498	952.004773
3.2653893	950.369025
3.2692284	947.193177
3.2730679	945.158395
3.2769073	944.094891
3.2807465	944.3921
3.284586	946.095395
3.2884254	947.78068
3.2922649	946.081296
3.296104	944.310331
3.2999435	943.143646
3.303783	941.178811
3.3076221	941.547215
3.3114616	940.255593
3.3153011	939.09348
3.3191402	936.464372
3.3229797	934.041716
3.3268192	931.570909
3.3306583	931.738721
3.3344978	930.924389
3.3383373	929.856019
3.3421768	926.377776
3.3460159	924.71087
3.3498554	924.167657
3.3536949	921.816131
3.357534	919.648842
3.3613735	916.286628
3.365213	914.391436
3.3690521	914.552704
3.3728916	916.041096
3.3767311	914.475935
3.3805706	911.333782
3.3844097	911.04361
3.3882492	907.791201
3.3920887	905.198279
3.3959278	903.57856
3.3997673	902.906956
3.4036068	904.999713
3.4074459	908.071886
3.4112854	909.232775
3.4151249	907.029894
3.418964	908.390815
3.4228035	905.007201
3.426643	904.116964
3.4304825	902.130989
3.4343216	901.320765
3.4381611	897.619573
3.4420006	895.016638
3.4458397	891.093164
3.4496792	885.682995
3.4535187	887.486787
3.4573578	886.370205
3.4611973	890.712677
3.4650368	893.319868
3.4688759	895.716224
3.4727154	896.424597
3.4765549	897.665832
3.4803944	897.711126
3.4842335	895.953108
3.488073	893.065027
3.4919125	892.486695
3.4957516	886.898827
3.4995911	887.986323
3.5034306	886.956764
3.5072697	888.003546
3.5111092	890.758666
3.5149487	891.164216
3.5187878	892.675885
3.5226273	891.656604
3.5264668	891.107043
3.5303062	891.646076
3.5341454	890.725506
3.5379848	887.489527
3.5418243	885.331068
3.5456635	882.652998
3.5495029	882.352155
3.5533424	885.967053
3.5571815	889.614832
3.561021	888.127936
3.5648605	886.49943
3.5686996	883.551618
3.5725391	881.229747
3.5763786	881.133922
3.5802181	881.159654
3.5840572	884.16272
3.5878967	886.403558
3.5917362	889.07812
3.5955753	888.083142
3.5994148	883.785877
3.6032543	880.513838
3.6070934	876.79452
3.6109329	875.715546
3.6147724	877.080438
3.6186115	879.350581
3.622451	880.267817
3.6262905	880.612404
3.63013	879.603411
3.6339691	878.502637
3.6378086	877.170184
3.6416481	877.052026
3.6454872	876.607056
3.6493267	875.795251
3.6531662	877.146937
3.6570053	875.981067
3.6608448	876.821789
3.6646843	877.049872
3.6685238	877.648881
3.6723629	874.17434
3.6762024	870.834424
3.6800419	867.885175
3.683881	864.034197
3.6877205	866.393012
3.69156	869.177454
3.6953991	869.995355
3.6992386	872.665557
3.7030781	873.791339
3.7069172	875.660436
3.7107567	880.627271
3.7145962	882.813196
3.7184357	884.679712
3.7222748	884.131165
3.7261143	881.388842
3.7299538	877.710667
3.7337929	875.964716
3.7376324	876.150784
3.7414719	878.391321
3.745311	879.617542
3.7491505	879.66352
3.75299	878.096435
3.7568291	876.939288
3.7606686	877.564031
3.7645081	878.798139
3.7683475	881.815192
3.7721867	881.841375
3.7760262	884.438154
3.7798656	884.159564
3.7837048	884.16668
3.7875443	885.435449
3.7913837	884.122186
3.7952229	884.485975
3.7990623	882.789232
3.8029018	881.977802
3.806741	881.981617
3.8105804	885.029901
3.8144199	884.918493
3.8182594	882.167792
3.8220985	880.856469
3.825938	878.969121
3.8297775	880.158343
3.8336166	881.616596
3.8374561	879.216728
3.8412956	878.655956
3.8451347	878.857537
3.8489742	879.494808
3.8528137	879.430976
3.8566528	879.227112
3.8604923	879.54579
3.8643318	880.284548
3.8681713	882.861467
3.8720104	883.302015
3.8758499	883.26167
3.8796894	884.078211
3.8835285	883.184052
3.887368	880.810821
3.8912075	877.342266
3.8950466	874.636101
3.8988861	875.107695
3.9027256	873.620819
3.9065647	871.376171
3.9104042	870.042302
3.9142437	870.378602
3.9180832	872.835046
3.9219223	875.245501
3.9257618	872.826398
3.9296013	870.391456
3.9334404	869.435376
3.9372799	865.716328
3.9411194	864.863007
3.9449585	862.443835
3.948798	859.58125
3.9526375	858.654657
3.956477	860.51433
3.9603161	862.587788
3.9641556	864.354974
3.9679951	865.153272
3.9718342	865.447198
3.9756737	866.393512
3.9795132	869.35727
3.9833523	871.401275
3.9871918	873.583424
3.9910313	872.898468
3.9948704	871.515766
3.9987099	869.052473
4.0025494	867.341728
4.0063889	865.136988
4.010228	865.242999
4.0140675	862.729626
4.017907	863.676324
4.0217461	864.05932
4.0255856	864.441124
4.029425	863.491252
4.0332642	863.698212
4.0371037	863.547424
4.0409431	865.136682
4.0447823	865.088318
4.0486217	863.819557
4.0524612	861.020155
4.0563007	858.435558
4.0601398	856.930988
4.0639793	858.374169
4.0678188	858.448725
4.0716579	857.339929
4.0754974	857.563917
4.0793369	858.733313
4.083176	857.878095
4.0870155	859.31615
4.090855	859.03678
4.0946941	857.929266
4.0985336	857.03861
4.1023731	856.798498
4.1062126	853.319549
4.1100517	855.985079
4.1138912	856.401277
4.1177307	857.456104
4.1215698	857.453936
4.1254093	855.124322
4.1292488	852.489088
4.1330879	849.038971
4.1369274	849.100739
4.1407669	848.894739
4.144606	850.516462
4.1484455	854.303956
4.152285	855.079728
4.1561245	854.960443
4.1599636	856.331445
4.1638031	852.626856
4.1676426	851.099639
4.1714817	848.931402
4.1753212	845.678797
4.1791607	844.57038
4.1829998	845.217779
4.1868393	845.322486
4.1906788	843.229254
4.1945179	838.692687
4.1983574	837.142293
4.2021969	833.085485
4.2060364	834.668811
4.2098755	836.744177
4.213715	834.499291
4.2175545	836.566374
4.2213936	836.803454
4.2252331	838.752381
4.2290726	841.363184
4.2329117	843.08476
4.2367512	845.071099
4.2405907	846.180113
4.2444302	848.208221
4.2482693	849.014624
4.2521088	847.927899
4.2559483	850.643785
4.2597874	850.09571
4.2636269	852.239775
4.2674664	849.189439
4.2713055	847.517743
4.275145	845.362567
4.2789845	844.15244
4.2828236	842.311388
4.2866631	836.168854
4.2905025	831.022132
4.294342	830.263488
4.2981812	829.983875
4.3020206	832.787019
4.3058601	833.191559
4.3096992	834.106268
4.3135387	833.849303
4.3173782	835.174053
4.3212173	833.93313
4.3250568	835.66792
4.3288963	836.522173
4.3327354	835.00276
4.3365749	833.788069
4.3404144	828.628962
4.3442539	827.594928
4.348093	826.803161
4.3519325	825.586604
4.355772	825.32837
4.3596111	826.72442
4.3634506	830.070361
4.3672901	832.761378
4.3711292	831.873089
4.3749687	830.35486
4.3788082	829.085413
4.3826473	827.272595
4.3864868	829.011548
4.3903263	828.212336
4.3941658	828.029345
4.3980049	827.2487
4.4018444	825.681085
4.4056839	824.118145
4.409523	825.548156
4.4133625	825.411621
4.417202	825.534161
4.4210411	823.95401
4.4248806	819.346722
4.4287201	818.225812
4.4325592	816.223687
4.4363987	817.428026
4.4402382	813.562385
4.4440777	810.23576
4.4479168	811.684881
4.4517563	812.604249
4.4555958	815.890747
4.4594349	815.976653
4.4632744	814.162549
4.4671139	814.171137
4.470953	814.052014
4.4747925	816.574469
4.478632	817.396595
4.4824711	820.598268
4.4863106	821.94449
4.4901501	819.755193
4.4939896	820.692462
4.4978287	818.933452
4.5016682	819.058947
4.5055077	818.885486
4.5093468	817.734071
4.5131863	818.694967
4.5170258	818.159118
4.5208649	819.278712
4.5247044	816.521173
4.5285439	815.74425
4.5323833	815.848217
4.5362225	817.503033
4.540062	816.224339
4.5439014	816.399921
4.5477406	813.671198
4.55158	813.229059
4.5554195	815.926703
4.5592587	816.932715
4.5630981	818.559546
4.5669376	819.326044
4.5707767	816.801441
4.5746162	817.181324
4.5784557	814.982953
4.5822952	814.203093
4.5861343	814.514209
4.5899738	816.719629
4.5938133	818.173762
4.5976524	818.00367
4.6014919	817.840448
4.6053314	816.546838
4.6091705	815.178828
4.61301	815.362054
4.6168495	816.527727
4.6206886	819.466735
4.6245281	821.455988
4.6283676	819.817028
4.6322071	818.859156
4.6360462	817.174206
4.6398857	819.717462
4.6437252	820.361804
4.6475643	818.512469
4.6514038	815.793909
4.6552433	810.797558
4.6590824	807.643086
4.6629219	810.185706
4.6667614	811.802759
4.6706005	809.491802
4.67444	807.8552
4.6782795	805.532288
4.682119	804.16045
4.6859581	805.73893
4.6897976	803.85359
4.6936371	799.071619
4.6974762	799.224102
4.7013157	795.819629
4.7051552	793.489478
4.7089943	792.425207
4.7128338	792.159014
4.7166733	797.027185
4.7205124	800.362908
4.7243519	802.424725
4.7281914	801.638887
4.7320309	800.071125
4.73587	798.875281
4.7397095	795.627105
4.743549	793.131047
4.7473881	790.303508
4.7512276	789.556958
4.7550671	793.723578
4.7589062	796.388148
4.7627457	795.674974
4.7665852	792.654395
4.7704243	789.199389
4.7742638	790.671973
4.7781033	791.317389
4.7819427	792.335754
4.7857819	794.532655
4.7896214	794.714113
4.7934608	797.462329
4.7973	797.738744
4.8011395	798.572865
4.8049789	797.7867
4.8088181	795.110156
4.8126575	793.44967
4.816497	792.654456
4.8203365	790.112037
4.8241756	787.880638
4.8280151	786.504206
4.8318546	786.425268
4.8356937	789.753621
4.8395332	792.499201
4.8433727	792.915955
4.8472118	792.728149
4.8510513	790.721399
4.8548908	789.351128
4.8587299	788.922992
4.8625694	787.926446
4.8664089	786.081366
4.8702484	784.422698
4.8740875	784.083928
4.877927	784.077442
4.8817665	785.672582
4.8856056	786.243396
4.8894451	786.096071
4.8932846	785.284704
4.8971237	786.039563
4.9009632	785.898394
4.9048027	783.273009
4.9086418	781.9117
4.9124813	783.263007
4.9163208	784.434565
4.9201603	787.636134
4.9239994	786.512305
4.9278389	782.788659
4.9316784	783.094172
4.9355175	781.956962
4.939357	783.3632
4.9431965	784.836021
4.9470356	785.942864
4.9508751	787.692223
4.9547146	787.20191
4.9585537	789.563112
4.9623932	789.111871
4.9662327	789.701374
4.9700722	790.685522
4.9739113	789.632283
4.9777508	788.381079
4.9815903	787.571441
4.9854294	788.29229
4.9892689	791.668407
4.9931084	794.741511
4.9969475	793.655054
5.000787	790.7118
5.0046265	790.116516
5.0084656	790.071374
5.0123051	789.946797
5.0161446	790.858196
5.0199841	792.902711
5.0238232	797.016277
5.0276627	799.564422
5.0315022	800.463417
5.0353413	798.009918
5.0391808	799.335116
5.0430202	800.16308
5.0468594	803.16643
5.0506989	805.311354
5.0545383	805.591735
5.0583778	808.850984
5.0622169	812.379364
5.0660564	813.907043
5.0698959	818.809154
5.073735	824.06947
5.0775745	826.129121
5.081414	831.359809
5.0852531	832.984973
5.0890926	834.748027
5.0929321	835.708027
5.0967712	834.086571
5.1006107	833.295665
5.1044502	836.109558
5.1082897	839.205547
5.1121288	843.107813
5.1159683	848.867669
5.1198078	852.190168
5.1236469	857.46853
5.1274864	857.841937
5.1313259	857.666791
5.135165	858.027528
5.1390045	860.357843
5.142844	865.493561
5.1466831	868.904931
5.1505226	872.950855
5.1543621	875.149658
5.1582016	875.734064
5.1620407	876.557794
5.1658802	875.830059
5.1697197	877.354723
5.1735588	877.559216
5.1773983	877.884437
5.1812378	876.596318
5.1850769	876.335064
5.1889164	877.773321
5.1927559	876.590132
5.196595	879.007117
5.2004345	880.611328
5.204274	880.544745
5.2081135	879.861109
5.2119526	877.798999
5.2157921	874.833234
5.2196316	877.057299
5.2234707	876.128046
5.2273102	876.285986
5.2311497	874.693926
5.2349888	870.568865
5.2388283	870.922992
5.2426678	872.132239
5.2465069	871.745363
5.2503464	868.83446
5.2541859	866.117107
5.2580254	864.549939
5.2618645	863.65468
5.265704	860.489008
5.2695435	854.537811
5.2733826	849.987732
5.2772221	848.3
5.2810616	847.797378
5.2849007	848.855403
5.2887402	850.431654
5.2925797	851.70529
5.2964188	850.362055
5.3002583	847.709838
5.3040977	843.508558
5.3079372	837.401856
5.3117764	835.858099
5.3156158	836.558702
5.3194553	836.704762
5.3232944	834.675525
5.3271339	828.470258
5.3309734	824.997449
5.3348125	822.353009
5.338652	826.708698
5.3424915	828.511226
5.346331	828.605584
5.3501701	828.330226
5.3540096	826.489393
5.3578491	828.040385
5.3616882	825.089868
5.3655277	821.07183
5.3693672	818.168048
5.3732063	815.571801
5.3770458	816.464826
5.3808853	816.045337
5.3847244	817.572352
5.3885639	815.920386
5.3924034	815.028644
5.3962429	810.426555
5.400082	807.378723
5.4039215	806.034856
5.407761	805.707465
5.4116001	807.163537
5.4154396	808.061486
5.4192791	805.149524
5.4231182	803.292363
5.4269577	799.19809
5.4307972	798.50464
5.4346363	798.108033
5.4384758	795.902831
5.4423153	794.155243
5.4461548	791.130853
5.4499939	787.588036
5.4538334	786.414093
5.4576729	786.757477
5.461512	786.651018
5.4653515	787.598456
5.469191	783.753497
5.4730301	781.482965
5.4768696	780.061938
5.4807091	780.184761
5.4845482	782.003996
5.4883877	780.709149
5.4922272	782.596369
5.4960667	784.601575
5.4999058	786.26723
5.5037453	786.526702
5.5075848	783.637328
5.5114239	781.618212
5.5152634	781.170019
5.5191029	781.561419
5.522942	781.129773
5.5267815	781.920624
5.530621	781.516369
5.5344601	780.837877
5.5382996	779.881743
5.5421391	777.27948
5.5459785	774.816174
5.5498177	772.61836
5.5536572	771.202369
5.5574966	772.636751
5.5613358	773.183734
5.5651752	772.96463
5.5690147	771.243409
5.5728539	772.684735
5.5766933	774.059339
5.5805328	776.094732
5.5843719	773.972847
5.5882114	771.46192
5.5920509	772.073054
5.5958904	771.438696
5.5997295	771.629521
5.603569	773.443635
5.6074085	772.855181
5.6112476	771.592162
5.6150871	768.023993
5.6189266	764.611395
5.6227657	765.223774
5.6266052	767.480701
5.6304447	767.512298
5.6342842	771.572809
5.6381233	770.894123
5.6419628	769.003222
5.6458023	766.404273
5.6496414	764.233375
5.6534809	759.945867
5.6573204	759.708607
5.6611595	761.433192
5.664999	760.651551
5.6688385	765.378979
5.6726776	761.782182
5.6765171	762.249377
5.6803566	759.826659
5.6841961	758.124304
5.6880352	754.677226
5.6918747	752.043561
5.6957142	751.779205
5.6995533	751.561176
5.7033928	754.215539
5.7072323	755.647883
5.7110714	755.796979
5.7149109	756.464489
5.7187504	755.166192
5.7225895	752.112781
5.726429	748.11499
5.7302685	746.213377
5.734108	745.767102
5.7379471	747.880017
5.7417866	749.234998
5.7456261	744.987353
5.7494652	744.661842
5.7533047	743.901263
5.7571442	742.40265
5.7609833	739.962085
5.7648228	739.537934
5.7686623	739.511816
5.7725014	743.972737
5.7763409	745.31377
5.7801804	742.658031
5.7840199	742.225658
5.787859	739.094116
5.7916985	740.897137
5.7955379	742.397118
5.7993771	742.371028
5.8032166	742.450413
5.807056	741.213183
5.8108952	741.61015
5.8147346	740.47608
5.8185741	742.962688
5.8224133	744.510417
5.8262527	742.399256
5.8300922	740.86118
5.8339317	739.805714
5.8377708	740.530077
5.8416103	741.096686
5.8454498	741.902436
5.8492889	742.325495
5.8531284	743.878222
5.8569679	741.384387
5.860807	741.029583
5.8646465	738.893317
5.868486	737.635729
5.8723251	734.476379
5.8761646	731.987645
5.8800041	732.019383
5.8838436	732.549213
5.8876827	734.985657
5.8915222	735.584107
5.8953617	737.913307
5.8992008	737.826063
5.9030403	736.495717
5.9068798	737.563329
5.9107189	736.603591
5.9145584	738.142744
5.9183979	737.093573
5.9222374	735.629138
5.9260765	734.837305
5.929916	733.363935
5.9337555	736.984546
5.9375946	736.285591
5.9414341	734.112939
5.9452736	730.734489
5.9491127	727.260314
5.9529522	729.576966
5.9567917	733.027839
5.9606308	731.375097
5.9644703	727.745809
5.9683098	724.372346
5.9721493	725.951745
5.9759884	732.555346
5.9798279	732.219482
5.9836674	732.888483
5.9875065	727.001783
5.991346	726.366656
5.9951855	727.555238
5.9990246	728.186016
6.0028641	730.832183
6.0067036	730.561401
6.0105427	730.41189
6.0143822	731.997118
6.0182217	732.029276
6.0220612	731.793945
6.0259003	732.573186
6.0297398	730.51604
6.0335793	732.472497
6.0374184	729.936562
6.0412579	727.623314
6.0450974	725.150158
6.0489365	723.27046
6.052776	723.313398
6.0566154	722.848005
6.0604546	724.518268
6.0642941	724.756014
6.0681335	726.322749
6.071973	724.666485
6.0758121	721.059816
6.0796516	719.361078
6.0834911	716.553548
6.0873302	718.647467
6.0911697	721.326472
6.0950092	722.153613
6.0988483	721.873169
6.1026878	718.935076
6.1065273	720.077026
6.1103664	722.807286
6.1142059	723.305671
6.1180454	722.170678
6.1218849	720.599404
6.125724	720.531409
6.1295635	719.250263
6.133403	716.885656
6.1372421	717.308307
6.1410816	715.113959
6.1449211	715.081055
6.1487602	717.215831
6.1525997	716.606202
6.1564392	718.185719
6.1602783	716.474909
6.1641178	714.609742
6.1679573	714.281141
6.1717968	711.600831
6.1756359	710.395112
6.1794754	709.177306
6.1833149	706.449481
6.187154	704.55733
6.1909935	704.70592
6.194833	703.98396
6.1986721	703.743279
6.2025116	702.817321
6.2063511	699.475469
6.2101906	698.274934
6.2140297	697.406879
6.2178692	695.893938
6.2217087	698.077385
6.2255478	695.951648
6.2293873	699.78614
6.2332268	700.754187
6.2370659	701.599261
6.2409054	702.965809
6.2447449	705.709179
6.248584	707.422644
6.2524235	704.811627
6.256263	698.603887
6.2601025	696.984367
6.2639416	697.895703
6.2677811	702.157801
6.2716206	702.364953
6.2754597	701.661444
6.2792992	701.175128
6.2831387	702.309046
6.2869778	704.850446
6.2908173	700.831905
6.2946568	701.271582
6.2984959	701.43304
6.3023354	703.999598
6.3061749	704.388867
6.3100143	700.371034
6.3138535	694.736475
6.3176929	692.480629
6.3215324	691.90935
6.3253716	694.954076
6.329211	698.726136
6.3330505	699.384154
6.3368896	699.387628
6.3407291	695.620087
6.3445686	696.106456
6.3484077	695.153942
6.3522472	694.095263
6.3560867	695.49795
6.3599262	694.560932
6.3637653	695.25799
6.3676048	695.356493
6.3714443	695.353337
6.3752834	696.639784
6.3791229	693.488087
6.3829624	692.393017
6.3868015	692.618488
6.390641	693.296742
6.3944805	697.375018
6.3983196	696.719537
6.4021591	694.421532
6.4059982	692.398022
6.4098381	691.808228
6.4136772	695.755628
6.4175163	696.648218
6.4213562	695.085082
6.4251953	689.568065
6.4290352	685.766076
6.4328743	683.515161
6.4367134	684.847962
6.4405533	685.937769
6.4443924	688.346363
6.4482315	688.424047
6.4520714	685.845007
6.4559105	681.963142
6.4597496	675.576263
6.4635895	675.215606
6.4674286	674.089398
6.4712677	675.163165
6.4751076	674.454625
6.4789467	673.010633
6.4827858	673.602871
6.4866257	673.502618
6.4904648	671.352392
6.4943039	670.499494
6.4981438	671.694293
6.5019829	677.681737
6.505822	680.352765
6.5096619	681.038892
6.513501	678.172662
6.5173401	679.106439
6.52118	681.408484
6.5250191	682.032764
6.5288589	677.535291
6.5326981	674.231213
6.5365372	676.647496
6.540377	679.305402
6.5442162	681.219719
6.5480553	678.803655
6.5518951	677.199475
6.5557343	676.304694
6.5595734	677.094604
6.5634132	675.91106
6.5672523	673.82295
6.5710915	670.707886
6.5749313	669.859669
6.5787704	669.845849
6.5826096	670.090132
6.5864494	670.268834
6.5902885	667.566143
6.5941277	666.614526
6.5979675	664.961938
6.6018066	664.590392
6.6056458	666.212176
6.6094856	668.335753
6.6133247	674.463347
6.6171646	676.219135
6.6210037	675.225548
6.6248428	669.203777
6.6286827	666.007573
6.6325218	663.639472
6.6363609	663.895601
6.6402008	662.82317
6.6440399	662.505591
6.647879	660.978038
6.6517189	665.113161
6.655558	664.321315
6.6593971	662.516162
6.663237	661.423994
6.6670761	660.400701
6.6709152	662.48592
6.6747551	660.247625
6.6785942	659.962609
6.6824333	659.39264
6.6862732	659.406079
6.6901123	659.919471
6.6939514	657.072637
6.6977913	658.635796
6.7016304	655.151703
6.7054695	654.603746
6.7093094	654.429931
6.7131485	655.48626
6.7169884	653.40401
6.7208275	652.202179
6.7246666	649.443519
6.7285065	649.302154
6.7323456	647.617669
6.7361847	648.068005
6.7400246	647.500116
6.7438637	651.822845
6.7477028	657.266327
6.7515427	661.337958
6.7553818	660.481042
6.7592209	657.804772
6.7630608	655.217433
6.7668999	654.771044
6.770739	653.893354
6.7745789	651.51037
6.778418	647.359167
6.7822571	644.28158
6.786097	646.679296
6.7899361	652.849585
6.7937752	656.735821
6.7976151	659.655842
6.8014542	661.665223
6.8052933	662.640631
6.8091331	661.442548
6.8129723	655.074383
6.8168121	654.142457
6.8206512	652.488316
6.8244904	653.337403
6.8283302	653.417791
6.8321693	654.33889
6.8360085	654.24494
6.8398483	652.928271
6.8436874	644.80819
6.8475266	644.220075
6.8513664	646.176232
6.8552055	651.742804
6.8590446	650.492194
6.8628845	647.28006
6.8667236	646.662781
6.8705627	647.499355
6.8744026	647.952967
6.8782417	645.519421
6.8820808	645.473359
6.8859207	644.310821
6.8897598	646.058826
6.8935989	645.945074
6.8974388	647.890557
6.9012779	645.720195
6.9051178	644.363325
6.9089569	641.462046
6.912796	639.987885
6.9166359	642.211688
6.920475	642.693542
6.9243141	642.418115
6.928154	641.600182
6.9319931	637.42168
6.9358322	638.202241
6.9396721	635.581525
6.9435112	635.521746
6.9473503	633.2203
6.9511902	629.216765
6.9550293	628.48979
6.9588684	630.128442
6.9627083	629.330444
6.9665474	633.092182
6.9703865	631.683739
6.9742264	633.376422
6.9780655	630.861089
6.9819046	630.417553
6.9857445	633.904968
6.9895836	634.849431
6.9934227	636.819352
6.9972626	632.789367
7.0011017	632.109351
7.0049416	636.213685
7.0087807	636.173224
7.0126198	637.456282
7.0164597	627.790405
7.0202988	625.988573
7.0241379	624.642933
7.0279778	630.153149
7.0318169	637.181579
7.035656	639.119933
7.0394958	635.225141
7.043335	630.572521
7.0471741	628.271552
7.0510139	633.588233
7.0548531	636.315925
7.0586922	640.95053
7.062532	639.34201
7.0663712	636.85954
7.0702103	634.307703
7.0740501	633.723847
7.0778893	636.73291
7.0817284	637.775414
7.0855682	637.622852
7.0894073	631.465411
7.0932465	627.160419
7.0970863	627.352291
7.1009254	629.168633
7.1047653	633.655226
7.1086044	636.089844
7.1124435	636.531206
7.1162834	637.771098
7.1201225	634.501769
7.1239616	637.745177
7.1278015	637.450426
7.1316406	634.852564
7.1354797	634.08653
7.1393196	631.192217
7.1431587	631.314832
7.1469978	628.01892
7.1508377	627.873778
7.1546768	623.617246
7.1585159	624.782978
7.1623558	625.363342
7.1661949	627.190137
7.170034	627.206642
7.1738739	622.696527
7.177713	621.129475
7.1815521	618.081373
7.185392	618.820026
7.1892311	620.80623
7.193071	625.885498
7.1969101	625.99613
7.2007492	627.265552
7.2045891	624.722857
7.2084282	621.901068
7.2122673	619.912048
7.2161072	613.394556
7.2199463	611.989795
7.2237854	608.412245
7.2276253	606.687096
7.2314644	608.291724
7.2353035	611.390192
7.2391434	614.897217
7.2429825	616.519989
7.2468216	613.816461
7.2506615	614.788184
7.2545006	618.00658
7.2583397	617.778895
7.2621796	617.045233
7.2660187	612.175151
7.2698578	610.850623
7.2736977	613.433349
7.2775368	616.292242
7.2813759	619.498509
7.2852158	620.942085
7.2890549	617.973805
7.2928947	617.644495
7.2967339	614.421344
7.300573	616.170203
7.3044128	617.652027
7.308252	619.249523
7.3120911	616.40805
7.3159309	614.269072
7.3197701	610.763213
7.3236092	610.282387
7.327449	609.713252
7.3312881	610.828271
7.3351273	610.939503
7.3389671	616.251252
7.3428062	619.081799
7.3466454	619.239976
7.3504852	616.96886
7.3543243	611.181885
7.3581635	609.201684
7.3620033	608.886323
7.3658424	609.382855
7.3696815	609.919324
7.3735214	610.174952
7.3773605	610.055462
7.3811996	611.304918
7.3850395	610.247577
7.3888786	606.215211
7.3927185	607.759786
7.3965576	609.511567
7.4003967	616.715845
7.4042366	615.498377
7.4080757	611.434333
7.4119148	609.711371
7.4157547	605.449501
7.4195938	607.685346
7.4234329	609.293365
7.4272728	610.025941
7.4311119	607.471551
7.434951	603.290191
7.4387909	603.746089
7.44263	607.806276
7.4464691	607.492981
7.450309	605.942358
7.4541481	604.45498
7.4579872	600.332275
7.4618271	600.293433
7.4656662	600.048907
7.4695053	601.144124
7.4733452	602.659948
7.4771843	601.326563
7.4810242	602.537146
7.4848633	601.751276
7.4887024	599.176793
7.4925423	597.495422
7.4963814	597.323144
7.5002205	598.714465
7.5040604	601.940211
7.5078995	601.568377
7.5117386	600.553626
7.5155785	597.979603
7.5194176	596.418347
7.5232567	596.520123
7.5270966	596.890935
7.5309357	597.525684
7.5347748	603.018183
7.5386147	605.665424
7.5424538	608.110833
7.5462929	604.561127
7.5501328	602.695557
7.5539719	601.060455
7.557811	601.624334
7.5616508	603.54582
7.56549	602.118695
7.5693291	603.711571
7.5731689	603.038667
7.5770081	604.459546
7.5808479	601.752704
7.584687	600.38042
7.5885262	600.249786
7.592366	599.098505
7.5962051	596.655695
7.6000443	597.87594
7.6038841	597.456836
7.6077232	599.85191
7.6115623	599.481262
7.6154022	596.756171
7.6192413	594.75398
7.6230804	594.59366
7.6269203	597.402782
7.6307594	599.20623
7.6345985	598.071526
7.6384384	595.087799
7.6422775	592.856421
7.6461166	591.367726
7.6499565	595.42304
7.6537956	597.908815
7.6576347	602.361547
7.6614746	602.962257
7.6653137	600.608838
7.6691528	597.253033
7.6729927	595.209669
7.6768318	593.013433
7.6806717	587.124425
7.6845108	585.790376
7.6883499	590.596432
7.6921898	593.627974
7.6960289	594.19773
7.699868	589.951549
7.7037079	591.055627
7.707547	588.735962
7.7113861	586.911315
7.715226	584.339056
7.7190651	583.844659
7.7229042	587.846063
7.7267441	590.730457
7.7305832	592.74375
7.7344223	589.176386
7.7382622	592.182116
7.7421013	595.883837
7.7459404	598.356059
7.7497803	593.507423
7.7536194	593.324122
7.7574585	596.488319
7.7612984	597.463043
7.7651375	597.863043
7.7689774	596.737525
7.7728165	599.392059
7.7766556	600.536181
7.7804955	601.562823
7.7843346	602.107848
7.7881737	598.652654
7.7920135	598.207197
7.7958527	594.106311
7.7996918	597.57812
7.8035316	599.288788
7.8073708	602.997516
7.8112099	600.37376
7.8150497	597.725434
7.8188889	597.332178
7.822728	598.61997
7.8265678	595.793432
7.830407	595.807563
7.8342461	596.039911
7.8380859	602.246924
7.841925	603.19057
7.8457642	607.061633
7.849604	604.898682
7.8534431	603.210382
7.8572823	598.988031
7.8611221	593.071961
7.8649612	593.199108
7.8688011	595.396356
7.8726402	599.856019
7.8764793	601.135413
7.8803192	599.081806
7.8841583	599.003936
7.8879974	600.415765
7.8918373	598.248724
7.8956764	596.413817
7.8995155	593.666743
7.9033554	591.543091
7.9071945	593.559068
7.9110336	594.394317
7.9148735	601.235432
7.9187126	603.952721
7.9225517	601.019031
7.9263916	598.502746
7.9302307	595.019512
7.9340698	596.057402
7.9379097	594.385937
7.9417488	595.013007
7.9455879	595.951937
7.9494278	596.145099
7.9532669	592.426195
7.957106	589.848512
7.9609459	590.028039
7.964785	590.381904
7.9686249	591.159509
7.972464	590.805476
7.9763031	590.927961
7.980143	591.952612
7.9839821	591.02356
7.9878212	590.906067
7.9916611	588.298053
7.9955002	591.889338
7.9993393	597.131617
8.0031792	602.346015
8.0070183	601.295971
8.0108574	596.620557
8.0146973	591.413598
8.0185364	587.865093
8.0223755	590.677509
8.0262154	593.121954
8.0300545	593.831739
8.0338936	588.516237
8.0377335	586.288642
8.0415726	587.191272
8.0454117	586.40752
8.0492516	586.477142
8.0530907	586.502892
8.0569305	587.23982
8.0607697	587.192115
8.0646088	589.786322
8.0684486	592.612396
8.0722878	592.940412
8.0761269	587.9005
8.0799667	587.808082
8.0838058	588.680842
8.087645	598.592054
8.0914848	601.368883
8.0953239	600.398126
8.0991631	590.806177
8.1030029	585.919206
8.106842	583.837108
8.1106812	584.65202
8.114521	584.971631
8.1183601	583.14477
8.1221992	583.552265
8.1260391	584.840008
8.1298782	586.525165
8.1337173	586.27389
8.1375572	583.503569
8.1413963	582.559179
8.1452354	579.651435
8.1490753	580.806403
8.1529144	582.376384
8.1567543	583.04276
8.1605934	581.623243
8.1644325	577.314833
8.1682724	574.384357
8.1721115	573.670399
8.1759506	579.535778
8.1797905	585.236737
8.1836296	584.421737
8.1874687	575.807787
8.1913086	571.849551
8.1951477	571.831112
8.1989868	577.459875
8.2028267	576.594014
8.2066658	574.148074
8.2105049	570.271463
8.2143448	567.13747
8.2181839	566.915894
8.222023	564.979462
8.2258629	566.9041
8.229702	566.990003
8.2335411	566.659627
8.237381	562.537596
8.2412201	564.90781
8.2450592	569.923159
8.2488991	576.148323
8.2527382	574.113367
8.2565781	569.710223
8.2604172	570.979382
8.2642563	574.716712
8.2680962	578.404303
8.2719353	578.576147
8.2757744	573.528625
8.2796143	574.123771
8.2834534	574.237323
8.2872925	576.28028
8.2911324	574.434822
8.2949715	568.248859
8.2988106	568.376496
8.3026505	569.178161
8.3064896	575.475531
8.3103287	578.720037
8.3141685	581.289844
8.3180077	579.699011
8.3218468	576.387665
8.3256866	570.118718
8.3295258	572.122932
8.3333649	572.388977
8.3372047	575.45675
8.3410439	573.477282
8.3448837	576.35495
8.3487228	576.869563
8.352562	574.404652
8.3564018	570.300227
8.3602409	573.05033
8.36408	574.572833
8.3679199	576.596366
8.371759	573.903039
8.3755981	574.805672
8.379438	573.199317
8.3832771	572.826605
8.3871162	572.75279
8.3909561	573.857842
8.3947952	572.733637
8.3986343	572.790217
8.4024742	570.716803
8.4063133	569.57987
8.4101524	570.905382
8.4139923	569.518859
8.4178314	568.432696
8.4216705	569.660316
8.4255104	568.935565
8.4293495	570.566033
8.4331886	563.956838
8.4370285	562.659498
8.4408676	558.276041
8.4447075	556.020077
8.4485466	552.703952
8.4523857	552.533606
8.4562256	552.194448
8.4600647	554.61663
8.4639038	556.326177
8.4677437	556.911434
8.4715828	555.069074
8.4754219	553.912589
8.4792618	554.592292
8.4831009	555.984113
8.48694	559.449562
8.4907799	565.071366
8.494619	567.278893
8.4984581	563.008507
8.502298	555.532767
8.5061371	553.343653
8.5099762	556.643408
8.5138161	554.645084
8.5176552	555.058287
8.5214943	555.070789
8.5253342	557.596039
8.5291733	557.251502
8.5330124	555.961493
8.5368523	555.570918
8.5406914	550.533594
8.5445312	551.959486
8.5483704	557.995518
8.5522095	560.371741
8.5560493	559.774852
8.5598885	555.535661
8.5637276	554.462226
8.5675674	556.903436
8.5714066	560.643926
8.5752457	562.781395
8.5790855	561.648714
8.5829247	557.450671
8.5867638	562.551242
8.5906036	560.430011
8.5944427	558.197581
8.5982819	551.977597
8.6021217	551.637683
8.6059608	553.731967
8.6098	557.046508
8.6136398	562.036902
8.6174789	563.713946
8.6213181	567.029031
8.6251579	567.20036
8.628997	565.183706
8.6328369	558.655632
8.636676	559.341231
8.6405151	555.760452
8.644355	552.000952
8.6481941	548.693794
8.6520332	551.964556
8.6558731	555.371144
8.6597122	558.736615
8.6635513	560.309202
8.6673912	560.899416
8.6712303	555.912752
8.6750694	554.453178
8.6789093	555.423214
8.6827484	557.784292
8.6865875	557.982246
8.6904274	555.772952
8.6942665	552.586865
8.6981056	548.890101
8.7019455	550.806583
8.7057846	549.460383
8.7096237	550.294319
8.7134636	549.194872
8.7173027	550.316806
8.7211418	551.761495
8.7249817	550.712483
8.7288208	554.079001
8.7326607	552.612977
8.7364998	553.86773
8.7403389	549.163882
8.7441788	545.515515
8.7480179	544.114119
8.751857	547.791263
8.7556969	550.572806
8.759536	549.061134
8.7633751	547.709774
8.767215	546.63389
8.7710541	546.392517
8.7748932	543.357984
8.7787331	543.594479
8.7825722	544.832848
8.7864113	548.419348
8.7902512	548.652845
8.7940903	550.051717
8.7979294	553.52215
8.8017693	554.524863
8.8056084	553.277384
8.8094475	556.675323
8.8132874	559.682485
8.8171265	560.592945
8.8209656	558.742482
8.8248055	560.534707
8.8286446	563.692064
8.8324844	562.007239
8.8363235	553.346203
8.8401627	549.445348
8.8440025	554.02911
8.8478416	563.132788
8.8516808	565.377991
8.8555206	563.572063
8.8593597	557.884378
8.8631989	561.098178
8.8670387	562.964143
8.8708778	562.999182
8.8747169	557.995384
8.8785568	560.000879
8.8823959	560.141671
8.886235	559.44528
8.8900749	557.956704
8.893914	559.082932
8.8977531	563.0409
8.901593	561.761004
8.9054321	560.187212
8.9092712	558.102285
8.9131111	558.686764
8.9169502	559.099029
8.9207901	558.324825
8.9246292	559.429129
8.9284683	563.771589
8.9323082	564.639814
8.9361473	565.094324
8.9399864	561.008787
8.9438263	557.49085
8.9476654	554.050949
8.9515045	551.396042
8.9553444	550.199962
8.9591835	550.438392
8.9630226	551.156004
8.9668625	553.360565
8.9707016	551.639433
8.9745407	553.446603
8.9783806	551.775433
8.9822197	552.754146
8.9860588	551.681265
8.9898987	555.366807
8.9937378	556.322885
8.9975769	555.392635
9.0014168	553.24212
9.0052559	553.714655
9.009095	555.629012
9.0129349	557.485828
9.016774	556.13874
9.0206139	551.812557
9.024453	549.935534
9.0282921	552.62474
9.032132	557.230915
9.0359711	559.56885
9.0398102	558.296172
9.0436501	562.141666
9.0474892	559.620659
9.0513283	555.674318
9.0551682	552.813477
9.0590073	557.722482
9.0628464	555.571779
9.0666862	549.654931
9.0705254	542.368406
9.0743645	543.715634
9.0782043	547.202512
9.0820435	550.568692
9.0858826	549.333906
9.0897224	546.827942
9.0935616	552.007906
9.0974007	553.996526
9.1012405	552.814836
9.1050797	546.211186
9.1089188	546.384155
9.1127586	546.285929
9.1165977	545.520533
9.1204376	541.478674
9.1242767	544.79202
9.1281158	546.206097
9.1319557	548.640653
9.1357948	545.401199
9.1396339	543.251553
9.1434738	539.22955
9.1473129	543.324341
9.151152	543.728624
9.1549919	538.392316
9.158831	529.060035
9.1626701	529.263381
9.16651	535.987765
9.1703491	541.901307
9.1741882	542.375744
9.1780281	540.46237
9.1818672	538.977633
9.1857063	540.075338
9.1895462	540.283447
9.1933853	540.213083
9.1972244	539.564572
9.2010643	536.246336
9.2049034	532.39249
9.2087433	527.74376
9.2125824	531.455151
9.2164215	531.944998
9.2202614	534.255393
9.2241005	536.062365
9.2279396	540.294689
9.2317795	541.418835
9.2356186	539.157971
9.2394577	538.520487
9.2432976	541.124078
9.2471367	543.987531
9.2509758	544.939242
9.2548157	537.126142
9.2586548	532.857846
9.2624939	531.712565
9.2663338	539.466173
9.2701729	543.493008
9.274012	543.32441
9.2778519	543.044052
9.281691	545.428184
9.2855301	545.966311
9.28937	543.65482
9.2932091	542.433251
9.2970482	543.893023
9.3008881	546.074032
9.3047272	550.562929
9.308567	548.782082
9.3124062	549.057754
9.3162453	542.488784
9.3200851	542.477146
9.3239243	540.226185
9.3277634	545.227468
9.3316032	546.118462
9.3354424	542.337093
9.3392815	539.614652
9.3431213	541.071195
9.3469604	542.685474
9.3507996	543.657269
9.3546394	546.72348
9.3584785	543.048555
9.3623177	536.130291
9.3661575	535.028253
9.3699966	534.906754
9.3738358	539.844444
9.3776756	541.434513
9.3815147	545.376617
9.3853539	540.318476
9.3891937	536.252848
9.3930328	535.552338
9.3968719	533.958264
9.4007118	535.895474
9.4045509	539.899499
9.4083908	542.942839
9.4122299	544.098948
9.416069	539.507253
9.4199089	540.885718
9.423748	538.012619
9.4275871	534.818427
9.431427	530.604047
9.4352661	527.59614
9.4391052	529.096766
9.4429451	531.531371
9.4467842	532.20698
9.4506233	533.294462
9.4544632	536.296615
9.4583023	534.605917
9.4621414	532.203317
9.4659813	532.680554
9.4698204	539.300052
9.4736595	539.838137
9.4774994	542.418585
9.4813385	544.571796
9.4851776	545.535258
9.4890175	539.523523
9.4928566	533.015553
9.4966965	528.508766
9.5005356	525.001495
9.5043747	521.955265
9.5082146	519.218393
9.5120537	520.414474
9.5158928	526.236622
9.5197327	530.475837
9.5235718	531.722046
9.5274109	527.991607
9.5312508	528.867313
9.5350899	531.244956
9.538929	535.702162
9.5427689	535.7772
9.546608	532.447894
9.5504471	533.211805
9.554287	532.706589
9.5581261	534.957093
9.5619652	536.109097
9.5658051	539.436685
9.5696442	534.750797
9.5734833	531.610208
9.5773232	535.744669
9.5811623	536.832732
9.5850014	532.627356
9.5888412	529.41403
9.5926804	532.693683
9.5965202	535.843333
9.6003593	534.286266
9.6041985	535.233765
9.6080383	535.168509
9.6118774	531.548458
9.6157166	528.348317
9.6195564	534.713636
9.6233955	538.803301
9.6272346	532.965188
9.6310745	532.487205
9.6349136	530.233749
9.6387527	528.627895
9.6425926	528.480494
9.6464317	527.099345
9.6502708	527.216293
9.6541107	532.60639
9.6579498	542.216808
9.6617889	540.024292
9.6656288	530.231106
9.6694679	525.464341
9.673307	528.256729
9.6771469	529.407328
9.680986	526.470776
9.6848251	525.242478
9.688665	526.229609
9.6925041	522.750585
9.696344	521.49535
9.7001831	519.204468
9.7040222	519.674946
9.7078621	520.85842
9.7117012	524.534419
9.7155403	519.517785
9.7193802	510.452638
9.7232193	512.248787
9.7270584	511.50301
9.7308983	519.05402
9.7347374	524.19223
9.7385765	528.484752
9.7424164	522.543634
9.7462555	514.347223
9.7500946	509.387795
9.7539345	506.590128
9.7577736	507.73508
9.7616127	510.85073
9.7654526	517.556427
9.7692917	516.346782
9.7731308	514.986471
9.7769707	519.270241
9.7808098	525.043563
9.7846497	524.647658
9.7884888	516.935046
9.7923279	515.003776
9.7961678	517.558039
9.8000069	523.359576
9.803846	528.84795
9.8076859	529.706494
9.811525	526.715007
9.8153641	521.095106
9.8192039	519.241352
9.8230431	515.175555
9.8268822	511.746751
9.830722	509.540393
9.8345612	514.993851
9.8384003	519.02497
9.8422401	517.020175
9.8460793	516.550312
9.8499184	514.378104
9.8537582	517.401548
9.8575974	520.122927
9.8614365	526.052386
9.8652763	527.297624
9.8691154	521.699402
9.8729546	517.609934
9.8767944	516.848338
9.8806335	520.34425
9.8844734	521.036364
9.8883125	521.134814
9.8921516	516.039996
9.8959915	508.859776
9.8998306	503.239283
9.9036697	507.29513
9.9075096	512.637252
9.9113487	516.98544
9.9151878	518.676949
9.9190277	519.182904
9.9228668	516.639321
9.9267059	517.904075
9.9305458	515.669629
9.9343849	512.31733
9.938224	505.958264
9.9420639	499.677544
9.945903	494.003261
9.9497421	495.613089
9.953582	501.211835
9.9574211	506.131111
9.9612602	512.514822
9.9651001	517.971304
9.9689392	518.961674
9.9727791	515.985384
9.9766182	512.25261
9.9804573	510.583054
9.9842972	519.053916
9.9881363	523.933074
9.9919754	518.751926
9.9958153	514.426323
9.9996544	515.941796
10.003493	518.410526
10.007333	517.639752
10.011172	516.08631
10.015012	515.461934
10.018851	517.553305
10.022691	524.396014
10.02653	522.557345
10.03037	523.295784
10.034209	524.04851
10.038048	522.881988
10.041888	521.241231
10.045727	519.82043
10.049566	520.734595
10.053406	519.842986
10.057245	526.470763
10.061084	525.27398
10.064924	522.212275
10.068763	518.541261
10.072603	517.950124
10.076442	517.385876
10.080281	514.410938
10.084121	518.563969
10.08796	519.029113
10.091799	524.38747
10.095639	524.166617
10.099478	525.815494
10.103317	527.966759
10.107157	532.051086
10.110996	526.787385
10.114835	519.513989
10.118675	517.148562
10.122514	524.457273
10.126353	524.927451
10.130193	524.192039
10.134032	524.101303
10.137872	529.965055
10.141711	530.360643
10.145551	525.131815
10.14939	518.835907
10.15323	515.900764
10.157069	509.953216
10.160908	510.937341
10.164748	517.464897
10.168587	524.311494
10.172427	528.533789
10.176266	525.553807
10.180105	516.826048
10.183945	512.849261
10.187784	515.137296
10.191623	515.10212
10.195463	514.330671
10.199302	520.711984
10.203141	523.384536
10.206981	525.362192
10.21082	521.435371
10.214659	516.817147
10.218499	516.332629
10.222338	513.02538
10.226177	520.393741
10.230017	525.858856
10.233856	524.387427
10.237695	525.864469
10.241535	521.371436
10.245374	515.90658
10.249213	521.514738
10.253053	531.216945
10.256892	533.619444
10.260732	530.8918
10.264571	533.273046
10.26841	533.018705
10.27225	526.291734
10.276089	524.233784
10.279929	522.76227
10.283768	522.172205
10.287608	521.286004
10.291447	525.278837
10.295287	528.041311
10.299126	530.849829
10.302965	535.138409
10.306805	540.592638
10.310644	539.840414
10.314483	533.12201
10.318323	528.769696
10.322162	531.03202
10.326001	536.776112
10.329841	534.81123
10.33368	524.537999
10.337519	521.458284
10.341359	528.10555
10.345198	533.710014
10.349037	535.045854
10.352877	530.294987
10.356716	528.414265
10.360556	529.587615
10.364395	529.097213
10.368234	523.216619
10.372074	519.663038
10.375913	522.880448
10.379752	528.805718
10.383592	524.748413
10.387431	519.445247
10.39127	519.641348
10.39511	524.080905
10.398949	530.265608
10.402789	532.142652
10.406628	531.263384
10.410468	520.78903
10.414307	516.959402
10.418147	520.349002
10.421986	522.973339
10.425825	518.288837
10.429665	513.595288
10.433504	517.029105
10.437343	520.71498
10.441183	519.165841
10.445022	516.886762
10.448861	513.481005
10.452701	514.883415
10.45654	517.463955
10.46038	513.539748
10.464219	510.774511
10.468058	514.027234
10.471898	517.616132
10.475737	519.298921
10.479576	521.565316
10.483416	518.235673
10.487255	516.39169
10.491094	522.340423
10.494934	530.850269
10.498773	528.19152
10.502612	522.354934
10.506452	523.280645
10.510291	531.223832
10.51413	538.552134
10.51797	536.495961
10.521809	527.941044
10.525648	516.780493
10.529488	520.92256
10.533327	522.715005
10.537167	521.740964
10.541006	520.675706
10.544846	519.270214
10.548685	520.967618
10.552525	522.949028
10.556364	524.800302
10.560204	526.640249
10.564043	530.758621
10.567882	538.031532
10.571722	535.5283
10.575561	536.027155
10.5794	535.7326
10.58324	531.923465
10.587079	527.839542
10.590918	525.56561
10.594758	527.344646
10.598597	531.133886
10.602436	529.582797
10.606276	520.542331
10.610115	517.779151
10.613954	517.440027
10.617794	521.277165
10.621633	522.251233
10.625472	528.500866
10.629312	526.251259
10.633151	523.645564
10.63699	516.940754
10.64083	514.789045
10.644669	516.870738
10.648509	521.396457
10.652348	521.888343
10.656187	522.460023
10.660027	522.421141
10.663866	512.879539
10.667706	510.419138
10.671545	516.990708
10.675385	519.962371
10.679224	512.732596
10.683064	515.417834
10.686903	515.219211
10.690742	514.696258
10.694582	517.685125
10.698421	520.670535
10.70226	522.145048
10.7061	526.11728
10.709939	524.048825
10.713778	515.126114
10.717618	516.818181
10.721457	519.639469
10.725296	518.804596
10.729136	514.262777
10.732975	517.138029
10.736814	523.29823
10.740654	527.508847
10.744493	529.417437
10.748333	524.954065
10.752172	524.006064
10.756011	522.544515
10.759851	516.854749
10.76369	514.926348
10.767529	520.265276
10.771369	527.51275
10.775208	525.542835
10.779047	518.606918
10.782887	519.482061
10.786726	522.228388
10.790565	524.007675
10.794405	522.754593
10.798244	516.978397
10.802084	510.899755
10.805923	510.827646
10.809763	518.798373
10.813602	520.073077
10.817442	516.179076
10.821281	509.543015
10.82512	508.931247
10.82896	523.572663
10.832799	532.059578
10.836639	524.238608
10.840478	518.762042
10.844317	514.127668
10.848157	519.062512
10.851996	527.930368
10.855835	531.440373
10.859675	529.381603
10.863514	524.200388
10.867353	522.356211
10.871193	520.728421
10.875032	525.555074
10.878871	527.919818
10.882711	526.897711
10.88655	522.426191
10.890389	516.255751
10.894229	520.514255
10.898068	525.713339
10.901907	528.285857
10.905747	524.64107
10.909586	519.597392
10.913425	514.390451
10.917265	515.184464
10.921104	512.029663
10.924944	513.740514
10.928783	519.362244
10.932623	521.768015
10.936462	520.540356
10.940302	517.682985
10.944141	517.741149
10.94798	514.526985
10.95182	508.772648
10.955659	512.369271
10.959499	517.440941
10.963338	512.313416
10.967177	511.691519
10.971017	520.343436
10.974856	516.708878
10.978695	518.442941
10.982535	518.140149
10.986374	516.446067
10.990213	517.306309
10.994053	525.652723
10.997892	530.816773
11.001731	529.511783
11.005571	525.89725
11.00941	526.096566
11.013249	527.518145
11.017089	526.07543
11.020928	524.752508
11.024767	532.265196
11.028607	534.384635
11.032446	527.174231
11.036286	522.083143
11.040125	522.683602
11.043964	522.856077
11.047804	520.391783
11.051643	518.797074
11.055482	516.856745
11.059322	519.983841
11.063161	519.818707
11.067001	520.995647
11.07084	517.862392
11.07468	513.738522
11.078519	518.03627
11.082359	521.389896
11.086198	519.98486
11.090037	512.676216
11.093877	511.219952
11.097716	512.898007
11.101555	514.768698
11.105395	514.130759
11.109234	513.114572
11.113073	517.850109
11.116913	526.104019
11.120752	531.902306
11.124592	529.642807
11.128431	525.70566
11.13227	528.912983
11.13611	529.772745
11.139949	523.664457
11.143788	514.103439
11.147628	513.505997
11.151467	512.413489
11.155306	513.712506
11.159146	514.792356
11.162985	517.168276
11.166824	517.950838
11.170664	520.840655
11.174503	521.06493
11.178342	512.802227
11.182182	507.585536
11.186021	510.843906
11.189861	510.434851
11.1937	510.21137
11.19754	513.705173
11.201379	518.780862
11.205219	521.385999
11.209058	518.357438
11.212897	518.669187
11.216737	525.824875
11.220576	528.829547
11.224416	524.841358
11.228255	519.449535
11.232094	522.486892
11.235934	527.242795
11.239773	534.630323
11.243612	536.729275
11.247452	533.075295
11.251291	524.252222
11.25513	527.190338
11.25897	531.838118
11.262809	528.24893
11.266648	521.90401
11.270488	523.139127
11.274327	524.170623
11.278166	525.105837
11.282006	525.707145
11.285845	525.670721
11.289684	523.489338
11.293524	519.541922
11.297363	520.903306
11.301202	520.89244
11.305042	525.274701
11.308881	529.801932
11.31272	532.171609
11.31656	528.964732
11.320399	523.767752
11.324239	522.859603
11.328078	526.44293
11.331918	525.188802
11.335757	524.975589
11.339597	526.657602
11.343436	523.499992
11.347276	519.371325
11.351115	516.228229
11.354954	517.587284
11.358794	521.524355
11.362633	528.60329
11.366472	530.468733
11.370312	530.740792
11.374151	525.461017
11.37799	526.182094
11.38183	519.682526
11.385669	513.894028
11.389508	510.876318
11.393348	514.927259
11.397187	515.048413
11.401026	512.808982
11.404866	513.288956
11.408705	517.317637
11.412545	528.013226
11.416384	525.980673
11.420223	520.829292
11.424063	517.56355
11.427902	521.554129
11.431741	515.851429
11.435581	514.514727
11.43942	512.01751
11.443259	510.696997
11.447099	517.637788
11.450938	520.800528
11.454778	518.956093
11.458617	518.859512
11.462457	523.832473
11.466296	523.634318
11.470135	529.38965
11.473975	530.190896
11.477814	539.062796
11.481654	538.571529
11.485493	527.727247
11.489332	520.969
11.493172	520.132205
11.497011	525.25635
11.50085	526.018524
11.50469	523.771295
11.508529	522.393845
11.512369	520.881163
11.516208	521.519681
11.520047	527.933892
11.523887	532.643876
11.527726	535.64903
11.531565	535.072769
11.535405	536.803419
11.539244	531.188355
11.543083	527.943807
11.546923	533.134454
11.550762	533.022722
11.554601	525.351491
11.558441	524.496018
11.56228	525.50139
11.566119	528.222281
11.569959	529.599125
11.573798	526.703004
11.577637	519.746763
11.581477	520.110498
11.585316	527.43829
11.589156	534.45849
11.592995	531.700366
11.596835	526.577316
11.600674	525.758741
11.604514	521.719855
11.608353	516.584525
11.712016	538.187149
11.715855	532.766314
11.719695	534.099058
11.723534	539.340182
11.727374	548.765946
11.731213	546.857255
11.735052	545.017219
11.738892	548.625098
11.742731	548.078427
11.746571	541.316634
11.75041	530.500271
11.754249	525.228253
11.758089	537.279977
11.761928	547.524091
11.765767	544.802651
11.769607	540.070887
11.773446	534.330662
11.777285	536.563151
11.781125	539.728725
11.784964	537.729554
11.788803	542.407614
11.792643	547.22467
11.796482	550.434431
11.800322	552.293417
11.804161	550.275937
11.808	545.99277
11.81184	542.072999
11.815679	540.024659
11.819518	538.443148
11.823358	539.56045
11.827197	542.814574
11.831036	543.377065
11.834876	536.190308
11.838715	535.058654
11.842554	545.052387
11.846394	544.258265
11.850233	538.092391
11.854073	544.346562
11.857912	547.366531
11.861752	546.574145
11.865591	548.085604
11.869431	549.078944
11.87327	543.445025
11.877109	538.525312
11.880949	537.857548
11.884788	533.820944
11.888627	534.283955
11.892467	538.807584
11.896306	531.765456
11.900146	529.152921
11.903985	529.023655
11.907824	521.243469
11.911664	529.341292
11.915503	540.841661
11.919342	542.1155
11.923182	535.277773
11.927021	525.389796
11.93086	528.26025
11.9347	537.504379
11.938539	538.524939
11.942378	534.7013
11.946218	534.7622
11.950057	531.576139
11.953896	524.684243
11.957736	530.023191
11.961575	537.71279
11.965414	543.246418
11.969254	544.672865
11.973093	541.541744
11.976933	539.3049
11.980772	532.151706
11.984612	531.816043
11.988451	535.224241
11.99229	538.572513
11.99613	534.624151
11.999969	536.388269
12.003809	540.806493
12.007648	542.951273
12.011488	545.781266
12.015327	545.894473
12.019166	553.305497
12.023006	550.407737
12.026845	546.794876
12.030684	548.238747
12.034524	545.815338
12.038363	536.822762
12.042202	532.054311
12.046042	534.78823
12.049881	538.681762
12.05372	541.896337
12.05756	547.270882
12.061399	550.108823
12.065238	549.016558
12.069078	540.260535
12.072917	533.458735
12.076756	537.073941
12.080596	545.219099
12.084435	547.969501
12.088275	543.151559
12.092114	544.497377
12.095953	555.966719
12.099793	558.646591
12.103632	556.278886
12.107471	549.664344
12.111311	542.290176
12.11515	533.187359
12.11899	529.508553
12.122829	529.355126
12.126669	528.904022
12.130508	537.062622
12.134348	534.502712
12.138187	530.880252
12.142026	528.383685
12.145866	523.781543
12.149705	522.185466
12.153544	521.316493
12.157384	531.161932
12.161223	539.637748
12.165062	540.061448
12.168902	539.555992
12.172741	541.013334
12.17658	547.848337
12.18042	540.533051
12.184259	532.039854
12.188099	539.618698
12.191938	540.786191
12.195777	534.527828
12.199617	541.847009
12.203456	546.291607
12.207295	541.038893
12.211135	535.202701
12.214974	527.628205
12.218813	529.233441
12.222653	542.240126
12.226492	541.59195
12.230331	527.501713
12.234171	532.582639
12.23801	548.604638
12.24185	548.735506
12.245689	540.124148
12.249529	542.675681
12.253368	547.31284
12.257207	545.629759
12.261047	548.356461
12.264886	549.500743
12.268726	545.185683
12.272565	544.159746
12.276405	541.248169
12.280244	543.286487
12.284083	539.565835
12.287923	531.510482
12.291762	540.60333
12.295601	557.382079
12.299441	560.389509
12.30328	554.358235
12.307119	554.058366
12.310959	554.53309
12.314798	559.842898
12.318637	553.705921
12.322477	532.202634
12.326316	531.054866
12.330155	541.315792
12.333995	547.830068
12.337834	538.899591
12.341673	527.057896
12.345513	536.370239
12.349352	546.381809
12.353191	550.748953
12.357031	551.928444
12.36087	546.259543
12.364709	549.322851
12.368549	552.811972
12.372388	543.783609
12.376228	539.934076
12.380067	540.703305
12.383907	536.572947
12.387746	529.790061
12.391586	539.192684
12.395425	545.994151
12.399265	543.570478
12.403104	546.16524
12.406943	540.555081
12.410783	533.504084
12.414622	540.532251
12.418461	542.036519
12.422301	542.593676
12.42614	551.497444
12.429979	555.101556
12.433819	558.598118
12.437658	564.641962
12.441497	558.648368
12.445337	558.005686
12.449176	557.401961
12.453015	550.091681
12.456855	544.485348
12.460694	547.019373
12.464533	550.309351
12.468373	556.578736
12.472212	562.851795
12.476052	558.839078
12.479891	552.069709
12.48373	554.521803
12.48757	555.64392
12.491409	555.042753
12.495248	561.121021
12.499088	556.13959
12.502927	550.059483
12.506767	552.721545
12.510606	558.006885
12.514445	566.867988
12.518285	566.110283
12.522124	554.611108
12.525964	544.420024
12.529803	552.63116
12.533643	565.799304
12.537482	565.904761
12.541321	566.263119
12.545161	572.846609
12.549	564.866185
12.552839	549.854808
12.556679	546.694335
12.560518	552.637914
12.564358	560.906801
12.568197	555.787678
12.572036	555.00254
12.575876	555.049186
12.579715	548.259809
12.583554	548.80856
12.587394	555.806134
12.591233	560.399815
12.595072	557.893766
12.598912	549.276528
12.602751	551.763959
12.60659	559.383842
12.61043	552.219112
12.614269	549.280685
12.618108	545.816358
12.621948	547.968573
12.625787	552.560645
12.629626	556.170718
12.633466	560.371609
12.637305	563.132809
12.641145	568.919426
12.644984	568.221766
12.648824	558.707959
12.652663	549.094786
12.656503	550.104291
12.660342	555.051976
12.664182	558.468537
12.668021	551.669451
12.67186	550.227429
12.6757	554.562495
12.679539	556.015558
12.683378	557.154729
12.687218	555.993801
12.691057	561.179075
12.694896	571.921282
12.698736	571.016845
12.702575	563.033511
12.706414	572.192179
12.710254	569.232236
12.714093	562.050344
12.717932	565.003143
12.721772	567.541037
12.725611	564.011939
12.72945	561.717439
12.73329	566.747479
12.737129	557.989182
12.740968	551.616856
12.744808	557.716263
12.748647	556.290577
12.752486	552.292935
12.756326	550.261681
12.760165	545.686914
12.764005	548.025723
12.767844	554.790164
12.771684	556.696452
12.775523	557.672178
12.779362	563.817194
12.783202	566.298037
12.787041	571.897833
12.790881	571.256016
12.79472	565.075209
12.79856	566.104761
12.802399	563.259755
12.806238	564.980062
12.810077	566.40805
12.813918	564.017608
12.817757	558.216806
12.821596	557.869485
12.825435	563.902543
12.829274	573.781051
12.833113	581.030029
12.836954	576.169755
12.840793	568.308414
12.844632	557.035589
12.848471	557.48326
12.85231	561.954788
12.856149	552.86724
12.85999	559.715143
12.863829	579.446085
12.867668	572.409102
12.871507	566.839691
12.875346	566.601596
12.879185	561.19378
12.883026	571.559143
12.886865	571.357032
12.890704	564.625001
12.894543	562.774136
12.898383	566.628758
12.902223	569.382088
12.906062	567.836734
12.909901	573.919616
12.913741	582.89093
12.91758	568.8405
12.921419	556.59176
12.925259	568.995157
12.929099	569.798022
12.932938	560.889982
12.936777	560.698612
12.940616	569.604023
12.944455	575.853061
12.948296	582.199091
12.952135	593.159844
12.955974	592.132654
12.959813	581.195073
12.963652	582.216156
12.967491	585.346567
12.971332	575.924628
12.975171	571.16616
12.97901	568.509601
12.982849	571.681312
12.986688	575.263577
12.990527	570.698346
12.994368	580.036002
12.998207	587.386326
13.002046	583.950059
13.005885	585.568387
13.009724	588.811275
13.013565	588.430185
13.017404	583.550628
13.021243	577.152476
13.025082	582.376758
13.028922	587.369409
13.032761	579.795946
13.036601	575.008664
13.04044	580.05149
13.044279	593.31549
13.048119	596.372789
13.051958	590.351467
13.055797	590.346715
13.059637	580.170044
13.063477	580.344527
13.067316	599.446534
13.071155	601.133558
13.074994	584.930751
13.078833	582.372885
13.082674	580.205326
13.086513	575.854702
13.090352	572.966804
13.094191	573.629404
13.09803	580.226093
13.101871	578.066693
13.10571	584.79757
13.109549	588.511861
13.113388	587.674009
13.117227	589.286845
13.121066	572.242391
13.124907	564.01934
13.128746	585.993334
13.132585	589.281793
13.136424	575.529931
13.140263	573.682875
13.144102	589.562036
13.147943	599.410146
13.151782	591.739246
13.155621	587.518726
13.15946	586.455437
13.1633	585.792904
13.167139	584.21913
13.170979	581.897318
13.174818	575.383104
13.178658	574.473494
13.182497	585.011424
13.186336	599.802772
13.190176	605.187827
13.194016	599.339649
13.197855	592.845727
13.201694	581.145027
13.205533	589.229376
13.209372	611.121443
13.213213	609.6416
13.217052	599.388923
13.220891	593.092359
13.22473	599.409756
13.228569	603.398792
13.232408	604.124824
13.236249	603.732708
13.240088	597.119078
13.243927	601.315197
13.247766	607.227307
13.251605	610.600243
13.255444	602.698809
13.259285	603.261088
13.263124	606.590655
13.266963	599.982234
13.270802	597.037591
13.274641	598.101596
13.278481	609.310369
13.282321	617.671742
13.28616	611.986042
13.289999	598.091856
13.293839	602.51594
13.297678	609.545114
13.301518	603.498046
13.305357	604.880295
13.309196	589.918832
13.313036	588.818498
13.316875	588.537467
13.320714	584.308934
13.324554	591.406792
13.328394	584.854889
13.332233	594.435381
13.336072	607.847496
13.339911	608.754919
13.34375	600.371352
13.347591	589.469034
13.35143	600.082391
13.355269	607.594086
13.359108	590.609952
13.362947	597.553739
13.366786	616.390516
13.370627	610.514077
13.374466	604.087416
13.378305	599.080815
13.382144	601.29917
13.385983	608.212049
13.389824	607.90669
13.393663	604.174914
13.397502	605.998393
13.401341	611.515685
13.40518	609.32763
13.409019	608.391818
13.41286	614.279306
13.416699	619.513627
13.420538	613.535019
13.424377	602.770078
13.428217	599.834379
13.432056	601.248948
13.435896	612.15277
13.439735	622.623185
13.443575	621.626453
13.447414	610.747631
13.451253	609.083969
13.455092	604.284699
13.458932	594.087287
13.462772	593.105009
13.466611	609.803144
13.47045	623.470299
13.474289	613.230007
13.47813	612.984979
13.481969	610.034434
13.485808	608.570295
13.489647	609.296203
13.493486	609.925666
13.497325	605.287735
13.501166	604.397266
13.505005	618.838384
13.508844	619.197216
13.512683	609.714557
13.516522	618.121308
13.520361	615.767597
13.524202	611.356384
13.528041	613.077579
13.53188	610.648483
13.535719	603.081971
13.539558	595.294012
13.543398	602.327316
13.547238	610.074511
13.551077	608.101963
13.554916	612.834673
13.558755	611.929626
13.562595	606.715448
13.566434	609.543833
13.570274	600.957206
13.574113	605.632608
13.577953	606.377883
13.581792	599.928307
13.585631	602.927478
13.589471	611.119284
13.593311	619.136426
13.59715	614.542012
13.600989	630.028284
13.604828	641.814198
13.608667	622.535051
13.612508	616.174751
13.616347	622.446349
13.620186	612.265753
13.624025	609.179063
13.627864	630.408428
13.631703	623.215832
13.635544	615.164924
13.639383	626.50536
13.643222	634.391223
13.647061	627.570478
13.6509	622.338451
13.654739	632.17285
13.65858	636.333845
13.662419	636.783149
13.666258	636.982384
13.670097	625.795482
13.673936	623.244604
13.677777	629.224238
13.681616	634.550159
13.685455	634.779389
13.689294	639.937205
13.693134	642.671814
13.696973	642.717061
13.700813	633.44391
13.704652	626.81231
13.708492	633.597316
13.712331	641.254583
13.71617	643.065711
13.720009	638.664519
13.723849	645.041413
13.727689	638.253869
13.731528	618.384866
13.735367	628.965264
13.739206	643.98365
13.743045	635.204493
13.746886	624.356403
13.750725	623.147334
13.754564	623.695503
13.758403	624.064783
13.762242	627.940247
13.766083	636.12259
13.769922	642.425684
13.773761	649.053197
13.7776	636.452117
13.781439	645.055425
13.785278	656.287602
13.789119	644.628772
13.792958	639.005528
13.796797	630.568385
13.800636	632.393739
13.804475	640.926538
13.808315	645.494886
13.812155	648.88373
13.815994	649.018505
13.819833	646.567492
13.823672	645.373439
13.827512	628.599015
13.831351	638.064575
13.835191	646.348805
13.83903	642.281842
13.84287	640.840356
13.846709	638.723227
13.850548	631.848169
13.854387	634.287762
13.858228	634.984254
13.862067	627.717754
13.865906	630.803463
13.869745	648.780512
13.873584	650.701001
13.877425	642.269794
13.881264	644.294641
13.885103	648.175935
13.888942	644.41792
13.892781	635.182532
13.89662	660.471795
13.900461	665.346521
13.9043	644.011273
13.908139	640.505281
13.911978	647.055969
13.915817	648.01601
13.919656	631.457417
13.923497	645.275416
13.927336	651.049745
13.931175	652.776929
13.935014	662.559955
13.938853	658.951123
13.942693	661.371388
13.946533	660.074286
13.950372	657.523505
13.954211	650.836968
13.958051	630.58533
13.96189	630.485993
13.96573	661.798877
13.969569	672.650104
13.973409	655.148239
13.977248	650.300352
13.981087	650.903773
13.984926	650.323361
13.988766	656.145269
13.992606	669.810011
13.996445	664.120361
14.000284	654.004772
14.004123	658.724438
14.007962	663.7279
14.011803	660.059619
14.015642	667.147272
14.019481	662.871136
14.02332	649.852796
14.027159	641.939013
14.030998	644.00238
14.034839	646.605059
14.038678	679.401002
14.042517	688.353229
14.046356	657.349945
14.050195	655.726691
14.054036	665.651307
14.057875	661.760407
14.061714	666.455512
14.065553	668.230603
14.069392	672.067248
14.073232	665.699932
14.077072	668.451135
14.080911	669.90904
14.08475	664.616297
14.088589	665.179419
14.092429	674.061562
14.096268	684.877839
14.100108	668.846998
14.103947	662.185753
14.107787	668.632661
14.111626	680.206072
14.115465	675.984687
14.119304	651.150738
14.123145	652.154656
14.126984	663.623682
14.130823	670.126018
14.134662	671.052711
14.138501	661.421515
14.14234	671.863557
14.146181	677.700184
14.15002	677.057708
14.153859	662.600725
14.157698	663.712115
14.161537	666.02353
14.165378	683.51392
14.169217	686.021923
14.173056	677.32293
14.176895	683.698725
14.180734	673.483709
14.184573	674.398748
14.188414	659.992425
14.192253	657.397455
14.196092	666.442445
14.199931	675.7075
14.20377	678.211547
14.20761	678.635955
14.21145	686.638781
14.215289	681.24953
14.219128	674.059919
14.222968	686.708026
14.226807	684.783706
14.230646	685.966778
14.234486	693.27146
14.238326	680.100001
14.242165	682.920454
14.246004	686.139093
14.249843	680.080921
14.253683	682.713379
14.257523	689.050423
14.261362	687.597113
14.265201	703.217028
14.26904	691.846558
14.272879	680.483996
14.27672	695.223419
14.280559	688.465209
14.284398	667.778502
14.288237	656.285542
14.292076	664.364038
14.295915	677.994318
14.299756	673.961468
14.303595	680.737708
14.307434	680.171149
14.311273	689.139935
14.315112	686.436732
14.318951	676.236366
14.322792	667.140809
14.326631	661.757648
14.33047	676.336609
14.334309	683.922076
14.338148	686.937249
14.341989	674.776948
14.345828	680.687994
14.349667	689.030004
14.353506	680.963043
14.357346	701.510393
14.361185	692.834332
14.365025	685.464484
14.368864	673.119409
14.372704	680.58753
14.376543	704.779595
14.380382	701.618828
14.384221	687.790362
14.388062	678.764313
14.391901	679.251557
14.39574	683.413178
14.399579	678.575213
14.403418	686.445117
14.407257	692.418859
14.411098	701.343892
14.414937	704.152114
14.418776	707.411133
14.422615	709.459436
14.426454	686.908208
14.430293	685.274269
14.434134	692.349662
14.437973	698.838567
14.441812	692.395604
14.445651	696.025983
14.44949	693.406658
14.453331	683.76134
14.45717	672.978161
14.461009	689.227099
14.464848	716.423659
14.468687	702.690186
14.472527	684.407471
14.476367	695.974804
14.480206	710.547529
14.484045	694.009863
14.487885	687.687068
14.491724	704.835485
14.495563	688.757702
14.499403	688.245953
14.503242	696.959645
14.507082	701.334393
14.510921	701.419018
14.51476	695.967131
14.518599	688.681456
14.52244	693.235242
14.526279	704.17265
14.530118	689.182783
14.533957	675.756847
14.537796	694.709797
14.541637	721.248961
14.545476	726.983289
14.549315	710.275892
14.553154	709.162391
14.556993	718.605677
14.560832	717.37179
14.564673	710.753094
14.568512	723.590076
14.572351	717.990315
14.57619	717.313135
14.580029	717.308637
14.583868	728.879985
14.587709	724.445685
14.591548	720.05473
14.595387	713.809491
14.599226	695.900262
14.603065	699.552447
14.606905	728.844361
14.610745	741.841278
14.614584	730.179198
14.618423	724.471374
14.622263	733.016741
14.626102	727.615858
14.629942	734.607654
14.633781	725.280378
14.637621	716.309039
14.64146	735.848896
14.645299	742.676954
14.649138	731.377022
14.652979	725.780469
14.656818	741.762756
14.660657	736.222332
14.664496	715.94685
14.668335	708.682219
14.672174	724.425403
14.676015	723.089697
14.679854	711.466119
14.683693	708.586378
14.687532	684.8766
14.691371	699.0831
14.69521	721.822554
14.699051	721.021485
14.70289	716.34839
14.706729	708.463806
14.710568	707.069123
14.714407	721.146266
14.718246	729.988689
14.722087	743.036009
14.725926	716.038947
14.729765	716.950061
14.733604	723.482826
14.737444	734.521734
14.741284	733.895788
14.745123	744.295616
14.748962	745.74113
14.752802	746.94087
14.756641	746.20224
14.76048	721.143676
14.76432	705.039862
14.768159	719.687456
14.771999	739.04248
14.775838	724.809222
14.779677	700.876898
14.783516	714.369722
14.787357	738.136287
14.791196	730.502128
14.795035	739.155347
14.798874	752.545984
14.802713	740.69895
14.806552	723.695281
14.810393	724.770135
14.814232	741.929359
14.818071	730.493903
14.82191	746.401684
14.825749	752.220008
14.82959	741.549016
14.833429	735.061175
14.837268	725.155597
14.841107	728.77887
14.844946	738.737793
14.848785	745.048078
14.852626	733.244392
14.856465	738.659467
14.860304	747.418519
14.864143	748.150422
14.867982	747.369729
14.871822	745.572436
14.875662	768.987946
14.879501	764.137933
14.88334	758.229031
14.88718	771.751259
14.891019	739.53889
14.894858	752.352918
14.898698	773.187801
14.902538	769.545514
14.906377	761.945719
14.910216	764.338749
14.914055	761.228327
14.917896	762.388195
14.921735	771.643577
14.925574	766.189583
14.929413	782.493064
14.933252	772.718729
14.937091	765.386798
14.940932	762.241906
14.944771	758.711669
14.94861	756.378616
14.952449	765.228358
14.956288	770.883051
14.960127	785.195245
14.963968	779.150102
14.967807	778.687501
14.971646	777.873554
14.975485	774.126415
14.979324	783.672001
14.983163	771.270678
14.987004	780.915111
14.990843	801.542347
14.994682	804.384511
14.998521	788.030251
15.002361	774.702625
15.0062	768.339757
15.01004	766.333508
15.013879	778.133332
15.017719	790.343368
15.021558	796.752693
15.025397	790.731323
15.029237	789.034915
15.033076	792.332547
15.036916	808.091312
15.040755	800.556904
15.044594	787.543471
15.048433	783.35116
15.052274	776.772498
15.056113	771.975287
15.059952	779.578381
15.063791	798.795257
15.06763	804.559833
15.071469	796.609885
15.07531	791.302837
15.079149	793.650067
15.082988	792.645153
15.086827	769.135805
15.090666	764.835731
15.094505	788.2286
15.098346	785.737398
15.102185	786.482949
15.106024	791.482701
15.109863	786.629584
15.113702	800.349211
15.117543	815.619561
15.121382	815.426616
15.125221	791.599911
15.12906	792.894858
15.132899	796.017186
15.136739	780.058421
15.140579	812.669852
15.144418	827.619787
15.148257	817.111115
15.152097	814.369138
15.155936	798.695613
15.159775	809.834628
15.163615	814.473454
15.167455	807.189895
15.171294	794.231527
15.175133	796.181748
15.178972	810.572219
15.182811	804.920913
15.186652	808.480097
15.190491	801.020324
15.19433	790.786799
15.198169	796.81899
15.202008	797.907634
15.205849	789.071658
15.209688	804.069255
15.213527	801.124373
15.217366	808.820327
15.221205	813.200821
15.225044	796.119608
15.228885	788.428926
15.232724	821.986856
15.236563	799.570744
15.240402	800.994455
15.244241	819.185418
15.24808	813.099369
15.251921	812.63603
15.25576	821.657257
15.259599	818.108559
15.263438	799.761364
15.267278	811.136028
15.271117	803.806343
15.274957	813.873321
15.278796	828.405472
15.282635	816.548672
15.286475	817.824707
15.290314	828.005591
15.294153	810.987359
15.297993	817.855813
15.301833	806.174576
15.305672	803.436709
15.309511	834.545876
15.31335	847.749898
15.317191	844.077292
15.32103	840.687657
15.324869	820.806396
15.328708	817.992366
15.332547	817.937784
15.336386	839.187356
15.340227	838.874988
15.344066	835.496467
15.347905	828.365607
15.351744	847.474237
15.355583	931.73138
15.359422	921.807773
15.363263	829.734672
15.367102	811.720301
15.370941	813.550755
15.37478	825.512023
15.378619	811.666676
15.382458	836.335747
15.386299	838.884929
15.390138	822.418394
15.393977	827.663169
15.397816	828.704274
15.401656	822.015525
15.405496	842.119093
15.409335	826.677891
15.413174	796.861287
15.417014	831.374077
15.420853	849.11661
15.424692	857.767449
15.428532	849.894474
15.432372	836.083303
15.436211	834.649349
15.44005	833.246531
15.443889	848.603643
15.447728	832.80123
15.451569	839.868143
15.455408	827.954687
15.459247	823.612456
15.463086	840.03239
15.466925	840.930581
15.470764	843.856823
15.474605	831.195445
15.478444	849.171749
15.482283	864.912003
15.486122	829.254004
15.489961	855.406351
15.493802	870.779695
15.497641	850.523143
15.50148	835.559276
15.505319	866.118122
15.509158	843.227557
15.512997	851.64338
15.516838	859.954552
15.520677	839.250722
15.524516	862.895747
15.528355	862.039789
15.532195	847.902286
15.536034	851.116002
15.539874	869.986145
15.543713	872.882999
15.547552	879.230409
15.551392	877.394635
15.555231	854.05493
15.55907	852.118005
15.56291	864.581887
15.56675	868.907165
15.570589	851.407483
15.574428	854.832375
15.578267	853.552487
15.582106	858.562828
15.585947	844.022717
15.589786	858.038454
15.593625	857.976447
15.597464	853.213542
15.601303	837.224322
15.605144	835.842479
15.608983	854.040371
15.612822	873.81678
15.616661	846.006686
15.6205	881.921046
15.624339	894.782726
15.62818	843.861615
15.632019	827.7719
15.635858	835.373682
15.639697	831.773059
15.643536	835.73339
15.647375	895.995243
15.651216	859.247633
15.655055	858.168385
15.658894	877.358064
15.662733	868.151212
15.666573	847.782116
15.670412	839.676878
15.674252	829.770096
15.678091	819.322178
15.681931	849.084819
15.68577	864.39722
15.689609	856.993447
15.693449	868.25208
15.697289	839.629574
15.701128	848.172891
15.704967	859.274037
15.708806	868.00795
15.712645	865.758214
15.716486	865.048166
15.720325	842.106398
15.724164	845.303288
