w Int P
1420 0 3.47
1420.3552 0 3.47
1420.7106 0 3.47
1421.0658 0.000844222552172025 3.47
1421.4211 0.000832573534228166 3.47
1421.7764 0.00053962927792654 3.47
1422.1317 0.000824348159017412 3.47
1422.4869 0.000645959135243394 3.47
1422.8422 0.000500649428072933 3.47
1423.1975 0.000912551809824186 3.47
1423.5527 0.000316059233414652 3.47
1423.9081 0.000217444203315972 3.47
1424.2633 0.000205545454652136 3.47
1424.6187 0.000584944610494293 3.47
1424.9739 0.00128020078812912 3.47
1425.3291 0.000524810954671256 3.47
1425.6844 0.000297903638917868 3.47
1426.0397 0.000570664771309345 3.47
1426.395 0.000581892050523164 3.47
1426.7502 0.000881527519548771 3.47
1427.1056 0.000466361968397545 3.47
1427.4608 0.000697748107228359 3.47
1427.816 0.00142677493176719 3.47
1428.1714 5.01197449158056e-06 3.47
1428.5266 0 3.47
1428.882 1.69700540770359e-05 3.47
1429.2372 0.000300658811863641 3.47
1429.5925 0.00109611445130642 3.47
1429.9478 0.000686724736945712 3.47
1430.303 0.00123944401924831 3.47
1430.6583 0.000481171615919397 3.47
1431.0135 0.0014618518409842 3.47
1431.3689 0.00147747572967775 3.47
1431.7241 0.00057011284759867 3.47
1432.0795 0.000425520649442412 3.47
1432.4347 0.0017309543107877 3.47
1432.7899 0.00052451506643228 3.47
1433.1453 0.00107803330191992 3.47
1433.5005 0.000735762326373483 3.47
1433.8558 0.000530998712788815 3.47
1434.2111 0.00058652137434331 3.47
1434.5664 0.000167504157619473 3.47
1434.9216 0.000310979304607328 3.47
1435.2769 0.000515169889918253 3.47
1435.6322 0.000909411781420482 3.47
1435.9874 0.000702598025401052 3.47
1436.3428 0.00136975296409807 3.47
1436.698 0.0017857647600894 3.47
1437.0533 0.00153495279015439 3.47
1437.4086 0.00195856429985514 3.47
1437.7638 0.00206925870650761 3.47
1438.1191 0.00136691445587051 3.47
1438.4744 0.00133892781059774 3.47
1438.8297 0.00176108694945699 3.47
1439.1849 0.00103891949870388 3.47
1439.5403 0.000609860238426767 3.47
1439.8955 0.001122865401295 3.47
1440.2507 0.000544659224823359 3.47
1440.6061 0.000959475820885049 3.47
1440.9613 0.00102397130142391 3.47
1441.3167 0.00179916094151304 3.47
1441.6719 0.00107381808200247 3.47
1442.0272 0.000981701265058558 3.47
1442.3824 0.00113469188333568 3.47
1442.7377 0.00253245928891708 3.47
1443.093 0.00218493537416269 3.47
1443.4482 0.00249446611569416 3.47
1443.8036 0.000390599661137409 3.47
1444.1588 0.00200092409749231 3.47
1444.5142 0.00240102563606479 3.47
1444.8694 0.00172138159595411 3.47
1445.2246 0.00168137538704604 3.47
1445.58 0.00223747302597822 3.47
1445.9352 0.000934289123729857 3.47
1446.2905 0.0021782849179541 3.47
1446.6458 0.00157460777843735 3.47
1447.0011 0.00230276814431031 3.47
1447.3563 0.00180260595075879 3.47
1447.7115 0.00250219662651743 3.47
1448.0669 0.00139504285237633 3.47
1448.4221 0.00156781412517827 3.47
1448.7775 0.00230635571226243 3.47
1449.1327 0.00209206141737929 3.47
1449.488 0.00211928951092 3.47
1449.8433 0.00230406376675831 3.47
1450.1985 0.00209658275366298 3.47
1450.5538 0.00193933689599339 3.47
1450.9091 0.00225226304909451 3.47
1451.2644 0.00192907093920938 3.47
1451.6196 0.00211034268177143 3.47
1451.975 0.00218988970871164 3.47
1452.3302 0.00149021854571366 3.47
1452.6854 0.00253910194417082 3.47
1453.0408 0.00283597984378697 3.47
1453.396 0.00240130787914325 3.47
1453.7513 0.00240690904606196 3.47
1454.1066 0.00324190403646387 3.47
1454.4619 0.00260625815783506 3.47
1454.8171 0.00232100651763982 3.47
1455.1724 0.0027404141733251 3.47
1455.5277 0.00255290693010905 3.47
1455.8829 0.00216916294726867 3.47
1456.2383 0.00273396629688826 3.47
1456.5935 0.00225338489442579 3.47
1456.9489 0.00274317447761098 3.47
1457.3041 0.00337491734254353 3.47
1457.6593 0.00165045492702651 3.47
1458.0146 0.00281612173127873 3.47
1458.3699 0.00241693132588214 3.47
1458.7252 0.00304470154271879 3.47
1459.0804 0.00214123554951281 3.47
1459.4358 0.0024699558171897 3.47
1459.791 0.00240622008246545 3.47
1460.1462 0.00381668287555339 3.47
1460.5016 0.00263198522520587 3.47
1460.8568 0.00314075382098506 3.47
1461.2122 0.00180151826673522 3.47
1461.5674 0.00290838133090869 3.47
1461.9227 0.00326237852381075 3.47
1462.278 0.00287302892794191 3.47
1462.6332 0.00299735527566152 3.47
1462.9885 0.00296559183882683 3.47
1463.3438 0.00250779260120313 3.47
1463.6991 0.00260354651762892 3.47
1464.0543 0.00308664028002544 3.47
1464.4097 0.00334000217368474 3.47
1464.7649 0.00365164985438785 3.47
1465.1201 0.00401423358313161 3.47
1465.4755 0.00363991225741764 3.47
1465.8307 0.00258009524940998 3.47
1466.186 0.00289929335015003 3.47
1466.5413 0.00394693631434056 3.47
1466.8966 0.00356994419404264 3.47
1467.2518 0.00280139453433909 3.47
1467.6071 0.00236034573475447 3.47
1467.9624 0.00306332644459121 3.47
1468.3176 0.00313889373209738 3.47
1468.673 0.00328945277551376 3.47
1469.0282 0.0025490883414959 3.47
1469.3835 0.0035500838071531 3.47
1469.7388 0.00421585630861554 3.47
1470.094 0.00521746573077435 3.47
1470.4493 0.00450655468798141 3.47
1470.8046 0.00399693883807654 3.47
1471.1599 0.00398450703522262 3.47
1471.5151 0.00452617646864838 3.47
1471.8705 0.00548850147013843 3.47
1472.2257 0.00547720075922307 3.47
1472.5809 0.0042752718859012 3.47
1472.9363 0.00369774366905482 3.47
1473.2915 0.00394619058787551 3.47
1473.6469 0.00384955889243823 3.47
1474.0021 0.00492443215565775 3.47
1474.3574 0.00473553751962302 3.47
1474.7126 0.00493707702781902 3.47
1475.0679 0.00524429766239067 3.47
1475.4232 0.00433708622010659 3.47
1475.7784 0.00364069174195684 3.47
1476.1338 0.00402940733843089 3.47
1476.489 0.00609159835621228 3.47
1476.8444 0.00476966756975496 3.47
1477.1996 0.00489476245064124 3.47
1477.5548 0.00434208322653477 3.47
1477.9102 0.00488330672385284 3.47
1478.2654 0.00449352919549873 3.47
1478.6207 0.0045513906177511 3.47
1478.976 0.00444962926972082 3.47
1479.3313 0.00508177049093515 3.47
1479.6865 0.00575935647129073 3.47
1480.0417 0.00541763265550903 3.47
1480.3971 0.00483570654682726 3.47
1480.7523 0.00444101130245503 3.47
1481.1077 0.00520913895177241 3.47
1481.4629 0.00557297922104058 3.47
1481.8182 0.00493205130134148 3.47
1482.1735 0.00453519383102691 3.47
1482.5287 0.00455344064365536 3.47
1482.884 0.00495778594552247 3.47
1483.2393 0.00478421671226735 3.47
1483.5946 0.00480585669584399 3.47
1483.9498 0.00468692593977525 3.47
1484.3052 0.00415965844765632 3.47
1484.6604 0.00499572941070844 3.47
1485.0156 0.00550839937660369 3.47
1485.371 0.00564301415758847 3.47
1485.7262 0.00613669664896183 3.47
1486.0815 0.00580841653582633 3.47
1486.4368 0.00536082332903117 3.47
1486.7921 0.00532862341913273 3.47
1487.1473 0.0054952647996974 3.47
1487.5026 0.00605087849060736 3.47
1487.8579 0.00453589757639055 3.47
1488.2131 0.00452747427157618 3.47
1488.5685 0.00408990557905304 3.47
1488.9237 0.00496200394296098 3.47
1489.2791 0.00590188867223281 3.47
1489.6343 0.00594780088636426 3.47
1489.9895 0.0058474677366804 3.47
1490.3448 0.00483131862254887 3.47
1490.7001 0.00666278968373846 3.47
1491.0554 0.00474752443136984 3.47
1491.4106 0.00541090487156012 3.47
1491.766 0.00458646778604192 3.47
1492.1212 0.00493608414204867 3.47
1492.4764 0.00476399329706105 3.47
1492.8318 0.00486024102024355 3.47
1493.187 0.00523133911060058 3.47
1493.5424 0.00505344097043469 3.47
1493.8976 0.00554377597332115 3.47
1494.2529 0.00575848806896461 3.47
1494.6082 0.00531676529043966 3.47
1494.9634 0.00572409423008263 3.47
1495.3187 0.00621358269995816 3.47
1495.674 0.00635969144721343 3.47
1496.0293 0.00539082661623906 3.47
1496.3845 0.005338420359952 3.47
1496.7399 0.0056187203493828 3.47
1497.0951 0.00577280080594642 3.47
1497.4503 0.00609951218484059 3.47
1497.8057 0.00534092562016372 3.47
1498.1609 0.00613521885140098 3.47
1498.5162 0.00654066609091057 3.47
1498.8715 0.00639790495484234 3.47
1499.2268 0.00670014916911317 3.47
1499.582 0.00651165204554535 3.47
1499.9373 0.00646312248632125 3.47
1500.2926 0.00720543820243842 3.47
1500.6478 0.00770247266354164 3.47
1501.0032 0.00749654434869627 3.47
1501.3584 0.0075965317215579 3.47
1501.7137 0.00768385552373797 3.47
1502.069 0.00743284548286437 3.47
1502.4242 0.00732721550400846 3.47
1502.7795 0.00739888632454896 3.47
1503.1348 0.00839256840170466 3.47
1503.4901 0.00861721989422088 3.47
1503.8453 0.00831456758763388 3.47
1504.2007 0.00900782307779422 3.47
1504.5559 0.00961909338428981 3.47
1504.9111 0.0103634117941001 3.47
1505.2665 0.0106767609503193 3.47
1505.6217 0.0104116704221757 3.47
1505.9771 0.0105849314423988 3.47
1506.3323 0.011428025409409 3.47
1506.6876 0.0116174722572758 3.47
1507.0428 0.011561315200636 3.47
1507.3981 0.0115113292374517 3.47
1507.7534 0.0122057404663868 3.47
1508.1086 0.013720527939825 3.47
1508.464 0.0116739156377502 3.47
1508.8192 0.0126876015615467 3.47
1509.1746 0.013392445545987 3.47
1509.5298 0.0135795124319376 3.47
1509.885 0.014863376974695 3.47
1510.2404 0.0152342876966629 3.47
1510.5956 0.0147686346588542 3.47
1510.9509 0.0160516392248718 3.47
1511.3062 0.0162911325940528 3.47
1511.6615 0.0159263930882407 3.47
1512.0167 0.0162199970441881 3.47
1512.3719 0.0164281257720242 3.47
1512.7273 0.0177060086992524 3.47
1513.0825 0.0182359310023976 3.47
1513.4379 0.0184793996559866 3.47
1513.7931 0.019604027711604 3.47
1514.1484 0.0189333403055693 3.47
1514.5037 0.0203224741484749 3.47
1514.8589 0.020775045716985 3.47
1515.2142 0.0214113262623163 3.47
1515.5695 0.0217667359429975 3.47
1515.9248 0.0216171140239662 3.47
1516.28 0.0230618686325137 3.47
1516.6354 0.0236027125685536 3.47
1516.9906 0.0228278761731093 3.47
1517.3458 0.0238753820374823 3.47
1517.7012 0.0246965456452888 3.47
1518.0564 0.0248131897982117 3.47
1518.4117 0.0251861480263023 3.47
1518.767 0.0251548936586672 3.47
1519.1223 0.0263931619762715 3.47
1519.4775 0.0275303151059463 3.47
1519.8328 0.0278136171062491 3.47
1520.1881 0.0269020852976327 3.47
1520.5433 0.0275437922062743 3.47
1520.8987 0.0284781116799211 3.47
1521.2539 0.0292693173347628 3.47
1521.6093 0.0291038143126087 3.47
1521.9645 0.0283123928369904 3.47
1522.3197 0.027519116126789 3.47
1522.675 0.0284576565093914 3.47
1523.0303 0.0294268082626149 3.47
1523.3856 0.0289432485998681 3.47
1523.7408 0.0297225834421238 3.47
1524.0962 0.0301274664669286 3.47
1524.4514 0.030436087068016 3.47
1524.8066 0.030507277973653 3.47
1525.162 0.0294859785407771 3.47
1525.5172 0.0293882445120068 3.47
1525.8726 0.0302072660856811 3.47
1526.2278 0.0306332997334155 3.47
1526.5831 0.0302367926963 3.47
1526.9384 0.0305303567429682 3.47
1527.2936 0.030381666500564 3.47
1527.6489 0.0302151547768376 3.47
1528.0042 0.0308420650431513 3.47
1528.3595 0.0302147022939994 3.47
1528.7147 0.0307450682401971 3.47
1529.0701 0.0311439867306296 3.47
1529.4253 0.0323449751661892 3.47
1529.7805 0.0323296691203212 3.47
1530.1359 0.03219558409252 3.47
1530.4911 0.0329268127916607 3.47
1530.8464 0.032843486380896 3.47
1531.2017 0.0328817988288843 3.47
1531.557 0.0339148755128518 3.47
1531.9122 0.0349027405147453 3.47
1532.2675 0.0372411450151573 3.47
1532.6228 0.038111821454459 3.47
1532.978 0.0383069232090267 3.47
1533.3334 0.0392782891181772 3.47
1533.6886 0.0417322868586894 3.47
1534.0439 0.0435063012152154 3.47
1534.3992 0.0435945705596588 3.47
1534.7544 0.0439719827213386 3.47
1535.1097 0.0464619114897662 3.47
1535.465 0.0490823295717816 3.47
1535.8203 0.0500682322111685 3.47
1536.1755 0.0534124916019643 3.47
1536.5309 0.0555814428032079 3.47
1536.8861 0.0571161404390922 3.47
1537.2413 0.0614078824714557 3.47
1537.5967 0.0633386511284325 3.47
1537.9519 0.065888628130541 3.47
1538.3073 0.0684898176209467 3.47
1538.6625 0.0722003155546729 3.47
1539.0178 0.0780557070754921 3.47
1539.373 0.0815786784353075 3.47
1539.7283 0.0832750731826212 3.47
1540.0836 0.0889452952633236 3.47
1540.4388 0.091471127328394 3.47
1540.7942 0.0957677547593927 3.47
1541.1494 0.0989068001103368 3.47
1541.5048 0.10341167986391 3.47
1541.86 0.107684748556883 3.47
1542.2152 0.112926796413875 3.47
1542.5706 0.116275851578447 3.47
1542.9258 0.119337756813175 3.47
1543.2811 0.121562785866842 3.47
1543.6364 0.12460679792036 3.47
1543.9917 0.125402050559497 3.47
1544.3469 0.13005390079443 3.47
1544.7021 0.130833876454428 3.47
1545.0575 0.133181597880849 3.47
1545.4127 0.134467353508134 3.47
1545.7681 0.137078643720158 3.47
1546.1233 0.135369929736756 3.47
1546.4786 0.135385791157543 3.47
1546.8339 0.13810539707111 3.47
1547.1891 0.137587797464974 3.47
1547.5444 0.136280674972077 3.47
1547.8997 0.135981339207183 3.47
1548.255 0.137217953946137 3.47
1548.6102 0.136038183474852 3.47
1548.9656 0.135820886246631 3.47
1549.3208 0.131561408442424 3.47
1549.676 0.133685667363869 3.47
1550.0314 0.134485939417023 3.47
1550.3866 0.134353789442363 3.47
1550.7419 0.131123420542045 3.47
1551.0972 0.131995571310278 3.47
1551.4525 0.131715917164441 3.47
1551.8077 0.134267296795594 3.47
1552.163 0.133016481120417 3.47
1552.5183 0.132781661810338 3.47
1552.8735 0.134208123985146 3.47
1553.2289 0.136712590327625 3.47
1553.5841 0.138213369435588 3.47
1553.9395 0.138390721830628 3.47
1554.2947 0.139029408381518 3.47
1554.6499 0.141654831590006 3.47
1555.0052 0.144649491714869 3.47
1555.3605 0.148924308514501 3.47
1555.7158 0.151056853676076 3.47
1556.071 0.155751504262465 3.47
1556.4264 0.160706157408881 3.47
1556.7816 0.162301925423747 3.47
1557.1368 0.164957104085452 3.47
1557.4922 0.169268784011535 3.47
1557.8474 0.175266450093004 3.47
1558.2028 0.179889235829949 3.47
1558.558 0.184809041987337 3.47
1558.9133 0.187635458326721 3.47
1559.2686 0.190716902202638 3.47
1559.6238 0.19726393730161 3.47
1559.9791 0.200924702822936 3.47
1560.3344 0.204289307478652 3.47
1560.6897 0.207167652461391 3.47
1561.0449 0.209808477701914 3.47
1561.4003 0.211971764612063 3.47
1561.7555 0.214350150340206 3.47
1562.1107 0.215091874110346 3.47
1562.4661 0.215193529349401 3.47
1562.8213 0.218241825049277 3.47
1563.1766 0.217239315046201 3.47
1563.5319 0.214415013976192 3.47
1563.8872 0.212284843996083 3.47
1564.2424 0.211251883525225 3.47
1564.5977 0.209032353079363 3.47
1564.953 0.205031026659935 3.47
1565.3082 0.200151044587568 3.47
1565.6636 0.19650094496908 3.47
1566.0188 0.19146480054224 3.47
1566.3741 0.186906926154096 3.47
1566.7294 0.180383807149563 3.47
1567.0846 0.175439317584868 3.47
1567.4399 0.171189860261815 3.47
1567.7952 0.165275751137265 3.47
1568.1505 0.159670717820519 3.47
1568.5057 0.153050731846378 3.47
1568.8611 0.146510996814878 3.47
1569.2163 0.141206479709987 3.47
1569.5715 0.135663076505686 3.47
1569.9269 0.128175585476798 3.47
1570.2821 0.121646694209433 3.47
1570.6375 0.117569957855476 3.47
1570.9927 0.114406273909654 3.47
1571.348 0.108884188399994 3.47
1571.7032 0.101825094391242 3.47
1572.0585 0.0973084339945491 3.47
1572.4138 0.0942272367096954 3.47
1572.769 0.0913382484757324 3.47
1573.1244 0.0862671243102049 3.47
1573.4796 0.0810951982218475 3.47
1573.835 0.0786897952026324 3.47
1574.1902 0.0759984790766289 3.47
1574.5454 0.0736468097978646 3.47
1574.9008 0.0696543521801507 3.47
1575.256 0.0663434594032783 3.47
1575.6113 0.0665862509672737 3.47
1575.9666 0.0652482751166352 3.47
1576.3219 0.0617786212862834 3.47
1576.6771 0.0599693750984429 3.47
1577.0323 0.0597067268477094 3.47
1577.3877 0.0581760938218848 3.47
1577.7429 0.0561924152520461 3.47
1578.0983 0.0553291871831421 3.47
1578.4535 0.0545875299105319 3.47
1578.8088 0.0534674769047636 3.47
1579.1641 0.0543285814091147 3.47
1579.5193 0.0546941272394513 3.47
1579.8746 0.0543655692892526 3.47
1580.2299 0.0546383582935845 3.47
1580.5852 0.0555606003955619 3.47
1580.9404 0.0564216282968754 3.47
1581.2958 0.0552475812166575 3.47
1581.651 0.0560042320070782 3.47
1582.0062 0.0578078221451956 3.47
1582.3616 0.0580336078140867 3.47
1582.7168 0.0585525734782085 3.47
1583.0721 0.059988634897332 3.47
1583.4274 0.0622941963681316 3.47
1583.7827 0.0639314207834761 3.47
1584.1379 0.0650512942403189 3.47
1584.4932 0.0663489928019838 3.47
1584.8485 0.0679624979983709 3.47
1585.2037 0.0705302117600927 3.47
1585.5591 0.0731200233746373 3.47
1585.9143 0.0745465393243606 3.47
1586.2697 0.0758142677550543 3.47
1586.6249 0.0791121731687302 3.47
1586.9801 0.0831221749753105 3.47
1587.3354 0.086812565993808 3.47
1587.6907 0.0890419732218413 3.47
1588.046 0.0917974604477439 3.47
1588.4012 0.0962481028740258 3.47
1588.7566 0.100927177503721 3.47
1589.1118 0.10496375308102 3.47
1589.467 0.107944229650025 3.47
1589.8224 0.114205658054359 3.47
1590.1776 0.120188303009446 3.47
1590.533 0.124038334248857 3.47
1590.8882 0.128560407687831 3.47
1591.2434 0.134480463122574 3.47
1591.5988 0.139993313335113 3.47
1591.954 0.146571793315896 3.47
1592.3093 0.153973872398682 3.47
1592.6646 0.159830007805831 3.47
1593.0199 0.167045747844089 3.47
1593.3751 0.176508521596283 3.47
1593.7303 0.184786875948184 3.47
1594.0857 0.192471040734367 3.47
1594.4409 0.202130200477793 3.47
1594.7963 0.215322135504369 3.47
1595.1515 0.229639049880877 3.47
1595.5068 0.239742543210106 3.47
1595.8621 0.250127055285003 3.47
1596.2173 0.265736203286043 3.47
1596.5726 0.283345209445958 3.47
1596.9279 0.298689346123071 3.47
1597.2832 0.314645436856787 3.47
1597.6384 0.333978170622159 3.47
1597.9938 0.354911278083905 3.47
1598.349 0.375706281756468 3.47
1598.7042 0.39659007677693 3.47
1599.0596 0.416933864940234 3.47
1599.4148 0.437994911044512 3.47
1599.7701 0.465859779454619 3.47
1600.1254 0.493769863606135 3.47
1600.4807 0.516826806450517 3.47
1600.8359 0.542962994637888 3.47
1601.1912 0.572526478189842 3.47
1601.5465 0.602740369344191 3.47
1601.9017 0.632088398794236 3.47
1602.2571 0.657584881431202 3.47
1602.6123 0.684795223554732 3.47
1602.9677 0.718680055253092 3.47
1603.3229 0.750148877743714 3.47
1603.6781 0.771274722621112 3.47
1604.0334 0.792062050346402 3.47
1604.3887 0.820060997545703 3.47
1604.744 0.847730842262437 3.47
1605.0992 0.865410835370084 3.47
1605.4546 0.88247442539069 3.47
1605.8098 0.907040341234426 3.47
1606.165 0.927686693115708 3.47
1606.5204 0.947664838741395 3.47
1606.8756 0.958485572508533 3.47
1607.231 0.962971389054579 3.47
1607.5862 0.972806876745772 3.47
1607.9415 0.987907283099841 3.47
1608.2968 0.992701950969636 3.47
1608.652 0.99098748307028 3.47
1609.0073 0.993949322571745 3.47
1609.3625 0.998100174325623 3.47
1609.7179 1 3.47
1610.0731 0.989701890471299 3.47
1610.4285 0.97959099915456 3.47
1610.7837 0.971895461096458 3.47
1611.1389 0.963332981776408 3.47
1611.4943 0.949862950741085 3.47
1611.8495 0.927616458310763 3.47
1612.2048 0.912712926526109 3.47
1612.5601 0.902767307508861 3.47
1612.9154 0.886431301601418 3.47
1613.2706 0.86826641487878 3.47
1613.6259 0.84484793891927 3.47
1613.9812 0.821841468436983 3.47
1614.3364 0.804483160633699 3.47
1614.6918 0.782590230153804 3.47
1615.047 0.756875434926531 3.47
1615.4023 0.738366519122951 3.47
1615.7576 0.720605298706306 3.47
1616.1128 0.695799747674471 3.47
1616.4681 0.671414533172418 3.47
1616.8234 0.64886864484098 3.47
1617.1787 0.630464903809539 3.47
1617.5339 0.611013586671995 3.47
1617.8893 0.592251745456736 3.47
1618.2445 0.571306113043633 3.47
1618.5997 0.548855679246458 3.47
1618.9551 0.53072896459512 3.47
1619.3103 0.511343432104145 3.47
1619.6656 0.4914538005339 3.47
1620.0209 0.469445437294837 3.47
1620.3762 0.454681899540076 3.47
1620.7314 0.440433260660106 3.47
1621.0867 0.420667714707267 3.47
1621.442 0.404939096469856 3.47
1621.7972 0.385752741784474 3.47
1622.1526 0.375090550034518 3.47
1622.5078 0.363106924037125 3.47
1622.8632 0.349447901061446 3.47
1623.2184 0.330593265904517 3.47
1623.5736 0.318714908785364 3.47
1623.929 0.309960355273619 3.47
1624.2842 0.29617313653693 3.47
1624.6395 0.284271078545699 3.47
1624.9948 0.271207988761155 3.47
1625.3501 0.263485370973787 3.47
1625.7053 0.255043849363561 3.47
1626.0605 0.244244557622845 3.47
1626.4159 0.232526190683464 3.47
1626.7711 0.226305599968872 3.47
1627.1265 0.217018455213245 3.47
1627.4817 0.211319969634022 3.47
1627.837 0.201194832024024 3.47
1628.1923 0.193523304887579 3.47
1628.5475 0.185511332820742 3.47
1628.9028 0.180777139447316 3.47
1629.2581 0.174814001043602 3.47
1629.6134 0.16385866836388 3.47
1629.9686 0.15995545833703 3.47
1630.324 0.152466851478647 3.47
1630.6792 0.145702408156629 3.47
1631.0344 0.140452356078605 3.47
1631.3898 0.134804930625419 3.47
1631.745 0.132055026729031 3.47
1632.1003 0.129022298567971 3.47
1632.4556 0.122579304187463 3.47
1632.8109 0.118467179035988 3.47
1633.1661 0.114449356739338 3.47
1633.5214 0.109596988507963 3.47
1633.8767 0.10730994365575 3.47
1634.2319 0.103049237990974 3.47
1634.5873 0.100058898328927 3.47
1634.9425 0.0938154219065678 3.47
1635.2979 0.0911360132869089 3.47
1635.6531 0.0893178942380188 3.47
1636.0083 0.0833876074044961 3.47
1636.3636 0.0818421365613421 3.47
1636.7189 0.0796696143540715 3.47
1637.0742 0.0778346014411509 3.47
1637.4294 0.0738871481026127 3.47
1637.7848 0.0716077755602459 3.47
1638.14 0.0702728599766377 3.47
1638.4952 0.0671323126881891 3.47
1638.8506 0.0655819218621788 3.47
1639.2058 0.0630312271400828 3.47
1639.5612 0.0614909325544486 3.47
1639.9164 0.0598701271140816 3.47
1640.2717 0.0581847115347062 3.47
1640.627 0.0555756983387097 3.47
1640.9822 0.0525597968230365 3.47
1641.3375 0.0522785921671364 3.47
1641.6927 0.0497707919025996 3.47
1642.0481 0.0473606387658529 3.47
1642.4033 0.0444710231578763 3.47
1642.7587 0.0443451074359809 3.47
1643.1139 0.0432890237514785 3.47
1643.4691 0.0407530812811883 3.47
1643.8245 0.0402296120905975 3.47
1644.1797 0.0395416356273375 3.47
1644.535 0.0394820373980161 3.47
1644.8903 0.0383925240629817 3.47
1645.2456 0.0370122676850689 3.47
1645.6008 0.0355361033235395 3.47
1645.9561 0.0345913386171737 3.47
1646.3114 0.0332659595404798 3.47
1646.6666 0.0318748895014107 3.47
1647.022 0.0313357583666944 3.47
1647.3772 0.0301311842156566 3.47
1647.7325 0.0305544892083393 3.47
1648.0878 0.0304979382242269 3.47
1648.443 0.0291739703171562 3.47
1648.7983 0.0273208531827 3.47
1649.1536 0.0267141534448106 3.47
1649.5089 0.0271332012566866 3.47
1649.8641 0.0269134295385404 3.47
1650.2195 0.0254531341021273 3.47
1650.5747 0.0239861607698973 3.47
1650.9299 0.0243684530051543 3.47
1651.2853 0.0238661218375792 3.47
1651.6405 0.0229595144930622 3.47
1651.9958 0.0216240346947493 3.47
1652.3511 0.0203366968894949 3.47
1652.7064 0.0207282746820608 3.47
1653.0616 0.0211473355157583 3.47
1653.4169 0.0199166899151195 3.47
1653.7722 0.019907070988468 3.47
1654.1274 0.0192308219380195 3.47
1654.4828 0.0189842084183916 3.47
1654.838 0.0182754703565241 3.47
1655.1934 0.0166516588459496 3.47
1655.5486 0.0176379419690802 3.47
1655.9038 0.015796762443947 3.47
1656.2592 0.0168852142690088 3.47
1656.6144 0.0162302645663224 3.47
1656.9697 0.0160402980169729 3.47
1657.325 0.0160799548378476 3.47
1657.6803 0.0161526966754542 3.47
1658.0355 0.0159958864208166 3.47
1658.3907 0.0139677135896841 3.47
1658.7461 0.0149582681811651 3.47
1659.1013 0.0132122478501676 3.47
1659.4567 0.0131539227157527 3.47
1659.8119 0.0102933858933069 3.47
1660.1672 0.013535751203714 3.47
1660.5225 0.0123362905727945 3.47
1660.8777 0.0118916007895263 3.47
1661.233 0.0124483392724178 3.47
1661.5883 0.0119380086642618 3.47
1661.9436 0.0101220410338972 3.47
1662.2988 0.0109408690703095 3.47
1662.6542 0.0111171549295268 3.47
1663.0094 0.0115562603629591 3.47
1663.3646 0.0103999043861101 3.47
1663.72 0.00918737239140026 3.47
1664.0752 0.00961842055000063 3.47
1664.4305 0.00896918933523141 3.47
1664.7858 0.00907459943397523 3.47
1665.1411 0.0100239351308546 3.47
1665.4963 0.00858467828629736 3.47
1665.8516 0.00883731514106351 3.47
1666.2069 0.00793657416548122 3.47
1666.5621 0.00829098410707623 3.47
1666.9175 0.00888952404615337 3.47
1667.2727 0.00764963321939229 3.47
1667.6281 0.00738647495077689 3.47
1667.9833 0.00735082854313911 3.47
1668.3385 0.00608582483086183 3.47
1668.6938 0.00727529241269321 3.47
1669.0491 0.0081870215186997 3.47
1669.4044 0.00737996540832112 3.47
1669.7596 0.0057396844860745 3.47
1670.115 0.00492242052615333 3.47
1670.4702 0.00539020591449349 3.47
1670.8254 0.00502279516597313 3.47
1671.1808 0.00477472524238502 3.47
1671.536 0.00501182072467804 3.47
1671.8914 0.00499037621977748 3.47
1672.2466 0.00530436534992424 3.47
1672.6019 0.00523724311368252 3.47
1672.9572 0.00523988486775417 3.47
1673.3124 0.00532032954009187 3.47
1673.6677 0.00516297299572129 3.47
1674.0229 0.00457760355238712 3.47
1674.3783 0.00376819969260788 3.47
1674.7335 0.00355802679686987 3.47
1675.0889 0.00244317693607898 3.47
1675.4441 0.00341289290400736 3.47
1675.7993 0.00354838516479633 3.47
1676.1547 0.00154674661701145 3.47
1676.5099 0.00340674216019525 3.47
1676.8652 0.00397916499342699 3.47
1677.2205 0.00291791933894863 3.47
1677.5758 0.0014333933999739 3.47
1677.931 0.00229557298072667 3.47
1678.2863 0.002602186406878 3.47
1678.6416 0.00176334484022418 3.47
1678.9968 0.00255435780161888 3.47
1679.3522 0.00345484837220328 3.47
1679.7074 0.0024949231990154 3.47
1680.0627 0.0024060938219028 3.47
1680.418 0.00214151905860638 3.47
1680.7732 0.00196887209136811 3.47
1681.1285 0.00253566200220623 3.47
1681.4838 0.00273364113665814 3.47
1681.8391 0.00322524027196516 3.47
1682.1943 0.0024638072741974 3.47
1682.5497 0.00252660565559572 3.47
1682.9049 0.00138805365700439 3.47
1683.2601 0.00217112137464101 3.47
1683.6155 0.00254736925696747 3.47
1683.9707 0.00250547599665132 3.47
1684.326 0.00314128601147238 3.47
1684.6813 0.0026584119788976 3.47
1685.0366 0.00265143250434626 3.47
1685.3918 0.00241487405009301 3.47
1685.7471 0.00236011556316235 3.47
1686.1024 0.00231271527716275 3.47
1686.4576 0.00173250374446903 3.47
1686.813 0.00152876227618538 3.47
1687.1682 0.00233958233143831 3.47
1687.5236 0.00224724904424284 3.47
1687.8788 0.00214211648335487 3.47
1688.234 0.00258106507328377 3.47
1688.5894 0.00237142628927218 3.47
1688.9446 0.00320814792880128 3.47
1689.2999 0.00276258472506444 3.47
1689.6552 0.00255973012097833 3.47
1690.0105 0.00323512295481518 3.47
1690.3657 0.0027914548949406 3.47
1690.7209 0.00276402260563816 3.47
1691.0763 0.00322204420939565 3.47
1691.4315 0.0032796883175816 3.47
1691.7869 0.00406411469564826 3.47
1692.1421 0.00427950751831334 3.47
1692.4974 0.00273215007187562 3.47
1692.8527 0.00371656493860173 3.47
1693.2079 0.00398825561650233 3.47
1693.5632 0.00443486755379061 3.47
1693.9185 0.00390741859754888 3.47
1694.2738 0.00326676896303725 3.47
1694.629 0.00406676681655542 3.47
1694.9844 0.00406175502956846 3.47
1695.3396 0.00345417654615251 3.47
1695.6948 0.0043200262648849 3.47
1696.0502 0.00500897528056611 3.47
1696.4054 0.00395808535664782 3.47
1696.7607 0.0042118380409096 3.47
1697.116 0.00522319862152023 3.47
1697.4713 0.00423500618968373 3.47
1697.8265 0.00459455163570445 3.47
1698.1818 0.00520038661640384 3.47
1698.5371 0.00485570067281244 3.47
1698.8923 0.00496438613824847 3.47
1699.2477 0.0051338963581188 3.47
1699.6029 0.00503203958583045 3.47
1699.9583 0.00590290465924363 3.47
1700.3135 0.00461534236993415 3.47
1700.6687 0.00525279209776907 3.47
1701.024 0.00518735929012114 3.47
1701.3793 0.00583749583866726 3.47
1701.7346 0.00515560084400376 3.47
1702.0898 0.0041070546101506 3.47
1702.4452 0.00486100853612765 3.47
1702.8004 0.00473280205526772 3.47
1703.1556 0.00457174358230941 3.47
1703.511 0.00456514991655958 3.47
1703.8662 0.00535463477410684 3.47
1704.2216 0.00554506343608809 3.47
1704.5768 0.00531294141235966 3.47
1704.9321 0.00469779005025828 3.47
1705.2874 0.00538698959363751 3.47
1705.6426 0.00580290011353807 3.47
1705.9979 0.00600626570202111 3.47
1706.3531 0.00514511608603309 3.47
1706.7085 0.00496230650358922 3.47
1707.0637 0.00515767265149131 3.47
1707.4191 0.00515637581491351 3.47
1707.7743 0.00473404295274461 3.47
1708.1295 0.00515119925818648 3.47
1708.4849 0.00409072031816076 3.47
1708.8401 0.00559537122003617 3.47
1709.1954 0.0049322526333514 3.47
1709.5507 0.00463442704733368 3.47
1709.906 0.00456607246927952 3.47
1710.2612 0.00368250319479087 3.47
1710.6165 0.00311814224033413 3.47
1710.9718 0.00401565236244646 3.47
1711.327 0.00387904803229006 3.47
1711.6824 0.00396031361590327 3.47
1712.0376 0.00418569064787065 3.47
1712.3929 0.00501691422420218 3.47
1712.7482 0.00389956788917829 3.47
1713.1034 0.00263019944626348 3.47
1713.4587 0.0033398379387575 3.47
1713.814 0.00386725564899867 3.47
1714.1693 0.00324487604201192 3.47
1714.5245 0.00214174378773179 3.47
1714.8799 0.00213974339601018 3.47
1715.2351 0.0032913082030262 3.47
1715.5903 0.00285276220384844 3.47
1715.9457 0.00262344180078136 3.47
1716.3009 0.00273396457582867 3.47
1716.6563 0.00339426948654565 3.47
1717.0115 0.00327754843137772 3.47
1717.3668 0.00251118200702465 3.47
1717.722 0.00305085549483855 3.47
1718.0773 0.00258999780889851 3.47
1718.4326 0.00172832430939226 3.47
1718.7878 0.00298050646446238 3.47
1719.1432 0.00248819087489021 3.47
1719.4984 0.0018345272889317 3.47
1719.8538 0.00194576790666657 3.47
1720.209 0.00200926899939386 3.47
1720.5642 0.00343808830799571 3.47
1720.9196 0.00292569226874509 3.47
1721.2748 0.00189227022986288 3.47
1721.6301 0.00224596807573559 3.47
1721.9854 0.00281645501201105 3.47
1722.3407 0.00298620231585053 3.47
1722.6959 0.00151271773760789 3.47
1723.0511 0.000434738700030543 3.47
1723.4065 0.00275834207687179 3.47
1723.7617 0 3.47
1724.1171 0.00214271326338799 3.47
1724.4723 0.00191991595932834 3.47
1724.8276 0.0018604427011711 3.47
1725.1829 0.00211549892349405 3.47
1725.5381 0.00187723236875597 3.47
1725.8934 0.00155974706625896 3.47
1726.2487 0.000142295868186368 3.47
1726.604 0.00250989068156453 3.47
1726.9592 0.00126731932459753 3.47
1727.3146 0.000603089551209653 3.47
1727.6698 0.00165433202528736 3.47
1728.025 0.0014555407397341 3.47
1728.3804 0.00161873214668094 3.47
1728.7356 0.000730586776216668 3.47
1729.0909 0.000689235664566895 3.47
1729.4462 0.00116598793832754 3.47
1729.8015 0.00141318406050855 3.47
1730.1567 0.00122426943442676 3.47
1730.512 0.000698262934777795 3.47
1730.8673 0.00109840387899088 3.47
1731.2225 0.00118653761731894 3.47
1731.5779 0.000583575397602996 3.47
1731.9331 0.000281195699916983 3.47
1732.2885 0.00104380264568097 3.47
1732.6437 0.00087495950679173 3.47
1732.9989 0.000964339030661175 3.47
1733.3542 0.00140214034066265 3.47
1733.7095 0.000601917622150902 3.47
1734.0648 0.000823418297231595 3.47
1734.42 0 3.47
1734.7754 0.00144447551213728 3.47
1735.1306 0.00161153259538809 3.47
1735.4858 0.00109905847828375 3.47
1735.8412 0.00124036165183729 3.47
1736.1964 0.00159101077768499 3.47
1736.5518 0.00258297485753465 3.47
1736.907 0.00144250831529319 3.47
1737.2623 0.000647263183306845 3.47
1737.6176 0.000665663890813672 3.47
1737.9728 0.00232270736892915 3.47
1738.3281 0.000947177124297855 3.47
1738.6833 0.000477754308255996 3.47
1739.0387 0.000368242313654389 3.47
1739.3939 0.000931741517347951 3.47
1739.7493 0.00143274510036164 3.47
1740.1045 0.00171618902562291 3.47
1740.4597 0.00171204022180252 3.47
1740.8151 0.00191828556825069 3.47
1741.1703 0.00170077582488777 3.47
1741.5256 0.00182684287561589 3.47
1741.8809 0.00101125290061678 3.47
1742.2362 0.000969466034003697 3.47
1742.5914 0.00236364876290273 3.47
1742.9467 0.00225721996667309 3.47
1743.302 0.0011620586874809 3.47
1743.6572 0.00190711544946995 3.47
1744.0126 0.00201714402844519 3.47
1744.3678 0.00217630516161043 3.47
1744.7231 0.00352964573900427 3.47
1745.0784 0.00306602602936892 3.47
1745.4336 0.00225513250020535 3.47
1745.7889 0.00200336355123718 3.47
1746.1442 0.00243231781325001 3.47
1746.4995 0.0034267556424297 3.47
1746.8547 0.00259576373861572 3.47
1747.2101 0.0031888344581266 3.47
1747.5653 0.00434433722479088 3.47
1747.9205 0.00296731482947503 3.47
1748.2759 0.00288330558852664 3.47
1748.6311 0.0028300020307401 3.47
1748.9865 0.00293049452470848 3.47
1749.3417 0.00306907779022733 3.47
1749.697 0.00267352816106875 3.47
1750.0522 0.0038031517496715 3.47
1750.4075 0.00329684371965312 3.47
1750.7628 0.00448166715574851 3.47
1751.118 0.00485108820833199 3.47
1751.4734 0.0033376789772618 3.47
1751.8286 0.00276775532548265 3.47
1752.184 0.00242968649648032 3.47
1752.5392 0.00237918819678321 3.47
1752.8944 0.00329869974698534 3.47
1753.2498 0.00351516232736929 3.47
1753.605 0.00286821507169072 3.47
1753.9603 0.00250342021292787 3.47
1754.3156 0.00304549000959448 3.47
1754.6709 0.00370046920373884 3.47
1755.0261 0.00264099216541139 3.47
1755.3813 0.0023854501130949 3.47
1755.7367 0.00277165321410396 3.47
1756.0919 0.00277515837324975 3.47
1756.4473 0.00271420512730152 3.47
1756.8025 0.00248112754591519 3.47
1757.1578 0.0016483206354856 3.47
1757.5131 0.00304227919901769 3.47
1757.8683 0.00156842162470108 3.47
1758.2236 0.00220884574172983 3.47
1758.5789 0.00098579875110631 3.47
1758.9342 0.00158023187169454 3.47
1759.2894 0.00103948559279119 3.47
1759.6448 0.00025607083898511 3.47
1760 0 3.47
