w Int P
1450 0 9.78
1450.3519 0 9.78
1450.7039 0.00032440166763183 9.78
1451.0557 0.00207955089266265 9.78
1451.4076 0 9.78
1451.7595 0.00371478113631349 9.78
1452.1115 0.00321899572019936 9.78
1452.4634 0 9.78
1452.8153 0.00145726450827768 9.78
1453.1671 0.00629752269258581 9.78
1453.519 0.00184089064726266 9.78
1453.871 0.00455501705680746 9.78
1454.2229 0.00342108399629075 9.78
1454.5748 0.0021905767739363 9.78
1454.9266 0.0048174202546922 9.78
1455.2786 0.00254826172168747 9.78
1455.6305 0.0035605541678657 9.78
1455.9824 0.00254361426162852 9.78
1456.3344 0.00479978110689273 9.78
1456.6862 0.00329407292866622 9.78
1457.0381 0.00245710666673738 9.78
1457.39 0.00429932978347149 9.78
1457.7419 0.0051786912159585 9.78
1458.0939 0.00470880581617094 9.78
1458.4458 0.0047928606510544 9.78
1458.7976 0.0040633762636451 9.78
1459.1495 0.0024693023759958 9.78
1459.5015 0.00372147859353338 9.78
1459.8534 0.0047866958523954 9.78
1460.2053 0.00512876053904186 9.78
1460.5571 0.00663067654420694 9.78
1460.9091 0.00536425028933114 9.78
1461.261 0.00465761309288258 9.78
1461.6129 0.00577999722956717 9.78
1461.9648 0.00149589807209444 9.78
1462.3168 0 9.78
1462.6686 0.00412310625411772 9.78
1463.0205 0.00207725528288977 9.78
1463.3724 0.00418394315829026 9.78
1463.7244 0.00334174780445568 9.78
1464.0763 0.00507546938398738 9.78
1464.4281 0.00111730255577833 9.78
1464.78 0.00207417580279262 9.78
1465.132 0.00353317939955855 9.78
1465.4839 0.00467274313993908 9.78
1465.8358 0.00329112469856886 9.78
1466.1877 0.0025757625245538 9.78
1466.5396 0.00639223059933508 9.78
1466.8915 0.00574637602474988 9.78
1467.2434 0.00412854368098198 9.78
1467.5953 0.00320176394863076 9.78
1467.9473 0.00180777025013038 9.78
1468.2991 0.0034890426234942 9.78
1468.651 0.00463063010137213 9.78
1469.0029 0.00158694311068569 9.78
1469.3549 0.00205195801312555 9.78
1469.7068 0.00523300216555553 9.78
1470.0586 0.00442521826332008 9.78
1470.4105 0.00565777014717076 9.78
1470.7625 0.00387557281790819 9.78
1471.1144 0.00554284093665081 9.78
1471.4663 0.00280658413457998 9.78
1471.8182 0.00479388261707082 9.78
1472.17 0.00515578563002065 9.78
1472.522 0.000979341903024483 9.78
1472.8739 0.00352780314920526 9.78
1473.2258 0.00334180956259319 9.78
1473.5778 0.00262976165677118 9.78
1473.9296 0.00393782866637506 9.78
1474.2815 0.00333166677468294 9.78
1474.6334 0.00589071557793573 9.78
1474.9854 0.00645091471261352 9.78
1475.3373 0.00325459306622822 9.78
1475.6892 0.00290801442660611 9.78
1476.041 0.00350001009199582 9.78
1476.3929 0.00627983345965103 9.78
1476.7449 0.00491316763032339 9.78
1477.0968 0.0028775298617952 9.78
1477.4487 0.0017917699818119 9.78
1477.8005 0.00310254086779736 9.78
1478.1525 0.00240714246534223 9.78
1478.5044 0.00222657887036695 9.78
1478.8563 0.00340536827729501 9.78
1479.2083 0.00202093358796273 9.78
1479.5601 0.00193342788353037 9.78
1479.912 0.0049059825959812 9.78
1480.2639 0.00501517855130865 9.78
1480.6158 0.00314961812833783 9.78
1480.9678 0.00401940647560969 9.78
1481.3197 0.00471542144180105 9.78
1481.6715 0.00553403864210994 9.78
1482.0234 0.00758371901828199 9.78
1482.3754 0.00529185859686351 9.78
1482.7273 0.00318996010445076 9.78
1483.0792 0.00461210209220141 9.78
1483.431 0.00343885010097854 9.78
1483.783 0.0066954867140338 9.78
1484.1349 0.00399943038246987 9.78
1484.4868 0.00374229834569747 9.78
1484.8387 0.0054527191454171 9.78
1485.1907 0.00372582248183431 9.78
1485.5425 0.00339709356872636 9.78
1485.8944 0.00362389239411775 9.78
1486.2463 0.00520946045098056 9.78
1486.5983 0.00695454862418717 9.78
1486.9502 0.00735130062809169 9.78
1487.302 0.00392088265599193 9.78
1487.6539 0.00717213678560953 9.78
1488.0059 0.00598140639179278 9.78
1488.3578 0.00497632914522221 9.78
1488.7097 0.00570351559923976 9.78
1489.0615 0.00387602003888349 9.78
1489.4135 0.00477926677148319 9.78
1489.7654 0.00875313047415271 9.78
1490.1173 0.00692693285744995 9.78
1490.4692 0.0041497861797907 9.78
1490.8212 0.00643737499525978 9.78
1491.173 0.00717882701066333 9.78
1491.5249 0.00621249173513953 9.78
1491.8768 0.00549277444837824 9.78
1492.2288 0.00354633747787772 9.78
1492.5807 0.00514973184516859 9.78
1492.9325 0.00641336929180306 9.78
1493.2844 0.006913018710605 9.78
1493.6364 0.00451632609228607 9.78
1493.9883 0.0051135133574484 9.78
1494.3402 0.00610943436002144 9.78
1494.6921 0.00797943390372084 9.78
1495.0439 0.00381233656453964 9.78
1495.3959 0.00328089425768408 9.78
1495.7478 0.00738109329478361 9.78
1496.0997 0.00768477561268145 9.78
1496.4517 0.00597855739506565 9.78
1496.8035 0.00325051347428329 9.78
1497.1554 0.00538479052562128 9.78
1497.5073 0.00120971566656386 9.78
1497.8593 0.00450283144527733 9.78
1498.2112 0.00154939906984797 9.78
1498.5631 0.00522595683110726 9.78
1498.9149 0.00616759577368009 9.78
1499.2668 0.00762093334137001 9.78
1499.6188 0.00541222221509414 9.78
1499.9707 0.00445981032768202 9.78
1500.3226 0.00527147114306071 9.78
1500.6744 0.00607531617158228 9.78
1501.0264 0.00812749539058214 9.78
1501.3783 0.00566601099124861 9.78
1501.7302 0.00573087931177727 9.78
1502.0822 0.00658228537678112 9.78
1502.434 0.00626452764131472 9.78
1502.7859 0.00764498656698527 9.78
1503.1378 0.00754337467976103 9.78
1503.4897 0.00589884827471794 9.78
1503.8417 0.00774073855821672 9.78
1504.1936 0.00897392610320442 9.78
1504.5454 0.00689701601573071 9.78
1504.8973 0.00843568599465473 9.78
1505.2493 0.00861885653255323 9.78
1505.6012 0.0081397990696697 9.78
1505.9531 0.00662039783368504 9.78
1506.3049 0.00710161240348689 9.78
1506.6569 0.00845472004389864 9.78
1507.0088 0.00739980548159544 9.78
1507.3607 0.00578926934160708 9.78
1507.7126 0.00363373253931597 9.78
1508.0646 0.00653645045173895 9.78
1508.4164 0.00657745207839128 9.78
1508.7683 0.00845822079663041 9.78
1509.1202 0.00941438425292902 9.78
1509.4722 0.00875175297748075 9.78
1509.8241 0.00452920553624995 9.78
1510.1759 0.00891214337652617 9.78
1510.5278 0.0055832539513851 9.78
1510.8798 0.00938181484922876 9.78
1511.2317 0.0104734408443298 9.78
1511.5836 0.00947286511642331 9.78
1511.9354 0.00889250520179602 9.78
1512.2874 0.00903041963192305 9.78
1512.6393 0.00972920519111678 9.78
1512.9912 0.00972363743924291 9.78
1513.3431 0.00673752503906162 9.78
1513.6951 0.00891426418908262 9.78
1514.0469 0.0125020066261233 9.78
1514.3988 0.0121079757899619 9.78
1514.7507 0.00869329064372009 9.78
1515.1027 0.00877752228622154 9.78
1515.4546 0.00889867348934726 9.78
1515.8064 0.00742949622011671 9.78
1516.1583 0.00923954717355437 9.78
1516.5103 0.0112894061367422 9.78
1516.8622 0.0116296120980454 9.78
1517.2141 0.0110371141409397 9.78
1517.566 0.0108893528845211 9.78
1517.9178 0.0124061131904454 9.78
1518.2698 0.0111423577486915 9.78
1518.6217 0.00913513570090283 9.78
1518.9736 0.00897349368088032 9.78
1519.3256 0.011616313290524 9.78
1519.6774 0.0132625316393793 9.78
1520.0293 0.0119634286852542 9.78
1520.3812 0.0117118860187127 9.78
1520.7332 0.012654021128277 9.78
1521.0851 0.0131977628204655 9.78
1521.4369 0.01297170522704 9.78
1521.7888 0.013333573704467 9.78
1522.1407 0.0155831352232964 9.78
1522.4927 0.0145426413933088 9.78
1522.8446 0.0104217033655463 9.78
1523.1965 0.010981190180242 9.78
1523.5483 0.013719444710637 9.78
1523.9003 0.00918896923540111 9.78
1524.2522 0.0108133218878184 9.78
1524.6041 0.0114838511048667 9.78
1524.9561 0.0128944425270498 9.78
1525.3079 0.0144261010250451 9.78
1525.6598 0.0158076700411561 9.78
1526.0117 0.0120840294902177 9.78
1526.3636 0.0126508681058769 9.78
1526.7156 0.0148757803625897 9.78
1527.0675 0.0160006386478037 9.78
1527.4193 0.0133412776348885 9.78
1527.7712 0.0130965104118365 9.78
1528.1232 0.0116390821796379 9.78
1528.4751 0.014302171846539 9.78
1528.827 0.0135352544038059 9.78
1529.1788 0.0138868070743354 9.78
1529.5308 0.01415370511809 9.78
1529.8827 0.0152205588612426 9.78
1530.2346 0.0144615121265237 9.78
1530.5865 0.0139671061343788 9.78
1530.9385 0.0135224547382174 9.78
1531.2903 0.0134480477303342 9.78
1531.6422 0.0138069528778542 9.78
1531.9941 0.0149186216577853 9.78
1532.3461 0.015841855578031 9.78
1532.698 0.0143669302360024 9.78
1533.0498 0.0153449927470494 9.78
1533.4017 0.0182174428764788 9.78
1533.7537 0.0185876460478135 9.78
1534.1056 0.0185584939704892 9.78
1534.4575 0.0176621740820091 9.78
1534.8093 0.0177118062448568 9.78
1535.1613 0.0192524783984316 9.78
1535.5132 0.022008795276694 9.78
1535.8651 0.0171231253960459 9.78
1536.217 0.0198502037152456 9.78
1536.569 0.0205569607334116 9.78
1536.9208 0.0192273527816412 9.78
1537.2727 0.0212135207880575 9.78
1537.6246 0.0186026486085704 9.78
1537.9766 0.0168339688079763 9.78
1538.3285 0.0227966142052265 9.78
1538.6803 0.0206133114932215 9.78
1539.0322 0.0204326329973993 9.78
1539.3842 0.0215279680006998 9.78
1539.7361 0.0225739635336572 9.78
1540.088 0.0218478673966523 9.78
1540.4399 0.0206396732513159 9.78
1540.7917 0.0220830601002833 9.78
1541.1437 0.0238590047106068 9.78
1541.4956 0.0247676362810691 9.78
1541.8475 0.0203979305067629 9.78
1542.1995 0.0238638701319231 9.78
1542.5513 0.0214931845242228 9.78
1542.9032 0.0226158485739085 9.78
1543.2551 0.0222154481537008 9.78
1543.6071 0.0236459934052195 9.78
1543.959 0.0239503428893252 9.78
1544.3108 0.0216971582235182 9.78
1544.6627 0.0275278251721629 9.78
1545.0146 0.0269710131942237 9.78
1545.3666 0.0261121220060356 9.78
1545.7185 0.0262972266499101 9.78
1546.0704 0.0282974533309191 9.78
1546.4222 0.0258050358356236 9.78
1546.7742 0.0245104906733735 9.78
1547.1261 0.027260801202525 9.78
1547.478 0.0274430685367763 9.78
1547.83 0.02985228731167 9.78
1548.1818 0.0297091084404251 9.78
1548.5337 0.0308539075822984 9.78
1548.8856 0.0330848292185739 9.78
1549.2375 0.0325927861067488 9.78
1549.5895 0.0322788140383269 9.78
1549.9414 0.0335385140271221 9.78
1550.2932 0.032780498870759 9.78
1550.6451 0.0309505354714603 9.78
1550.9971 0.0315909761685578 9.78
1551.349 0.0305083149049625 9.78
1551.7009 0.0310718288090188 9.78
1552.0527 0.0331344719192319 9.78
1552.4047 0.0349363655885651 9.78
1552.7566 0.0368402664418249 9.78
1553.1085 0.0370473041747852 9.78
1553.4604 0.03542011853143 9.78
1553.8123 0.0364988163280128 9.78
1554.1642 0.0381814552148905 9.78
1554.5161 0.0375729397090759 9.78
1554.868 0.0355662717798877 9.78
1555.22 0.0377707335390878 9.78
1555.5719 0.0389784705464823 9.78
1555.9237 0.0391210927060397 9.78
1556.2756 0.0411133115393141 9.78
1556.6276 0.0410650087613701 9.78
1556.9795 0.043219475003456 9.78
1557.3314 0.0435134074285206 9.78
1557.6832 0.0415380381846549 9.78
1558.0352 0.0446568697642221 9.78
1558.3871 0.0408109320876512 9.78
1558.739 0.0463274045236275 9.78
1559.0909 0.0446565009612581 9.78
1559.4429 0.0415866283729372 9.78
1559.7947 0.0459810229395952 9.78
1560.1466 0.0487580738610086 9.78
1560.4985 0.0450866353593621 9.78
1560.8505 0.0482586752972514 9.78
1561.2024 0.0505278718882282 9.78
1561.5542 0.0516734320354952 9.78
1561.9061 0.0514645212896407 9.78
1562.2581 0.0538517050472779 9.78
1562.61 0.052040722526595 9.78
1562.9619 0.0526642535907733 9.78
1563.3138 0.0526005571297938 9.78
1563.6656 0.0512689235872865 9.78
1564.0176 0.0523785007358869 9.78
1564.3695 0.055059778094912 9.78
1564.7214 0.058266002211973 9.78
1565.0734 0.0562348555186991 9.78
1565.4252 0.057675673777766 9.78
1565.7771 0.0609276970017622 9.78
1566.129 0.0631496248669068 9.78
1566.481 0.0643443287171606 9.78
1566.8329 0.0634300120202214 9.78
1567.1847 0.062753235469111 9.78
1567.5366 0.0642136765036759 9.78
1567.8885 0.0627629340834455 9.78
1568.2405 0.0661393010854722 9.78
1568.5924 0.0669269253849706 9.78
1568.9443 0.0682680548626835 9.78
1569.2961 0.0723516166930654 9.78
1569.6481 0.0715421903194772 9.78
1570 0.0714681879938246 9.78
1570.3519 0.0726127628937225 9.78
1570.7039 0.073951063150797 9.78
1571.0557 0.075578834354003 9.78
1571.4076 0.077487586988186 9.78
1571.7595 0.0771590033037834 9.78
1572.1115 0.0762353080379314 9.78
1572.4634 0.0802212974864301 9.78
1572.8153 0.0832404000145606 9.78
1573.1671 0.0846269220637384 9.78
1573.519 0.0879731009720687 9.78
1573.871 0.09010857218565 9.78
1574.2229 0.0917796653906515 9.78
1574.5748 0.094208881796601 9.78
1574.9266 0.0950811373067883 9.78
1575.2786 0.0976699535183787 9.78
1575.6305 0.0998320439876296 9.78
1575.9824 0.100312171381892 9.78
1576.3344 0.103017945536212 9.78
1576.6862 0.105430891676858 9.78
1577.0381 0.106219805831025 9.78
1577.39 0.108768500585379 9.78
1577.7419 0.114729880220073 9.78
1578.0939 0.114747456398684 9.78
1578.4458 0.117726102709261 9.78
1578.7976 0.119891122474081 9.78
1579.1495 0.126032396063787 9.78
1579.5015 0.127620611222635 9.78
1579.8534 0.127638874277061 9.78
1580.2053 0.133344191814671 9.78
1580.5571 0.135837346159427 9.78
1580.9091 0.139520259354844 9.78
1581.261 0.14226037521369 9.78
1581.6129 0.147624993207783 9.78
1581.9648 0.151668066138328 9.78
1582.3168 0.150713154906903 9.78
1582.6686 0.154749112575109 9.78
1583.0205 0.158982809717177 9.78
1583.3724 0.161794960994085 9.78
1583.7244 0.164298472593034 9.78
1584.0763 0.185703971580806 9.78
1584.4281 0.17401383951111 9.78
1584.78 0.17150541440933 9.78
1585.132 0.177746224313568 9.78
1585.4839 0.186189499306563 9.78
1585.8358 0.180970007254057 9.78
1586.1877 0.186405530190137 9.78
1586.5396 0.185288276358661 9.78
1586.8915 0.190924375402198 9.78
1587.2434 0.195584873593397 9.78
1587.5953 0.201303664181929 9.78
1587.9473 0.20020488597072 9.78
1588.2991 0.193300133254188 9.78
1588.651 0.20023222118903 9.78
1589.0029 0.204829264460896 9.78
1589.3549 0.209869897954246 9.78
1589.7068 0.208380105925218 9.78
1590.0586 0.212938769784945 9.78
1590.4105 0.215779127366533 9.78
1590.7625 0.211840611788441 9.78
1591.1144 0.217616667476488 9.78
1591.4663 0.219617377852998 9.78
1591.8182 0.220667598771939 9.78
1592.17 0.227729081063543 9.78
1592.522 0.230018543504113 9.78
1592.8739 0.23032785781675 9.78
1593.2258 0.226933602782386 9.78
1593.5778 0.226611943476657 9.78
1593.9296 0.231657823992123 9.78
1594.2815 0.236417729948303 9.78
1594.6334 0.235817974705446 9.78
1594.9854 0.236350102821925 9.78
1595.3373 0.238715382466281 9.78
1595.6892 0.231827882231969 9.78
1596.041 0.234762867397928 9.78
1596.3929 0.236560351534544 9.78
1596.7449 0.23614717926396 9.78
1597.0968 0.238447373138253 9.78
1597.4487 0.244447226024272 9.78
1597.8005 0.242876337413402 9.78
1598.1525 0.239643516891752 9.78
1598.5044 0.242477907042258 9.78
1598.8563 0.240896175803297 9.78
1599.2083 0.240627037304048 9.78
1599.5601 0.244286824425349 9.78
1599.912 0.244265669076322 9.78
1600.2639 0.234903890297916 9.78
1600.6158 0.238567771901225 9.78
1600.9678 0.244694403721933 9.78
1601.3197 0.241623705766023 9.78
1601.6715 0.243652827480766 9.78
1602.0234 0.248080929442867 9.78
1602.3754 0.248094613818598 9.78
1602.7273 0.244673875992259 9.78
1603.0792 0.239299138069646 9.78
1603.431 0.24273618433947 9.78
1603.783 0.242950222433922 9.78
1604.1349 0.241339858645204 9.78
1604.4868 0.237845361888099 9.78
1604.8387 0.23460125631531 9.78
1605.1907 0.239461458414203 9.78
1605.5425 0.239104589913036 9.78
1605.8944 0.237485552963615 9.78
1606.2463 0.234252789216361 9.78
1606.5983 0.230223891149489 9.78
1606.9502 0.230703128988807 9.78
1607.302 0.23451258372942 9.78
1607.6539 0.232833390626917 9.78
1608.0059 0.227005868060641 9.78
1608.3578 0.227362792095171 9.78
1608.7097 0.225257224188615 9.78
1609.0615 0.224334302224806 9.78
1609.4135 0.22305151586697 9.78
1609.7654 0.222874632805576 9.78
1610.1173 0.21950233865889 9.78
1610.4692 0.216726972944358 9.78
1610.8212 0.213274413819167 9.78
1611.173 0.213607877019264 9.78
1611.5249 0.21185296055216 9.78
1611.8768 0.210796326183632 9.78
1612.2288 0.209793026869737 9.78
1612.5807 0.204390138239628 9.78
1612.9325 0.205589434918465 9.78
1613.2844 0.203855126474229 9.78
1613.6364 0.2029554603113 9.78
1613.9883 0.203029580003245 9.78
1614.3402 0.19506241952055 9.78
1614.6921 0.195502628136704 9.78
1615.0439 0.189995551561002 9.78
1615.3959 0.194270519168776 9.78
1615.7478 0.191209031813014 9.78
1616.0997 0.189784751799125 9.78
1616.4517 0.189830163634522 9.78
1616.8035 0.188366225473264 9.78
1617.1554 0.188074163579027 9.78
1617.5073 0.188160699975398 9.78
1617.8593 0.186721926451669 9.78
1618.2112 0.187807210661315 9.78
1618.5631 0.189431880217681 9.78
1618.9149 0.188994062216619 9.78
1619.2668 0.191700226728439 9.78
1619.6188 0.185489046527812 9.78
1619.9707 0.186547403168011 9.78
1620.3226 0.189536019906918 9.78
1620.6744 0.192949455905938 9.78
1621.0264 0.197443680274991 9.78
1621.3783 0.197747064221335 9.78
1621.7302 0.200084285820168 9.78
1622.0822 0.197452174339183 9.78
1622.434 0.202526502080459 9.78
1622.7859 0.206664201418163 9.78
1623.1378 0.208275138470082 9.78
1623.4897 0.212887470967546 9.78
1623.8417 0.217147872113113 9.78
1624.1936 0.220229243487317 9.78
1624.5454 0.225692343803872 9.78
1624.8973 0.22689280684636 9.78
1625.2493 0.232610873494288 9.78
1625.6012 0.238067449230708 9.78
1625.9531 0.24657252975991 9.78
1626.3049 0.24936453750103 9.78
1626.6569 0.255513519389704 9.78
1627.0088 0.263763445909162 9.78
1627.3607 0.268743146066067 9.78
1627.7126 0.280413522539229 9.78
1628.0646 0.288231383632259 9.78
1628.4164 0.298493169561346 9.78
1628.7683 0.305645274085649 9.78
1629.1202 0.323225723879393 9.78
1629.4722 0.322545851917188 9.78
1629.8241 0.332795201432243 9.78
1630.1759 0.344738153543348 9.78
1630.5278 0.355355389624894 9.78
1630.8798 0.366128500500753 9.78
1631.2317 0.377202448916418 9.78
1631.5836 0.394012321739999 9.78
1631.9354 0.401988655694233 9.78
1632.2874 0.411544670082875 9.78
1632.6393 0.428880306943097 9.78
1632.9912 0.446811500838267 9.78
1633.3431 0.457225362420761 9.78
1633.6951 0.469461642920196 9.78
1634.0469 0.479781898554451 9.78
1634.3988 0.49338344321366 9.78
1634.7507 0.50830308591101 9.78
1635.1027 0.520970930285004 9.78
1635.4546 0.537255928626889 9.78
1635.8064 0.555014605637337 9.78
1636.1583 0.567158855442079 9.78
1636.5103 0.587917331757706 9.78
1636.8622 0.597427516711555 9.78
1637.2141 0.617043416476125 9.78
1637.566 0.635163103357431 9.78
1637.9178 0.649330535864943 9.78
1638.2698 0.665393570538715 9.78
1638.6217 0.687445590646763 9.78
1638.9736 0.706850332306522 9.78
1639.3256 0.706917408511282 9.78
1639.6774 0.729789821843565 9.78
1640.0293 0.752237212059393 9.78
1640.3812 0.762946554142423 9.78
1640.7332 0.78060103967564 9.78
1641.0851 0.788461489388822 9.78
1641.4369 0.808766702750162 9.78
1641.7888 0.813282370277055 9.78
1642.1407 0.828119525285751 9.78
1642.4927 0.838254528748511 9.78
1642.8446 0.867207438125501 9.78
1643.1965 0.868162402535865 9.78
1643.5483 0.891496235430512 9.78
1643.9003 0.904169843379247 9.78
1644.2522 0.905086000955183 9.78
1644.6041 0.918896906076921 9.78
1644.9561 0.924598534490781 9.78
1645.3079 0.937799354357365 9.78
1645.6598 0.947702073962609 9.78
1646.0117 0.953998945537921 9.78
1646.3636 0.957376964953525 9.78
1646.7156 0.965048475725886 9.78
1647.0675 0.977118355030838 9.78
1647.4193 0.98252741488455 9.78
1647.7712 0.99045094886917 9.78
1648.1232 0.983534703713521 9.78
1648.4751 0.983337286758837 9.78
1648.827 0.995091244331938 9.78
1649.1788 0.995563181584971 9.78
1649.5308 0.982993481177663 9.78
1649.8827 0.986015419162177 9.78
1650.2346 0.999072352339372 9.78
1650.5865 1 9.78
1650.9385 0.986364038265652 9.78
1651.2903 0.984997580500331 9.78
1651.6422 0.981072854201081 9.78
1651.9941 0.984650300715673 9.78
1652.3461 0.982712023558544 9.78
1652.698 0.96837188760133 9.78
1653.0498 0.967843983629801 9.78
1653.4017 0.956370290220183 9.78
1653.7537 0.956775174914894 9.78
1654.1056 0.946719098502765 9.78
1654.4575 0.941125659790713 9.78
1654.8093 0.935093504876973 9.78
1655.1613 0.920863932009117 9.78
1655.5132 0.912733871777318 9.78
1655.8651 0.906032084669942 9.78
1656.217 0.895081616358895 9.78
1656.569 0.874111162917634 9.78
1656.9208 0.863428007044445 9.78
1657.2727 0.862241886834394 9.78
1657.6246 0.848484409365442 9.78
1657.9766 0.850837067271818 9.78
1658.3285 0.833411658250807 9.78
1658.6803 0.821095335097781 9.78
1659.0322 0.798909157743721 9.78
1659.3842 0.793568073472607 9.78
1659.7361 0.776939891005286 9.78
1660.088 0.764832760346025 9.78
1660.4399 0.752984990550097 9.78
1660.7917 0.745688333283588 9.78
1661.1437 0.730512329552594 9.78
1661.4956 0.715975824341512 9.78
1661.8475 0.701502032753976 9.78
1662.1995 0.691256924739054 9.78
1662.5513 0.681914105777603 9.78
1662.9032 0.665413148199656 9.78
1663.2551 0.650847398869792 9.78
1663.6071 0.639425261404919 9.78
1663.959 0.627360718188597 9.78
1664.3108 0.618702448821275 9.78
1664.6627 0.606294537396603 9.78
1665.0146 0.590533652467201 9.78
1665.3666 0.574968134865143 9.78
1665.7185 0.5629279802802 9.78
1666.0704 0.551324949288216 9.78
1666.4222 0.539850571357207 9.78
1666.7742 0.528524524358671 9.78
1667.1261 0.513638627910973 9.78
1667.478 0.503234865242539 9.78
1667.83 0.491929982238709 9.78
1668.1818 0.477653357975224 9.78
1668.5337 0.466142988956564 9.78
1668.8856 0.453390801236205 9.78
1669.2375 0.445666303929251 9.78
1669.5895 0.437491579449098 9.78
1669.9414 0.420614043611562 9.78
1670.2932 0.40980831448006 9.78
1670.6451 0.401294522484332 9.78
1670.9971 0.397954714448281 9.78
1671.349 0.387740297256137 9.78
1671.7009 0.376871760661903 9.78
1672.0527 0.36819477357597 9.78
1672.4047 0.359490133802771 9.78
1672.7566 0.351931223442147 9.78
1673.1085 0.339802206024787 9.78
1673.4604 0.331190507388044 9.78
1673.8123 0.322836612893484 9.78
1674.1642 0.315207853937369 9.78
1674.5161 0.299325489160939 9.78
1674.868 0.292688176254602 9.78
1675.22 0.291024122941327 9.78
1675.5719 0.285511930247485 9.78
1675.9237 0.278961479852154 9.78
1676.2756 0.271733131815167 9.78
1676.6276 0.263458091482693 9.78
1676.9795 0.258582579207561 9.78
1677.3314 0.253089919657696 9.78
1677.6832 0.243950456662901 9.78
1678.0352 0.233022856149659 9.78
1678.3871 0.226961177954005 9.78
1678.739 0.224566263769547 9.78
1679.0909 0.222245553293327 9.78
1679.4429 0.214927822339659 9.78
1679.7947 0.20818732223704 9.78
1680.1466 0.205950897091756 9.78
1680.4985 0.196203607439532 9.78
1680.8505 0.190397971631355 9.78
1681.2024 0.188823245637578 9.78
1681.5542 0.185744116619307 9.78
1681.9061 0.179346501705565 9.78
1682.2581 0.176287533578265 9.78
1682.61 0.169614453150224 9.78
1682.9619 0.164995169763728 9.78
1683.3138 0.16159620750112 9.78
1683.6656 0.15559969038232 9.78
1684.0176 0.152658421493536 9.78
1684.3695 0.148257635040138 9.78
1684.7214 0.143715038702764 9.78
1685.0734 0.143053217292962 9.78
1685.4252 0.140938829143758 9.78
1685.7771 0.136718511149605 9.78
1686.129 0.134477137854945 9.78
1686.481 0.12931498385432 9.78
1686.8329 0.123706330046248 9.78
1687.1847 0.120914267821335 9.78
1687.5366 0.118958626987617 9.78
1687.8885 0.118065615131585 9.78
1688.2405 0.113759509505316 9.78
1688.5924 0.110093273046852 9.78
1688.9443 0.103243263846947 9.78
1689.2961 0.100847183298837 9.78
1689.6481 0.101630017650342 9.78
1690 0.0971134593274721 9.78
1690.3519 0.0968423390392067 9.78
1690.7039 0.0908984886316195 9.78
1691.0557 0.0898753620098579 9.78
1691.4076 0.0886111092238999 9.78
1691.7595 0.0851825081025043 9.78
1692.1115 0.0809296794044182 9.78
1692.4634 0.0824347779504069 9.78
1692.8153 0.0799830675360196 9.78
1693.1671 0.0799267574115265 9.78
1693.519 0.0745560373120768 9.78
1693.871 0.0739899264545218 9.78
1694.2229 0.0736481884763861 9.78
1694.5748 0.0720565980034636 9.78
1694.9266 0.0707949020119424 9.78
1695.2786 0.0660491060560539 9.78
1695.6305 0.0643372662871093 9.78
1695.9824 0.0606645712891045 9.78
1696.3344 0.0614245273993954 9.78
1696.6862 0.0620489084244619 9.78
1697.0381 0.0572101570073866 9.78
1697.39 0.0573426426230894 9.78
1697.7419 0.0542931883511832 9.78
1698.0939 0.054372204977826 9.78
1698.4458 0.0502298879795781 9.78
1698.7976 0.0484180912107424 9.78
1699.1495 0.0488988968906491 9.78
1699.5015 0.0502366319096864 9.78
1699.8534 0.0476161803353971 9.78
1700.2053 0.0471798456019343 9.78
1700.5571 0.0445384795442388 9.78
1700.9091 0.0439460248876677 9.78
1701.261 0.0423380462181431 9.78
1701.6129 0.0415007594196282 9.78
1701.9648 0.0411785434660325 9.78
1702.3168 0.0391038715906488 9.78
1702.6686 0.037806851001657 9.78
1703.0205 0.0353512599038269 9.78
1703.3724 0.0361816866220432 9.78
1703.7244 0.0348409920905988 9.78
1704.0763 0.0358108287476811 9.78
1704.4281 0.0326683393252912 9.78
1704.78 0.0320409115107212 9.78
1705.132 0.0315932189485953 9.78
1705.4839 0.0294660848943675 9.78
1705.8358 0.0310395605637115 9.78
1706.1877 0.0278561689690839 9.78
1706.5396 0.0277096512363473 9.78
1706.8915 0.0253406712849832 9.78
1707.2434 0.0257246414962874 9.78
1707.5953 0.024431691297191 9.78
1707.9473 0.0244343470448569 9.78
1708.2991 0.0242381173406444 9.78
1708.651 0.0224185265226397 9.78
1709.0029 0.0211815663943046 9.78
1709.3549 0.0210202975514418 9.78
1709.7068 0.0234720604687406 9.78
1710.0586 0.0221980126361753 9.78
1710.4105 0.0175572205524306 9.78
1710.7625 0.019121191632578 9.78
1711.1144 0.0192852138242818 9.78
1711.4663 0.0185582466647277 9.78
1711.8182 0.0156704300858486 9.78
1712.17 0.0161423580726839 9.78
1712.522 0.0158356488497312 9.78
1712.8739 0.0155553865311776 9.78
1713.2258 0.0167168036713469 9.78
1713.5778 0.0147631613058007 9.78
1713.9296 0.0120570949518513 9.78
1714.2815 0.014991565593266 9.78
1714.6334 0.0135691128734913 9.78
1714.9854 0.0154354251466794 9.78
1715.3373 0.0129756160758236 9.78
1715.6892 0.0108294677846696 9.78
1716.041 0.0103179019722776 9.78
1716.3929 0.0120318865514913 9.78
1716.7449 0.01243840950989 9.78
1717.0968 0.0116336322380962 9.78
1717.4487 0.0124588105821434 9.78
1717.8005 0.0123346440945851 9.78
1718.1525 0.00976949200876309 9.78
1718.5044 0.00873700720372271 9.78
1718.8563 0.00992139710031849 9.78
1719.2083 0.0111294146228994 9.78
1719.5601 0.00948433527646833 9.78
1719.912 0.00943334091879209 9.78
1720.2639 0.0101023097082096 9.78
1720.6158 0.00956710279597064 9.78
1720.9678 0.0102613393283011 9.78
1721.3197 0.00989545178667776 9.78
1721.6715 0.00884260847007111 9.78
1722.0234 0.00840234857541837 9.78
1722.3754 0.00708233990289884 9.78
1722.7273 0.00733075676666674 9.78
1723.0792 0.00700887995589335 9.78
1723.431 0.00744358192156547 9.78
1723.783 0.00793072079675619 9.78
1724.1349 0.0084946072019453 9.78
1724.4868 0.00904288562434772 9.78
1724.8387 0.00969980835723309 9.78
1725.1907 0.00833218069662235 9.78
1725.5425 0.00653883292667545 9.78
1725.8944 0.0058839289837754 9.78
1726.2463 0.00641613426028501 9.78
1726.5983 0.00544803167033719 9.78
1726.9502 0.00585389975917732 9.78
1727.302 0.00529099365384534 9.78
1727.6539 0.00530208652477514 9.78
1728.0059 0.00632048243838518 9.78
1728.3578 0.00627636545236905 9.78
1728.7097 0.00480689234085083 9.78
1729.0615 0.0040949357449482 9.78
1729.4135 0.00434445966870455 9.78
1729.7654 0.0044516763642818 9.78
1730.1173 0.0043178162571013 9.78
1730.4692 0.00561903992938246 9.78
1730.8212 0.00543875684959361 9.78
1731.173 0.00354011171964019 9.78
1731.5249 0.00414706185031191 9.78
1731.8768 0.00436949444352027 9.78
1732.2288 0.00305860556241531 9.78
1732.5807 0.00444077132163449 9.78
1732.9325 0.00404907303793442 9.78
1733.2844 0.00385870024646307 9.78
1733.6364 0.00580743719816235 9.78
1733.9883 0.00648163212287536 9.78
1734.3402 0.00338393432117777 9.78
1734.6921 0.00267826644281188 9.78
1735.0439 0.00516079616570616 9.78
1735.3959 0.00561406894288639 9.78
1735.7478 0.00429936912541135 9.78
1736.0997 0.00433847927059541 9.78
1736.4517 0.00492648070374936 9.78
1736.8035 0.00362965285166208 9.78
1737.1554 0.00208665617079016 9.78
1737.5073 0.00425140603867549 9.78
1737.8593 0.0038133280829018 9.78
1738.2112 0.0141954140215035 9.78
1738.5631 0.00668789028480643 9.78
1738.9149 0.0049875566036822 9.78
1739.2668 0.00099250171991984 9.78
1739.6188 0.00351555572904216 9.78
1739.9707 0.00151972369101452 9.78
1740.3226 0.00618151729659968 9.78
1740.6744 0.00388805247098872 9.78
1741.0264 0.000407681781123924 9.78
1741.3783 0.00580608803716973 9.78
1741.7302 0.00150336575014004 9.78
1742.0822 0.00282415660073526 9.78
1742.434 0.00390254979001867 9.78
1742.7859 0.00325599469091511 9.78
1743.1378 0.000749843513960448 9.78
1743.4897 0.00149970991256881 9.78
1743.8417 0.00517719496958832 9.78
1744.1936 0.00373761831714338 9.78
1744.5454 0.00475397987500473 9.78
1744.8973 0.00521534136642917 9.78
1745.2493 0.00473321746825561 9.78
1745.6012 0.0058263019628168 9.78
1745.9531 0.00523040887100844 9.78
1746.3049 0.00480758172398989 9.78
1746.6569 0.00487031022896178 9.78
1747.0088 0.00358011950343094 9.78
1747.3607 0.00502408153265994 9.78
1747.7126 0.00493384853575987 9.78
1748.0646 0.00510556049403712 9.78
1748.4164 0.00522377363658146 9.78
1748.7683 0.00359630444758787 9.78
1749.1202 0.00466983170605928 9.78
1749.4722 0.00555164387098967 9.78
1749.8241 0.00405971876333504 9.78
1750.1759 0.0042246020353638 9.78
1750.5278 0.00411887225004501 9.78
1750.8798 0.00462077217758625 9.78
1751.2317 0.00419713954742678 9.78
1751.5836 0.00489844736553441 9.78
1751.9354 0.0058887931477653 9.78
1752.2874 0.00504353253585316 9.78
1752.6393 0.00400817335640028 9.78
1752.9912 0.00420271469563811 9.78
1753.3431 0.00515788110910377 9.78
1753.6951 0.00557528628964972 9.78
1754.0469 0.00456153335310956 9.78
1754.3988 0.00364742236575122 9.78
1754.7507 0.00624927173448239 9.78
1755.1027 0.00675117166202361 9.78
1755.4546 0.00611017072160112 9.78
1755.8064 0.00564898707734482 9.78
1756.1583 0.00298186352033161 9.78
1756.5103 0.00370672112836677 9.78
1756.8622 0.00576965772644257 9.78
1757.2141 0.00721451116385495 9.78
1757.566 0.00365109428423068 9.78
1757.9178 0.00470413886409155 9.78
1758.2698 0.00611666506827759 9.78
1758.6217 0.00382307489840991 9.78
1758.9736 0.00677861872579792 9.78
1759.3256 0.00567036860767639 9.78
1759.6774 0.0072095160463558 9.78
1760.0293 0.00661119150436742 9.78
1760.3812 0.00613811815172117 9.78
1760.7332 0.00638689336673309 9.78
1761.0851 0.00715653383044879 9.78
1761.4369 0 9.78
1761.7888 0.00630800585613993 9.78
1762.1407 0.00601768231863664 9.78
1762.4927 0.00589747483757953 9.78
1762.8446 0.0042328741607493 9.78
1763.1965 0.00545870250992935 9.78
1763.5483 0.00537586231051482 9.78
1763.9003 0.00185317944533761 9.78
1764.2522 0.00435074334092474 9.78
1764.6041 0.00314537169740958 9.78
1764.9561 0.00392145753896351 9.78
1765.3079 0.00486615893441568 9.78
1765.6598 0.00587016007917637 9.78
1766.0117 0.0048139816256708 9.78
1766.3636 0.00399028465027744 9.78
1766.7156 0.00366994769247449 9.78
1767.0675 0.00493806881951911 9.78
1767.4193 0.00597251148289617 9.78
1767.7712 0.00659615005307735 9.78
1768.1232 0.00524814918660291 9.78
1768.4751 0.00407837086028098 9.78
1768.827 0.0028161585090894 9.78
1769.1788 0.00420947543543212 9.78
1769.5308 0.00396838485045538 9.78
1769.8827 0.00408319613948 9.78
1770.2346 0.0035266825512087 9.78
1770.5865 0.00286784790551404 9.78
1770.9385 0.00533618044785638 9.78
1771.2903 0.00635927943245912 9.78
1771.6422 0.00202712030785758 9.78
1771.9941 0.0029639767335082 9.78
1772.3461 0.00518470721693131 9.78
1772.698 0.00355477509080052 9.78
1773.0498 0.00258276912776304 9.78
1773.4017 0.00269518232491808 9.78
1773.7537 0.00069914624152294 9.78
1774.1056 0.00407237505121969 9.78
1774.4575 0.00406536364391522 9.78
1774.8093 0.00364800445460353 9.78
1775.1613 0.00478765881469172 9.78
1775.5132 0.00433699670502738 9.78
1775.8651 0.00390634402188265 9.78
1776.217 0.00371731114065931 9.78
1776.569 0.00363404613512705 9.78
1776.9208 0.00387472224289717 9.78
1777.2727 0.0010455254996961 9.78
1777.6246 0.00487974392020109 9.78
1777.9766 0.00463726155238506 9.78
1778.3285 0.00305829907130088 9.78
1778.6803 0.00324055180489022 9.78
1779.0322 0.00249403113383896 9.78
1779.3842 0.00354927043622897 9.78
1779.7361 0.00454132745262816 9.78
1780.088 0.0014740265027736 9.78
1780.4399 0 9.78
1780.7917 0.00284513744536911 9.78
1781.1437 0.00449269016924716 9.78
1781.4956 0.00240811747549487 9.78
1781.8475 8.72178317373507e-05 9.78
1782.1995 0.0037439693893983 9.78
1782.5513 0.00544464436196031 9.78
1782.9032 0.00262636489723082 9.78
1783.2551 0.00259881573493325 9.78
1783.6071 0.00670550788970328 9.78
1783.959 0.00409247098940756 9.78
1784.3108 0.00553100709267539 9.78
1784.6627 0.00490280634013608 9.78
1785.0146 0.00179584035075497 9.78
1785.3666 0.0031031271891503 9.78
1785.7185 0.0031693723294909 9.78
1786.0704 0.00332943030486414 9.78
1786.4222 0.00447230058364958 9.78
1786.7742 0.00589335593965271 9.78
1787.1261 0.0041585618095646 9.78
1787.478 0.00192088003080993 9.78
1787.83 0.00309475030677391 9.78
1788.1818 0.00254173226921922 9.78
1788.5337 0.00278934098346805 9.78
1788.8856 0.00602724423885736 9.78
1789.2375 0.0051514395741595 9.78
1789.5895 0.00407895752153339 9.78
1789.9414 0.005327398943458 9.78
1790.2932 0.00455783728720284 9.78
1790.6451 0.00463252022683433 9.78
1790.9971 0.00431092632827916 9.78
1791.349 0.00567425562444935 9.78
1791.7009 0.00496082438884659 9.78
1792.0527 0.00567377646971881 9.78
1792.4047 0.00695476398684531 9.78
1792.7566 0.00684506071899873 9.78
1793.1085 0.00445213121689748 9.78
1793.4604 0.00354053864486239 9.78
1793.8123 0.000417000988171907 9.78
1794.1642 0.00558128365882655 9.78
1794.5161 0.00847924719887923 9.78
1794.868 0.00730168140509372 9.78
1795.22 0.00521600368431093 9.78
1795.5719 0.00794270565878725 9.78
1795.9237 0.00844757230588396 9.78
1796.2756 0.00562126275454621 9.78
1796.6276 0.0056499014633245 9.78
1796.9795 0.00537770059933844 9.78
1797.3314 0.00544127522160776 9.78
1797.6832 0.0065309241693948 9.78
1798.0352 0.00733531223968686 9.78
1798.3871 0.00651101836595985 9.78
1798.739 0.00589290850231555 9.78
1799.0909 0.0058137336482003 9.78
1799.4429 0.00800339042109502 9.78
1799.7947 0.00437268648211844 9.78
1800.1466 0.00451668428427516 9.78
1800.4985 0.00790845459960863 9.78
1800.8505 0.00713297455712025 9.78
1801.2024 0.00595254550835901 9.78
1801.5542 0.00648988832386632 9.78
1801.9061 0.00591573174064865 9.78
1802.2581 0.00511592051720483 9.78
1802.61 0.00588372428349759 9.78
1802.9619 0.00558444388442724 9.78
1803.3138 0.00393880539859259 9.78
1803.6656 0.0054403998279468 9.78
1804.0176 0.00656643614004144 9.78
1804.3695 0.00559220036756026 9.78
1804.7214 0.00716459731442311 9.78
1805.0734 0.00448331252122637 9.78
1805.4252 0.00280229989676391 9.78
1805.7771 0.00622613681458579 9.78
1806.129 0.00514113106595369 9.78
1806.481 0.000778040723122686 9.78
1806.8329 0 9.78
1807.1847 0.00463255966443295 9.78
1807.5366 0.00361534209598625 9.78
1807.8885 0.00198204657197851 9.78
1808.2405 0.00229886423952049 9.78
1808.5924 0 9.78
1808.9443 0.000746924692598467 9.78
1809.2961 0.0014198650299779 9.78
1809.6481 0 9.78
1810 0 9.78
