w Int P
1420 0 2.12
1420.3552 0.000787018276509671 2.12
1420.7106 0.000522188621722848 2.12
1421.0658 0 2.12
1421.4211 0.000340225707023525 2.12
1421.7764 0.000862932206933407 2.12
1422.1317 0.000677780635607856 2.12
1422.4869 0.000624333776410543 2.12
1422.8422 0.000759226205549218 2.12
1423.1975 0.00118879754527962 2.12
1423.5527 0.00132325992743202 2.12
1423.9081 0 2.12
1424.2633 0.000525986990662111 2.12
1424.6187 0.00110005399959102 2.12
1424.9739 0.00106259965733702 2.12
1425.3291 0.000595246258236662 2.12
1425.6844 0.00129171000847666 2.12
1426.0397 0.00166961440988617 2.12
1426.395 0.00111545161352312 2.12
1426.7502 0.00139385232409384 2.12
1427.1056 0.00194275509879824 2.12
1427.4608 0.00176090769322526 2.12
1427.816 0.00160710905336892 2.12
1428.1714 0.00211567344605497 2.12
1428.5266 0.00243208016925644 2.12
1428.882 0.00285305546151835 2.12
1429.2372 0.00199777649003232 2.12
1429.5925 0 2.12
1429.9478 0.00135201527899666 2.12
1430.303 0.00184763875905812 2.12
1430.6583 0.00282127636419034 2.12
1431.0135 0.000624343583841877 2.12
1431.3689 0.0024513570983508 2.12
1431.7241 0.00288990320744906 2.12
1432.0795 0.00339101512994252 2.12
1432.4347 0.00279538758338204 2.12
1432.7899 0.00151057848600982 2.12
1433.1453 0.00120602251008721 2.12
1433.5005 0.00154217042419843 2.12
1433.8558 0.0016469973776081 2.12
1434.2111 0.00133438748886264 2.12
1434.5664 0.00167657846818782 2.12
1434.9216 0.00198212758993365 2.12
1435.2769 0.000915296342204596 2.12
1435.6322 0.00183385138607907 2.12
1435.9874 0.00133742820058978 2.12
1436.3428 0.00162587064993405 2.12
1436.698 0.0018518557326588 2.12
1437.0533 0.00126248509002497 2.12
1437.4086 0.0024424510867657 2.12
1437.7638 0.00284549385988128 2.12
1438.1191 0.00253201257838164 2.12
1438.4744 0.00242126796182713 2.12
1438.8297 0.00226420893494451 2.12
1439.1849 0.00248570264099328 2.12
1439.5403 0.00203389350896958 2.12
1439.8955 0.00186055999818085 2.12
1440.2507 0.00142940878860862 2.12
1440.6061 0.00176695166122336 2.12
1440.9613 0.00334247744194087 2.12
1441.3167 0.00284155261245291 2.12
1441.6719 0.002011893869056 2.12
1442.0272 0.00241653720812958 2.12
1442.3824 0.002492842829074 2.12
1442.7377 0.0023340356707152 2.12
1443.093 0.00266573327892521 2.12
1443.4482 0.00307571893681575 2.12
1443.8036 0.00355297715090957 2.12
1444.1588 0.0020444362455553 2.12
1444.5142 0.0036319336002475 2.12
1444.8694 0.00138131584737059 2.12
1445.2246 0.00247449328098872 2.12
1445.58 0.00320120657278083 2.12
1445.9352 0.00311955411892536 2.12
1446.2905 0.00273361740818193 2.12
1446.6458 0.0028175454459754 2.12
1447.0011 0.0035127054778403 2.12
1447.3563 0.00352138231477004 2.12
1447.7115 0.00289698735167636 2.12
1448.0669 0.00373664643295852 2.12
1448.4221 0.00266806798701135 2.12
1448.7775 0.00339504704977493 2.12
1449.1327 0.00360458640807508 2.12
1449.488 0.003356170137167 2.12
1449.8433 0.00261940428843007 2.12
1450.1985 0.00266481937990822 2.12
1450.5538 0.00257776809271886 2.12
1450.9091 0.00256933231711788 2.12
1451.2644 0.00322723400813673 2.12
1451.6196 0.0034359997285228 2.12
1451.975 0.00315791087555269 2.12
1452.3302 0.00311240021897918 2.12
1452.6854 0.00302734696588238 2.12
1453.0408 0.00277715871894943 2.12
1453.396 0.00345863553388012 2.12
1453.7513 0.0024633600653822 2.12
1454.1066 0.00267485435093566 2.12
1454.4619 0.00392707797611093 2.12
1454.8171 0.0030372305084813 2.12
1455.1724 0.00366776771766408 2.12
1455.5277 0.00514738666619545 2.12
1455.8829 0.00402863860341438 2.12
1456.2383 0.0023862274514374 2.12
1456.5935 0.0040558605947674 2.12
1456.9489 0.00436363177260902 2.12
1457.3041 0.00398724847590303 2.12
1457.6593 0.00378280830580631 2.12
1458.0146 0.00325236550271006 2.12
1458.3699 0.00279101551510067 2.12
1458.7252 0.00320183039216418 2.12
1459.0804 0.0040598990345759 2.12
1459.4358 0.00500902215287987 2.12
1459.791 0.00463213557148938 2.12
1460.1462 0.00410106287744878 2.12
1460.5016 0.00397567166694658 2.12
1460.8568 0.00368353089481126 2.12
1461.2122 0.00389723136810542 2.12
1461.5674 0.00331525436851092 2.12
1461.9227 0.00454927802810791 2.12
1462.278 0.00383982702007732 2.12
1462.6332 0.00375683196459008 2.12
1462.9885 0.00339241888398777 2.12
1463.3438 0.00420426230055653 2.12
1463.6991 0.00509127231576199 2.12
1464.0543 0.00589643496952719 2.12
1464.4097 0.00540414693290251 2.12
1464.7649 0.00461421713119281 2.12
1465.1201 0.00530796065113455 2.12
1465.4755 0.00565127335044326 2.12
1465.8307 0.00511021591593979 2.12
1466.186 0.00481138487738791 2.12
1466.5413 0.00543899020507788 2.12
1466.8966 0.00582711144875804 2.12
1467.2518 0.00493601684320766 2.12
1467.6071 0.00513019477529204 2.12
1467.9624 0.00500766840937846 2.12
1468.3176 0.00481465257250675 2.12
1468.673 0.00476619671227903 2.12
1469.0282 0.00436788196445845 2.12
1469.3835 0.00561670555410209 2.12
1469.7388 0.00608210658112605 2.12
1470.094 0.00435245110089102 2.12
1470.4493 0.00498144561650374 2.12
1470.8046 0.0047758169445839 2.12
1471.1599 0.00504176525832176 2.12
1471.5151 0.00564853293671895 2.12
1471.8705 0.00568602190995677 2.12
1472.2257 0.00493828630480763 2.12
1472.5809 0.00518495340959717 2.12
1472.9363 0.00646972158987486 2.12
1473.2915 0.00642079180502751 2.12
1473.6469 0.00479195406533802 2.12
1474.0021 0.00536317945855843 2.12
1474.3574 0.00542819651705395 2.12
1474.7126 0.00531964391685279 2.12
1475.0679 0.00436090584725531 2.12
1475.4232 0.00610721221888837 2.12
1475.7784 0.00495458141208287 2.12
1476.1338 0.00591887944189035 2.12
1476.489 0.00716813011479802 2.12
1476.8444 0.00641929748343997 2.12
1477.1996 0.00618663213068864 2.12
1477.5548 0.00598439602675191 2.12
1477.9102 0.00502934268685138 2.12
1478.2654 0.00538535010769324 2.12
1478.6207 0.00520959623135441 2.12
1478.976 0.00571848747027972 2.12
1479.3313 0.00541803431235021 2.12
1479.6865 0.00603006471420843 2.12
1480.0417 0.00596577596382272 2.12
1480.3971 0.00530449653853346 2.12
1480.7523 0.00594037377540413 2.12
1481.1077 0.00619378944361113 2.12
1481.4629 0.00543555130283055 2.12
1481.8182 0.00519977900951946 2.12
1482.1735 0.0057576133475195 2.12
1482.5287 0.00609570337536768 2.12
1482.884 0.00553866361867195 2.12
1483.2393 0.00484764856251328 2.12
1483.5946 0.00518796234342499 2.12
1483.9498 0.00610505276166595 2.12
1484.3052 0.00646175787406604 2.12
1484.6604 0.0059342318478172 2.12
1485.0156 0.00527412429228629 2.12
1485.371 0.00542694870262839 2.12
1485.7262 0.00562852715113929 2.12
1486.0815 0.00567922007072388 2.12
1486.4368 0.00594799716514666 2.12
1486.7921 0.00590113380916708 2.12
1487.1473 0.00567626211378331 2.12
1487.5026 0.00523413775386338 2.12
1487.8579 0.00721815793044912 2.12
1488.2131 0.00569409920794135 2.12
1488.5685 0.00667143910809335 2.12
1488.9237 0.00642043173976174 2.12
1489.2791 0.00608742605053621 2.12
1489.6343 0.00706865586322668 2.12
1489.9895 0.00593273044213976 2.12
1490.3448 0.0045813233992835 2.12
1490.7001 0.00685184162828152 2.12
1491.0554 0.00595245602080823 2.12
1491.4106 0.00710594513591888 2.12
1491.766 0.00762124143845034 2.12
1492.1212 0.00702015565874866 2.12
1492.4764 0.00796774024112772 2.12
1492.8318 0.00651472756439236 2.12
1493.187 0.00598407872922868 2.12
1493.5424 0.00633877452143925 2.12
1493.8976 0.00712476042493502 2.12
1494.2529 0.00702668346097785 2.12
1494.6082 0.00701462541032598 2.12
1494.9634 0.00868865675775002 2.12
1495.3187 0.00889946599571322 2.12
1495.674 0.00843022230476711 2.12
1496.0293 0.00869107514746567 2.12
1496.3845 0.00802536959992062 2.12
1496.7399 0.00785627357509471 2.12
1497.0951 0.0081446644312769 2.12
1497.4503 0.00946130866561529 2.12
1497.8057 0.010470289821857 2.12
1498.1609 0.0110547671055862 2.12
1498.5162 0.0107548966581487 2.12
1498.8715 0.0107627706666479 2.12
1499.2268 0.0110896049715638 2.12
1499.582 0.0116657295624336 2.12
1499.9373 0.0122696828010816 2.12
1500.2926 0.0115198048207089 2.12
1500.6478 0.0111385605118378 2.12
1501.0032 0.0125698150836897 2.12
1501.3584 0.0140602139640177 2.12
1501.7137 0.0141081705117896 2.12
1502.069 0.0138940218945888 2.12
1502.4242 0.0148880514816526 2.12
1502.7795 0.0151284277401925 2.12
1503.1348 0.014665187571105 2.12
1503.4901 0.0155822885117332 2.12
1503.8453 0.0172701682069324 2.12
1504.2007 0.0177376539918567 2.12
1504.5559 0.0170201147040673 2.12
1504.9111 0.0184590158764137 2.12
1505.2665 0.0199928794271265 2.12
1505.6217 0.0196990951517423 2.12
1505.9771 0.0210899128230261 2.12
1506.3323 0.0205492700828833 2.12
1506.6876 0.0213049594535018 2.12
1507.0428 0.0214272342879953 2.12
1507.3981 0.0217907808813302 2.12
1507.7534 0.0213343835510484 2.12
1508.1086 0.0234307303181155 2.12
1508.464 0.0248850580870658 2.12
1508.8192 0.0246912128614728 2.12
1509.1746 0.0247980810413305 2.12
1509.5298 0.0246501118567046 2.12
1509.885 0.0248533170068512 2.12
1510.2404 0.0275981904278041 2.12
1510.5956 0.0286900611541458 2.12
1510.9509 0.0291741303007869 2.12
1511.3062 0.0273554871981404 2.12
1511.6615 0.0282498967965143 2.12
1512.0167 0.02838580690378 2.12
1512.3719 0.0283028355232931 2.12
1512.7273 0.0291653768742516 2.12
1513.0825 0.0296236908449179 2.12
1513.4379 0.0302766320719639 2.12
1513.7931 0.0314305771217583 2.12
1514.1484 0.0291256288921181 2.12
1514.5037 0.0314474768129663 2.12
1514.8589 0.0294413171852982 2.12
1515.2142 0.0290872821556481 2.12
1515.5695 0.0295254798435802 2.12
1515.9248 0.0295672274315875 2.12
1516.28 0.0318838677856206 2.12
1516.6354 0.0313603447864603 2.12
1516.9906 0.0301578422095993 2.12
1517.3458 0.0294244819119102 2.12
1517.7012 0.0294192871506773 2.12
1518.0564 0.0294272575561455 2.12
1518.4117 0.0299647924906346 2.12
1518.767 0.0286431808175518 2.12
1519.1223 0.0284251120785217 2.12
1519.4775 0.0288077126344146 2.12
1519.8328 0.029602597877358 2.12
1520.1881 0.0301475721079193 2.12
1520.5433 0.0298784694022366 2.12
1520.8987 0.0285672493573321 2.12
1521.2539 0.0292337704454398 2.12
1521.6093 0.029682639279296 2.12
1521.9645 0.0302857571890935 2.12
1522.3197 0.0313689720298298 2.12
1522.675 0.0320803876224069 2.12
1523.0303 0.0327415541723426 2.12
1523.3856 0.0328705708664147 2.12
1523.7408 0.0332665592531409 2.12
1524.0962 0.0345180358006928 2.12
1524.4514 0.0360568103437972 2.12
1524.8066 0.0375518189758028 2.12
1525.162 0.0383518476339475 2.12
1525.5172 0.0395863312163251 2.12
1525.8726 0.0412540898769837 2.12
1526.2278 0.0425518414610567 2.12
1526.5831 0.0439717375482651 2.12
1526.9384 0.0461533194929491 2.12
1527.2936 0.0491788573271031 2.12
1527.6489 0.0511526567769324 2.12
1528.0042 0.0546650334016038 2.12
1528.3595 0.0582253328092066 2.12
1528.7147 0.0594644314892297 2.12
1529.0701 0.0630429803339921 2.12
1529.4253 0.0660031675301312 2.12
1529.7805 0.0706881014117927 2.12
1530.1359 0.0756621616955163 2.12
1530.4911 0.0785881194234326 2.12
1530.8464 0.0844489033391627 2.12
1531.2017 0.0901002627842085 2.12
1531.557 0.0927561008081362 2.12
1531.9122 0.0970812510557106 2.12
1532.2675 0.101915204384433 2.12
1532.6228 0.109771004207225 2.12
1532.978 0.113372600622053 2.12
1533.3334 0.116489486960329 2.12
1533.6886 0.121470824209058 2.12
1534.0439 0.125667186867533 2.12
1534.3992 0.127991834548098 2.12
1534.7544 0.129572777321633 2.12
1535.1097 0.131308513187473 2.12
1535.465 0.135845551463637 2.12
1535.8203 0.137080102846629 2.12
1536.1755 0.136357987410388 2.12
1536.5309 0.138571817590815 2.12
1536.8861 0.139360335191927 2.12
1537.2413 0.138435882510908 2.12
1537.5967 0.13834939619934 2.12
1537.9519 0.135512461717258 2.12
1538.3073 0.139137772506225 2.12
1538.6625 0.140678727440489 2.12
1539.0178 0.135975153425537 2.12
1539.373 0.132333528593439 2.12
1539.7283 0.13182146064544 2.12
1540.0836 0.130534784872041 2.12
1540.4388 0.129504978439542 2.12
1540.7942 0.127646464175658 2.12
1541.1494 0.124675322990077 2.12
1541.5048 0.123178341255466 2.12
1541.86 0.121352107811778 2.12
1542.2152 0.1188070784467 2.12
1542.5706 0.11791378630928 2.12
1542.9258 0.113517944700457 2.12
1543.2811 0.113187639658237 2.12
1543.6364 0.112035231685112 2.12
1543.9917 0.10986262976217 2.12
1544.3469 0.109317336030026 2.12
1544.7021 0.108708936966351 2.12
1545.0575 0.109718572621796 2.12
1545.4127 0.11232274127261 2.12
1545.7681 0.120987100229149 2.12
1546.1233 0.118043338035888 2.12
1546.4786 0.121935591496542 2.12
1546.8339 0.124932784839782 2.12
1547.1891 0.132686434079073 2.12
1547.5444 0.1403075382776 2.12
1547.8997 0.141515482015056 2.12
1548.255 0.148569035358834 2.12
1548.6102 0.153086640447822 2.12
1548.9656 0.158489279334342 2.12
1549.3208 0.166730457927257 2.12
1549.676 0.174732961968432 2.12
1550.0314 0.180591757014586 2.12
1550.3866 0.189655939715839 2.12
1550.7419 0.194781286476075 2.12
1551.0972 0.202017206056286 2.12
1551.4525 0.206364042434617 2.12
1551.8077 0.211595761904606 2.12
1552.163 0.220444399596185 2.12
1552.5183 0.222179555042661 2.12
1552.8735 0.231471789093892 2.12
1553.2289 0.233780395646619 2.12
1553.5841 0.237825608108002 2.12
1553.9395 0.241702355037599 2.12
1554.2947 0.24163716740091 2.12
1554.6499 0.243804547569782 2.12
1555.0052 0.244975588855107 2.12
1555.3605 0.240958032341728 2.12
1555.7158 0.239720409641599 2.12
1556.071 0.236350382885898 2.12
1556.4264 0.228828151752119 2.12
1556.7816 0.2268599523145 2.12
1557.1368 0.22063963117198 2.12
1557.4922 0.211133984881302 2.12
1557.8474 0.206641556908219 2.12
1558.2028 0.198884240658233 2.12
1558.558 0.190765146303552 2.12
1558.9133 0.182631477143633 2.12
1559.2686 0.173765578408911 2.12
1559.6238 0.165909352928891 2.12
1559.9791 0.155703884489864 2.12
1560.3344 0.145531897083567 2.12
1560.6897 0.137871155148035 2.12
1561.0449 0.134607612434152 2.12
1561.4003 0.125855090815346 2.12
1561.7555 0.119282630772716 2.12
1562.1107 0.111467645615856 2.12
1562.4661 0.104493918417202 2.12
1562.8213 0.0991281960528174 2.12
1563.1766 0.0927231150381527 2.12
1563.5319 0.0877242144867927 2.12
1563.8872 0.0821313005399902 2.12
1564.2424 0.0781806482196801 2.12
1564.5977 0.0758245650441602 2.12
1564.953 0.0728669230214789 2.12
1565.3082 0.0693814691835112 2.12
1565.6636 0.06351547233913 2.12
1566.0188 0.0619170382212225 2.12
1566.3741 0.0613969895069819 2.12
1566.7294 0.0593871799411657 2.12
1567.0846 0.057727152636909 2.12
1567.4399 0.0553999605988917 2.12
1567.7952 0.0542151789720862 2.12
1568.1505 0.0529059584886936 2.12
1568.5057 0.0512849796607919 2.12
1568.8611 0.0489861103907209 2.12
1569.2163 0.0489955295534676 2.12
1569.5715 0.0510396317044781 2.12
1569.9269 0.050854130431841 2.12
1570.2821 0.0498843133953459 2.12
1570.6375 0.0489366680394204 2.12
1570.9927 0.0474544399876617 2.12
1571.348 0.0477457029864326 2.12
1571.7032 0.0480173724189928 2.12
1572.0585 0.047634600521197 2.12
1572.4138 0.0481361891680843 2.12
1572.769 0.0483467007288175 2.12
1573.1244 0.0476792986429583 2.12
1573.4796 0.049643539671879 2.12
1573.835 0.0524398588685547 2.12
1574.1902 0.0516614198428129 2.12
1574.5454 0.051835846120781 2.12
1574.9008 0.0545035489688754 2.12
1575.256 0.0550991687769547 2.12
1575.6113 0.0552605247577715 2.12
1575.9666 0.0580225947993208 2.12
1576.3219 0.0600616303307117 2.12
1576.6771 0.0608299325363784 2.12
1577.0323 0.0627755161376176 2.12
1577.3877 0.0647774550650681 2.12
1577.7429 0.0670637753807719 2.12
1578.0983 0.0701072844922108 2.12
1578.4535 0.0717520657585787 2.12
1578.8088 0.074180898714801 2.12
1579.1641 0.0768574943680526 2.12
1579.5193 0.0794492909219193 2.12
1579.8746 0.0833519308343318 2.12
1580.2299 0.0865998500681909 2.12
1580.5852 0.0892576584631141 2.12
1580.9404 0.0941149539842939 2.12
1581.2958 0.0981326129884514 2.12
1581.651 0.10003374868584 2.12
1582.0062 0.10455056715385 2.12
1582.3616 0.110398387691785 2.12
1582.7168 0.114881534199643 2.12
1583.0721 0.118090091836175 2.12
1583.4274 0.122937921769932 2.12
1583.7827 0.127764069985642 2.12
1584.1379 0.130664955124496 2.12
1584.4932 0.134709247909867 2.12
1584.8485 0.142725732251045 2.12
1585.2037 0.150278174535897 2.12
1585.5591 0.155824047174428 2.12
1585.9143 0.164584792742385 2.12
1586.2697 0.171577391191565 2.12
1586.6249 0.177690790585232 2.12
1586.9801 0.187621974709955 2.12
1587.3354 0.196196417712198 2.12
1587.6907 0.202214594557559 2.12
1588.046 0.2124854353417 2.12
1588.4012 0.224380567663372 2.12
1588.7566 0.234099304215369 2.12
1589.1118 0.245800538284316 2.12
1589.467 0.259410580710726 2.12
1589.8224 0.273440695202329 2.12
1590.1776 0.288387344139453 2.12
1590.533 0.306468159542805 2.12
1590.8882 0.325949350027509 2.12
1591.2434 0.344928798521293 2.12
1591.5988 0.363198601524074 2.12
1591.954 0.385413750498802 2.12
1592.3093 0.408798135781699 2.12
1592.6646 0.433100171714586 2.12
1593.0199 0.455241176528401 2.12
1593.3751 0.483458457410037 2.12
1593.7303 0.517804172506807 2.12
1594.0857 0.546860290386938 2.12
1594.4409 0.576294695398577 2.12
1594.7963 0.608235276036975 2.12
1595.1515 0.645719585927841 2.12
1595.5068 0.678275200476687 2.12
1595.8621 0.708952562692692 2.12
1596.2173 0.744820076262456 2.12
1596.5726 0.780960574635861 2.12
1596.9279 0.807599913520941 2.12
1597.2832 0.833620723929588 2.12
1597.6384 0.865233190786344 2.12
1597.9938 0.889846786499221 2.12
1598.349 0.912177813144932 2.12
1598.7042 0.935630347467689 2.12
1599.0596 0.952787998237103 2.12
1599.4148 0.969309485285063 2.12
1599.7701 0.987880154943878 2.12
1600.1254 0.991363205116525 2.12
1600.4807 0.995081172389246 2.12
1600.8359 1 2.12
1601.1912 0.99909294140129 2.12
1601.5465 0.995451649377068 2.12
1601.9017 0.98639153485594 2.12
1602.2571 0.979548386739766 2.12
1602.6123 0.967835984842664 2.12
1602.9677 0.956548733680181 2.12
1603.3229 0.947869939406346 2.12
1603.6781 0.923720525237736 2.12
1604.0334 0.898486029119816 2.12
1604.3887 0.887476007798518 2.12
1604.744 0.874966213391633 2.12
1605.0992 0.847824966519699 2.12
1605.4546 0.822707085646772 2.12
1605.8098 0.802815200247656 2.12
1606.165 0.778204429056435 2.12
1606.5204 0.754942897322492 2.12
1606.8756 0.730800967508826 2.12
1607.231 0.704540638039203 2.12
1607.5862 0.681358431642246 2.12
1607.9415 0.662550468542036 2.12
1608.2968 0.642021691861197 2.12
1608.652 0.618894075432749 2.12
1609.0073 0.597056934225464 2.12
1609.3625 0.575425593092232 2.12
1609.7179 0.558024486932561 2.12
1610.0731 0.538604589394915 2.12
1610.4285 0.520347410497411 2.12
1610.7837 0.499130481152259 2.12
1611.1389 0.478457099266356 2.12
1611.4943 0.461521153403543 2.12
1611.8495 0.443588664491633 2.12
1612.2048 0.428637213840767 2.12
1612.5601 0.412705358514835 2.12
1612.9154 0.397079246725458 2.12
1613.2706 0.378349330342667 2.12
1613.6259 0.365057199368338 2.12
1613.9812 0.352481557912141 2.12
1614.3364 0.341545253074331 2.12
1614.6918 0.329871259325769 2.12
1615.047 0.31595824323646 2.12
1615.4023 0.302089442713707 2.12
1615.7576 0.290180267791067 2.12
1616.1128 0.278342609868012 2.12
1616.4681 0.269417806205043 2.12
1616.8234 0.261173819180672 2.12
1617.1787 0.252357851785361 2.12
1617.5339 0.241868599687703 2.12
1617.8893 0.233502461711421 2.12
1618.2445 0.22351591387889 2.12
1618.5997 0.215453639525007 2.12
1618.9551 0.209863891749023 2.12
1619.3103 0.200107220532625 2.12
1619.6656 0.191600143157783 2.12
1620.0209 0.186844865996942 2.12
1620.3762 0.181815355961281 2.12
1620.7314 0.172417903233801 2.12
1621.0867 0.165375353742438 2.12
1621.442 0.161786475114114 2.12
1621.7972 0.153888558722217 2.12
1622.1526 0.15038939748367 2.12
1622.5078 0.14622152321676 2.12
1622.8632 0.138511266757758 2.12
1623.2184 0.134563799106847 2.12
1623.5736 0.127390834136426 2.12
1623.929 0.124811965983389 2.12
1624.2842 0.12059564961096 2.12
1624.6395 0.116769616213175 2.12
1624.9948 0.111166017967835 2.12
1625.3501 0.108354282681075 2.12
1625.7053 0.109378633833887 2.12
1626.0605 0.10190409518181 2.12
1626.4159 0.0946727610682463 2.12
1626.7711 0.0916069733410134 2.12
1627.1265 0.0922183114827974 2.12
1627.4817 0.0869928978623194 2.12
1627.837 0.0840859967113188 2.12
1628.1923 0.0846137729634127 2.12
1628.5475 0.0799733304156694 2.12
1628.9028 0.0754450124999531 2.12
1629.2581 0.0774093495867462 2.12
1629.6134 0.0716806404202938 2.12
1629.9686 0.0716734794457107 2.12
1630.324 0.0652632707146515 2.12
1630.6792 0.0645485556252888 2.12
1631.0344 0.0616110253030836 2.12
1631.3898 0.0603735979430868 2.12
1631.745 0.0599782051485331 2.12
1632.1003 0.0599191392391563 2.12
1632.4556 0.0564451225479299 2.12
1632.8109 0.055026111159769 2.12
1633.1661 0.0555479337006824 2.12
1633.5214 0.0518481109659609 2.12
1633.8767 0.0500578450241969 2.12
1634.2319 0.0486922736273029 2.12
1634.5873 0.0496652817661038 2.12
1634.9425 0.0463062524299122 2.12
1635.2979 0.0446806008870416 2.12
1635.6531 0.04361409056693 2.12
1636.0083 0.041270848575655 2.12
1636.3636 0.039657091217016 2.12
1636.7189 0.0388775186765486 2.12
1637.0742 0.0371782716554183 2.12
1637.4294 0.0370807027279521 2.12
1637.7848 0.0347136288367616 2.12
1638.14 0.0342560410526244 2.12
1638.4952 0.0341671081543118 2.12
1638.8506 0.0328836130622162 2.12
1639.2058 0.031935548005059 2.12
1639.5612 0.0314664500131149 2.12
1639.9164 0.0308670421035981 2.12
1640.2717 0.0291133548010577 2.12
1640.627 0.0277291930133864 2.12
1640.9822 0.0267252297530245 2.12
1641.3375 0.0274177435308199 2.12
1641.6927 0.0271019017922226 2.12
1642.0481 0.0263683395360791 2.12
1642.4033 0.0237790027897336 2.12
1642.7587 0.023267566260098 2.12
1643.1139 0.0231450064605065 2.12
1643.4691 0.022791142671375 2.12
1643.8245 0.02261437900128 2.12
1644.1797 0.0221899331627698 2.12
1644.535 0.0225921876179388 2.12
1644.8903 0.021854358685316 2.12
1645.2456 0.0209870061170024 2.12
1645.6008 0.0211987365583979 2.12
1645.9561 0.0206381447879425 2.12
1646.3114 0.0195239940879358 2.12
1646.6666 0.0191059023140309 2.12
1647.022 0.0186139167064427 2.12
1647.3772 0.0178173120820586 2.12
1647.7325 0.0167005326933052 2.12
1648.0878 0.015894363962948 2.12
1648.443 0.0160637795416522 2.12
1648.7983 0.0165231717008498 2.12
1649.1536 0.0168976866927259 2.12
1649.5089 0.0162918940006678 2.12
1649.8641 0.0160181677965331 2.12
1650.2195 0.014620694379449 2.12
1650.5747 0.0135737067700955 2.12
1650.9299 0.0155395508256517 2.12
1651.2853 0.0143693955972452 2.12
1651.6405 0.0145661642021401 2.12
1651.9958 0.0129511551233223 2.12
1652.3511 0.011768706629614 2.12
1652.7064 0.0127690351246374 2.12
1653.0616 0.0115873405819397 2.12
1653.4169 0.0117253682866223 2.12
1653.7722 0.0122634668388612 2.12
1654.1274 0.0116223451061776 2.12
1654.4828 0.0114852118592201 2.12
1654.838 0.0114243071064626 2.12
1655.1934 0.0099875576275364 2.12
1655.5486 0.00954522647183934 2.12
1655.9038 0.00897381921432882 2.12
1656.2592 0.0106034030825156 2.12
1656.6144 0.00835074393364222 2.12
1656.9697 0.0100417348125626 2.12
1657.325 0.00898248032864971 2.12
1657.6803 0.00941794164476917 2.12
1658.0355 0.00859760626924519 2.12
1658.3907 0.00728580003439689 2.12
1658.7461 0.00799174958718759 2.12
1659.1013 0.00821852663685897 2.12
1659.4567 0.00782606996695947 2.12
1659.8119 0.0078335936022601 2.12
1660.1672 0.00724667446772523 2.12
1660.5225 0.00686785553127536 2.12
1660.8777 0.00792890598944212 2.12
1661.233 0.00784498896681292 2.12
1661.5883 0.00780725270531641 2.12
1661.9436 0.00744697587638511 2.12
1662.2988 0.006707062185862 2.12
1662.6542 0.00678284432657331 2.12
1663.0094 0.00573636458416241 2.12
1663.3646 0.00555083997562177 2.12
1663.72 0.00612946079436549 2.12
1664.0752 0.00554580821571519 2.12
1664.4305 0.00433366745304138 2.12
1664.7858 0.00539955736995357 2.12
1665.1411 0.00415117476402863 2.12
1665.4963 0.00321937748693866 2.12
1665.8516 0.00391723341400272 2.12
1666.2069 0.00397772472888627 2.12
1666.5621 0.00432577582219697 2.12
1666.9175 0.00435955393006009 2.12
1667.2727 0.00388856991428305 2.12
1667.6281 0.00463484486602741 2.12
1667.9833 0.00486217178667425 2.12
1668.3385 0.0040175328777443 2.12
1668.6938 0.00329097477269917 2.12
1669.0491 0.00402084006392262 2.12
1669.4044 0.005017886898416 2.12
1669.7596 0.0041628294619203 2.12
1670.115 0.00377876748891294 2.12
1670.4702 0.00402938755504833 2.12
1670.8254 0.00289178426377655 2.12
1671.1808 0.00236576698877475 2.12
1671.536 0.00301872841136933 2.12
1671.8914 0.00338858307717998 2.12
1672.2466 0.00422361594426806 2.12
1672.6019 0.0039700553249006 2.12
1672.9572 0.00273719053612917 2.12
1673.3124 0.0030713596784384 2.12
1673.6677 0.00352351797946986 2.12
1674.0229 0.00313499246243198 2.12
1674.3783 0.00328266565092752 2.12
1674.7335 0.00398883549120513 2.12
1675.0889 0.0031005135764357 2.12
1675.4441 0.00322998102877218 2.12
1675.7993 0.00273251156101013 2.12
1676.1547 0.00292491446223088 2.12
1676.5099 0.00363206872429652 2.12
1676.8652 0.00291261006451242 2.12
1677.2205 0.00248260501363373 2.12
1677.5758 0.00374386943409731 2.12
1677.931 0.00246090316820259 2.12
1678.2863 0.00366422264349724 2.12
1678.6416 0.00323224111194562 2.12
1678.9968 0.00278056444079469 2.12
1679.3522 0.00241507359627403 2.12
1679.7074 0.00274451155706518 2.12
1680.0627 0.00310746092942394 2.12
1680.418 0.00256596724714018 2.12
1680.7732 0.00161827029805262 2.12
1681.1285 0.00382270930999322 2.12
1681.4838 0.00310448633248454 2.12
1681.8391 0.00349032332048745 2.12
1682.1943 0.00373382561232929 2.12
1682.5497 0.00300282178364108 2.12
1682.9049 0.00460079070096423 2.12
1683.2601 0.00494508892486737 2.12
1683.6155 0.00388058223988068 2.12
1683.9707 0.00373326602703814 2.12
1684.326 0.00381010913005465 2.12
1684.6813 0.00422478074104332 2.12
1685.0366 0.00428106325183548 2.12
1685.3918 0.00463674915089861 2.12
1685.7471 0.00478542755089212 2.12
1686.1024 0.00439371490377723 2.12
1686.4576 0.00500472040723396 2.12
1686.813 0.00483829049292938 2.12
1687.1682 0.0046288342776009 2.12
1687.5236 0.00526061769144637 2.12
1687.8788 0.00540190202378759 2.12
1688.234 0.0050720202462833 2.12
1688.5894 0.00418029524114347 2.12
1688.9446 0.00519106381715218 2.12
1689.2999 0.00499943852607424 2.12
1689.6552 0.00439839076230861 2.12
1690.0105 0.00481812500482001 2.12
1690.3657 0.00565577205017063 2.12
1690.7209 0.00582363500707881 2.12
1691.0763 0.00497468232673346 2.12
1691.4315 0.00538169409909836 2.12
1691.7869 0.00636638088645036 2.12
1692.1421 0.0061529014484847 2.12
1692.4974 0.0051663964220455 2.12
1692.8527 0.00677875040550625 2.12
1693.2079 0.00596418103812779 2.12
1693.5632 0.00505621897085659 2.12
1693.9185 0.00447677731787838 2.12
1694.2738 0.00495655823462052 2.12
1694.629 0.00485123078043242 2.12
1694.9844 0.00505127841563154 2.12
1695.3396 0.00580477534528376 2.12
1695.6948 0.00351673199913909 2.12
1696.0502 0.00465416988863719 2.12
1696.4054 0.00589683356548457 2.12
1696.7607 0.00540072180399969 2.12
1697.116 0.00535172387944173 2.12
1697.4713 0.00445850064544212 2.12
1697.8265 0.00603685367942516 2.12
1698.1818 0.00365107365268155 2.12
1698.5371 0.00384866765820101 2.12
1698.8923 0.00464499266345495 2.12
1699.2477 0.00498738280146038 2.12
1699.6029 0.00435330858177909 2.12
1699.9583 0.00337015607132249 2.12
1700.3135 0.00403432798842941 2.12
1700.6687 0.003387901528252 2.12
1701.024 0.00429470537115491 2.12
1701.3793 0.00375578462681052 2.12
1701.7346 0.00267488279178701 2.12
1702.0898 0.00168963500104285 2.12
1702.4452 0.00303728856446212 2.12
1702.8004 0.00392656467586069 2.12
1703.1556 0.00358235875944548 2.12
1703.511 0.00254372808611266 2.12
1703.8662 0.00229909692996741 2.12
1704.2216 0.00214748603845167 2.12
1704.5768 0.00174966159225089 2.12
1704.9321 0.00205565425977718 2.12
1705.2874 0.00263736903601596 2.12
1705.6426 0.00259412125124844 2.12
1705.9979 0.0022461554224901 2.12
1706.3531 0.0031162967876521 2.12
1706.7085 0.00327524538598347 2.12
1707.0637 0.00194455184683756 2.12
1707.4191 0.00233676716860752 2.12
1707.7743 0.000527501063060447 2.12
1708.1295 0.0012170029393942 2.12
1708.4849 0.00270327897572881 2.12
1708.8401 0.0017680236211709 2.12
1709.1954 0.00188655305380534 2.12
1709.5507 0.00193351219672457 2.12
1709.906 0.00153814978101002 2.12
1710.2612 0.00102451945253705 2.12
1710.6165 0.00219490242011088 2.12
1710.9718 0.00226908399486419 2.12
1711.327 0.00135673840353138 2.12
1711.6824 0.00200043645222167 2.12
1712.0376 0.00159727902126853 2.12
1712.3929 0.00225389615259191 2.12
1712.7482 0.00199820096464608 2.12
1713.1034 0.000906097205465156 2.12
1713.4587 0.00046001071968311 2.12
1713.814 0.00068405810138068 2.12
1714.1693 0.00159272615963237 2.12
1714.5245 0.00042751858168243 2.12
1714.8799 0 2.12
1715.2351 0.000740641216338983 2.12
1715.5903 0.000186449314486151 2.12
1715.9457 0.000313284446880146 2.12
1716.3009 0.00214903647860503 2.12
1716.6563 0.00145347999783182 2.12
1717.0115 0.00223254039374288 2.12
1717.3668 0.00154793150360676 2.12
1717.722 0.00037587784387969 2.12
1718.0773 0.000364362959974455 2.12
1718.4326 0.00138466721475935 2.12
1718.7878 0.00193865549218566 2.12
1719.1432 0.00118540150818252 2.12
1719.4984 0.00160391379660868 2.12
1719.8538 0.00145080885168249 2.12
1720.209 0.000183869609170689 2.12
1720.5642 0.000997810153958901 2.12
1720.9196 0.00141032769681823 2.12
1721.2748 0.000997732153406389 2.12
1721.6301 0 2.12
1721.9854 0.00113876446409835 2.12
1722.3407 0.00151325638600738 2.12
1722.6959 0 2.12
1723.0511 0.00015126257707497 2.12
1723.4065 0.0014830392205671 2.12
1723.7617 0.00110791794992402 2.12
1724.1171 0.000453685114707198 2.12
1724.4723 0.00175234894580591 2.12
1724.8276 0.00204046022391275 2.12
1725.1829 0.00231551970344924 2.12
1725.5381 0.000279096929626858 2.12
1725.8934 0.00194776315616229 2.12
1726.2487 0.000628387734265274 2.12
1726.604 0.00140185332080415 2.12
1726.9592 0.00240544111227329 2.12
1727.3146 0.00200125141121464 2.12
1727.6698 0.00058317993317661 2.12
1728.025 0.00230055523789986 2.12
1728.3804 0.00334602475640186 2.12
1728.7356 0.00194085538983543 2.12
1729.0909 0.00309777502853586 2.12
1729.4462 0.0023491725525612 2.12
1729.8015 0.00237653883264995 2.12
1730.1567 0.00310746851867545 2.12
1730.512 0.00299356454436007 2.12
1730.8673 0.0029007389574376 2.12
1731.2225 0.00365514737040577 2.12
1731.5779 0.00316050923985054 2.12
1731.9331 0.00306000957225933 2.12
1732.2885 0.00402788160418714 2.12
1732.6437 0.00354946096112501 2.12
1732.9989 0.00465671241453445 2.12
1733.3542 0.00552245398785364 2.12
1733.7095 0.00409132263616079 2.12
1734.0648 0.0044271703520351 2.12
1734.42 0.00449371384969399 2.12
1734.7754 0.00578792895959398 2.12
1735.1306 0.00479291828185462 2.12
1735.4858 0.00485655280931136 2.12
1735.8412 0.00523640503942935 2.12
1736.1964 0.00545556904487766 2.12
1736.5518 0.00623494683383473 2.12
1736.907 0.00565327340464452 2.12
1737.2623 0.00561652396528398 2.12
1737.6176 0.00614595604920075 2.12
1737.9728 0.00738329017379264 2.12
1738.3281 0.00638386710719737 2.12
1738.6833 0.00632983611929128 2.12
1739.0387 0.00615517860129606 2.12
1739.3939 0.00553748251353523 2.12
1739.7493 0.00653126263292391 2.12
1740.1045 0.00682610721362906 2.12
1740.4597 0.00650048502271357 2.12
1740.8151 0.00645772856866838 2.12
1741.1703 0.00731837740006477 2.12
1741.5256 0.00719785893614032 2.12
1741.8809 0.00615094687371646 2.12
1742.2362 0.00631430693797394 2.12
1742.5914 0.00684753586073796 2.12
1742.9467 0.00677242375632242 2.12
1743.302 0.00725695276541477 2.12
1743.6572 0.00573048262536981 2.12
1744.0126 0.00620920165687695 2.12
1744.3678 0.00754134270215567 2.12
1744.7231 0.00640132908277871 2.12
1745.0784 0.00678421902431394 2.12
1745.4336 0.00663104171727295 2.12
1745.7889 0.00444696440177572 2.12
1746.1442 0.00686034991135478 2.12
1746.4995 0.00607565527922798 2.12
1746.8547 0.00643123692772183 2.12
1747.2101 0.00769013351938367 2.12
1747.5653 0.00495394035992336 2.12
1747.9205 0.00671893601854158 2.12
1748.2759 0.0058113150007324 2.12
1748.6311 0.00498069436078652 2.12
1748.9865 0.00586064966083407 2.12
1749.3417 0.00653326629362095 2.12
1749.697 0.00542358875047665 2.12
1750.0522 0.00547231642853031 2.12
1750.4075 0.00467435539541066 2.12
1750.7628 0.00552023440716046 2.12
1751.118 0.00550260869637875 2.12
1751.4734 0.00575025666980063 2.12
1751.8286 0.00468981974678721 2.12
1752.184 0.00418427889672397 2.12
1752.5392 0.0041841787958659 2.12
1752.8944 0.00363649579376614 2.12
1753.2498 0.00372151026167727 2.12
1753.605 0.0045599435419551 2.12
1753.9603 0.00460139262869332 2.12
1754.3156 0.00358826020948609 2.12
1754.6709 0.00409204081239719 2.12
1755.0261 0.00309039273375813 2.12
1755.3813 0.00274702422081923 2.12
1755.7367 0.00190854413220736 2.12
1756.0919 0.00350718701913354 2.12
1756.4473 0.00387282202969695 2.12
1756.8025 0.00239179948948416 2.12
1757.1578 0.00302045197237558 2.12
1757.5131 0.000957545599709784 2.12
1757.8683 0.00214273362679475 2.12
1758.2236 0.00228191158748667 2.12
1758.5789 0.00141227334529547 2.12
1758.9342 2.83102313620861e-05 2.12
1759.2894 0.00204563633465447 2.12
1759.6448 0.000570384272579999 2.12
1760 0 2.12
