w Int P
1420 0 6.11
1420.3552 0 6.11
1420.7106 0.000353599228647987 6.11
1421.0658 0.00195631758037588 6.11
1421.4211 0.00295048678295877 6.11
1421.7764 0.000770125169406925 6.11
1422.1317 0.000978162998055031 6.11
1422.4869 0.000886341203031768 6.11
1422.8422 0.000372968073359323 6.11
1423.1975 0 6.11
1423.5527 0.000997433367778996 6.11
1423.9081 0.000608109659235622 6.11
1424.2633 0.000894825975576965 6.11
1424.6187 0.00218375202896659 6.11
1424.9739 0.000852419338066256 6.11
1425.3291 0.000898371252528137 6.11
1425.6844 0.0022660264654385 6.11
1426.0397 0.00227379249484947 6.11
1426.395 0.0024389906567549 6.11
1426.7502 0.00235326493113198 6.11
1427.1056 0.00144540555995546 6.11
1427.4608 0.00123360609850735 6.11
1427.816 0.00124848033135565 6.11
1428.1714 0.000930989971768439 6.11
1428.5266 0.000805918095140666 6.11
1428.882 0.00229030203158256 6.11
1429.2372 0.00232727997585188 6.11
1429.5925 0.000783703212732958 6.11
1429.9478 0.0026321312295962 6.11
1430.303 0.00240305071167832 6.11
1430.6583 0.00192066894543572 6.11
1431.0135 0.00376953335605322 6.11
1431.3689 0.00141619492942812 6.11
1431.7241 0.00224710782912704 6.11
1432.0795 0 6.11
1432.4347 0.00136827569555727 6.11
1432.7899 0.0032642942105209 6.11
1433.1453 0.00218037209706337 6.11
1433.5005 0.00148386528114028 6.11
1433.8558 0.00107142338541628 6.11
1434.2111 0.000523449587335105 6.11
1434.5664 0.00193998361526411 6.11
1434.9216 0.00216389839422268 6.11
1435.2769 0.00129644115748512 6.11
1435.6322 0.00172697617710275 6.11
1435.9874 0.00233392887742872 6.11
1436.3428 0.00295430361548832 6.11
1436.698 0.00249478714347394 6.11
1437.0533 0.00230712077357462 6.11
1437.4086 0.00132937371051807 6.11
1437.7638 0 6.11
1438.1191 0.00038266980894845 6.11
1438.4744 0.00119726057583791 6.11
1438.8297 0.00152122529179377 6.11
1439.1849 0.0024545145352375 6.11
1439.5403 0.00188150199593902 6.11
1439.8955 0.000482766509633819 6.11
1440.2507 0.00155290954114664 6.11
1440.6061 0.00100962012192325 6.11
1440.9613 0.00186661725134655 6.11
1441.3167 0.00123567195677478 6.11
1441.6719 0.00302526094121842 6.11
1442.0272 0.00172730753501177 6.11
1442.3824 0.00152509249612663 6.11
1442.7377 0.0023160036855947 6.11
1443.093 0.0018596340163052 6.11
1443.4482 0.00197968728766053 6.11
1443.8036 0.000465610942666691 6.11
1444.1588 0.00325774032999878 6.11
1444.5142 0.000906139476908735 6.11
1444.8694 0.00101910357915961 6.11
1445.2246 0.00101151021921906 6.11
1445.58 0.00183356833179983 6.11
1445.9352 0.0017491778677916 6.11
1446.2905 0.00184342261125427 6.11
1446.6458 0.000520377140758762 6.11
1447.0011 0.0032122357324666 6.11
1447.3563 0.0033379344954972 6.11
1447.7115 0.0030405392295597 6.11
1448.0669 0.00306248219969145 6.11
1448.4221 0.000218444404454256 6.11
1448.7775 0.00154260966521932 6.11
1449.1327 0.00211343487592647 6.11
1449.488 0.00188599204770302 6.11
1449.8433 0.00218517363445774 6.11
1450.1985 0.00190106109202771 6.11
1450.5538 0.00294980386170739 6.11
1450.9091 0.00331113932642444 6.11
1451.2644 0.00212000022679984 6.11
1451.6196 0.00229766840675165 6.11
1451.975 0.00320288352746575 6.11
1452.3302 0.00272920366235814 6.11
1452.6854 0.00245085543279096 6.11
1453.0408 0.00320419479679518 6.11
1453.396 0.00292078775516646 6.11
1453.7513 0.00377514203248218 6.11
1454.1066 0.00251008278679436 6.11
1454.4619 0.00388522587351287 6.11
1454.8171 0.00442316583529026 6.11
1455.1724 0.00435931750340252 6.11
1455.5277 0.00215837060000364 6.11
1455.8829 0.00354263823461263 6.11
1456.2383 0.00292253685867311 6.11
1456.5935 0.0024623654773294 6.11
1456.9489 0.00436441015760348 6.11
1457.3041 0.00280646170625487 6.11
1457.6593 0.00268149974774478 6.11
1458.0146 0.00337750845468647 6.11
1458.3699 0.00496974824798181 6.11
1458.7252 0.00170460759798486 6.11
1459.0804 0.00356517590409892 6.11
1459.4358 0.00392797527400441 6.11
1459.791 0.00328971172617442 6.11
1460.1462 0.00317512879840013 6.11
1460.5016 0.00450938346325623 6.11
1460.8568 0.00520577593447649 6.11
1461.2122 0.00343597411482103 6.11
1461.5674 0.00267179575450426 6.11
1461.9227 0.00152167075830526 6.11
1462.278 0.00290533629470351 6.11
1462.6332 0.003021175869694 6.11
1462.9885 0.0024487268117203 6.11
1463.3438 0.00276874517898339 6.11
1463.6991 0.00276188794445729 6.11
1464.0543 0.00427331801402275 6.11
1464.4097 0.0041786216506238 6.11
1464.7649 0.00425804550214832 6.11
1465.1201 0.0051414209352161 6.11
1465.4755 0.00549050091374974 6.11
1465.8307 0.00512079107304631 6.11
1466.186 0.00356489320649984 6.11
1466.5413 0.00266834005093743 6.11
1466.8966 0.00347293795595077 6.11
1467.2518 0.00461074519800031 6.11
1467.6071 0.00389050337637522 6.11
1467.9624 0.00415844687291311 6.11
1468.3176 0.00431889786278344 6.11
1468.673 0.00332411318022878 6.11
1469.0282 0.00383826662551594 6.11
1469.3835 0.00289715255407843 6.11
1469.7388 0.00396323579082168 6.11
1470.094 0.0036878610614739 6.11
1470.4493 0.00345827054028478 6.11
1470.8046 0.00472404615015295 6.11
1471.1599 0.00530956600528644 6.11
1471.5151 0.00324871875959123 6.11
1471.8705 0.00510265719680556 6.11
1472.2257 0.00470422084873793 6.11
1472.5809 0.00554700102306635 6.11
1472.9363 0.00577660332695076 6.11
1473.2915 0.00590925164419039 6.11
1473.6469 0.00551681760472847 6.11
1474.0021 0.00582948447695815 6.11
1474.3574 0.0038266778449213 6.11
1474.7126 0.00314507723944835 6.11
1475.0679 0.00509876514432638 6.11
1475.4232 0.00340065019835607 6.11
1475.7784 0.0050283438294465 6.11
1476.1338 0.00567540061168312 6.11
1476.489 0.00453343474122547 6.11
1476.8444 0.00658968407348616 6.11
1477.1996 0.0069326295548429 6.11
1477.5548 0.00496787894460933 6.11
1477.9102 0.00429702161312682 6.11
1478.2654 0.00548146914183426 6.11
1478.6207 0.00665123723213149 6.11
1478.976 0.00591050321144203 6.11
1479.3313 0.00530081410801347 6.11
1479.6865 0.00716634171344447 6.11
1480.0417 0.00634387710482134 6.11
1480.3971 0.00498257658703336 6.11
1480.7523 0.00502238991041064 6.11
1481.1077 0.00601017238911465 6.11
1481.4629 0.00686413512245993 6.11
1481.8182 0.00705380813220406 6.11
1482.1735 0.00733365008541401 6.11
1482.5287 0.00724682527232507 6.11
1482.884 0.00683436151711412 6.11
1483.2393 0.00649336870623723 6.11
1483.5946 0.00704909117805339 6.11
1483.9498 0.00706980845132047 6.11
1484.3052 0.00645927218098176 6.11
1484.6604 0.00635947506473792 6.11
1485.0156 0.00709018903599291 6.11
1485.371 0.00683595591981434 6.11
1485.7262 0.00829809896076838 6.11
1486.0815 0.00761317970768345 6.11
1486.4368 0.00818693775051059 6.11
1486.7921 0.00699801912182903 6.11
1487.1473 0.00943464442748749 6.11
1487.5026 0.00852299652530691 6.11
1487.8579 0.00704245505592862 6.11
1488.2131 0.00734460031199741 6.11
1488.5685 0.010515484470252 6.11
1488.9237 0.00675489419505398 6.11
1489.2791 0.00586598958749396 6.11
1489.6343 0.00847447488834972 6.11
1489.9895 0.00746755969443952 6.11
1490.3448 0.00834480190301434 6.11
1490.7001 0.00627002676292041 6.11
1491.0554 0.00722876248300233 6.11
1491.4106 0.00753142164070743 6.11
1491.766 0.0078250433151993 6.11
1492.1212 0.00809102385756089 6.11
1492.4764 0.00902961995229527 6.11
1492.8318 0.00705320888113246 6.11
1493.187 0.00686859126012908 6.11
1493.5424 0.00675310861522647 6.11
1493.8976 0.0101221000156489 6.11
1494.2529 0.00974373497074591 6.11
1494.6082 0.00694181426476547 6.11
1494.9634 0.0089663067960108 6.11
1495.3187 0.0082304592966609 6.11
1495.674 0.00857026881798159 6.11
1496.0293 0.00876815979811225 6.11
1496.3845 0.00918864947175364 6.11
1496.7399 0.00841227149936894 6.11
1497.0951 0.010475853230801 6.11
1497.4503 0.0106102140584067 6.11
1497.8057 0.00989030437015829 6.11
1498.1609 0.010029691333999 6.11
1498.5162 0.00913103949921083 6.11
1498.8715 0.00952897931602915 6.11
1499.2268 0.00797398894630289 6.11
1499.582 0.00782919127578985 6.11
1499.9373 0.00963463341123881 6.11
1500.2926 0.00923254868676365 6.11
1500.6478 0.00899122365398399 6.11
1501.0032 0.00923841743469077 6.11
1501.3584 0.00939526071625297 6.11
1501.7137 0.00990001781018304 6.11
1502.069 0.0093383740539556 6.11
1502.4242 0.00913101702817761 6.11
1502.7795 0.00973466751127214 6.11
1503.1348 0.00907084050424889 6.11
1503.4901 0.00911842862314037 6.11
1503.8453 0.00899582229467421 6.11
1504.2007 0.00837638780265001 6.11
1504.5559 0.00953600615894614 6.11
1504.9111 0.00962448715549455 6.11
1505.2665 0.0109613573717424 6.11
1505.6217 0.010852222395419 6.11
1505.9771 0.0110968644911224 6.11
1506.3323 0.0098092773142165 6.11
1506.6876 0.0100204079451741 6.11
1507.0428 0.0106703457878421 6.11
1507.3981 0.00796768384617796 6.11
1507.7534 0.0100625283513806 6.11
1508.1086 0.00860072703449835 6.11
1508.464 0.010419855319544 6.11
1508.8192 0.0104902591576658 6.11
1509.1746 0.00832098793166434 6.11
1509.5298 0.00903011357839947 6.11
1509.885 0.0108446074837615 6.11
1510.2404 0.0119346831228599 6.11
1510.5956 0.011652703420747 6.11
1510.9509 0.0101270663401495 6.11
1511.3062 0.011880378650074 6.11
1511.6615 0.0109912815240327 6.11
1512.0167 0.0122912989955826 6.11
1512.3719 0.0101410685115245 6.11
1512.7273 0.0110549902547591 6.11
1513.0825 0.0120924530038907 6.11
1513.4379 0.0101929385495402 6.11
1513.7931 0.0117832287560428 6.11
1514.1484 0.0121563126656826 6.11
1514.5037 0.0123507132734279 6.11
1514.8589 0.012699935484019 6.11
1515.2142 0.012659494926086 6.11
1515.5695 0.0121478734045682 6.11
1515.9248 0.0122758945558675 6.11
1516.28 0.0131591333445696 6.11
1516.6354 0.016926097357742 6.11
1516.9906 0.0158133763520794 6.11
1517.3458 0.0153275990048105 6.11
1517.7012 0.0142412596266898 6.11
1518.0564 0.0160627105125851 6.11
1518.4117 0.0147583125422166 6.11
1518.767 0.0152017296833193 6.11
1519.1223 0.0151089275985461 6.11
1519.4775 0.015491704912512 6.11
1519.8328 0.0178640622423853 6.11
1520.1881 0.0187550936497797 6.11
1520.5433 0.0187552325786214 6.11
1520.8987 0.0203341935382552 6.11
1521.2539 0.0191422395941794 6.11
1521.6093 0.0198988331734587 6.11
1521.9645 0.0214204491893301 6.11
1522.3197 0.0227453195975288 6.11
1522.675 0.0230639017136869 6.11
1523.0303 0.0230498142098961 6.11
1523.3856 0.0227189509052611 6.11
1523.7408 0.0218044429489379 6.11
1524.0962 0.0230724488606544 6.11
1524.4514 0.024832553852663 6.11
1524.8066 0.02446207464477 6.11
1525.162 0.0234241712385045 6.11
1525.5172 0.0239836638784455 6.11
1525.8726 0.0252279189200281 6.11
1526.2278 0.0276096844833773 6.11
1526.5831 0.0291271218832915 6.11
1526.9384 0.0275833898210892 6.11
1527.2936 0.0265646489484843 6.11
1527.6489 0.0272575697898136 6.11
1528.0042 0.0295142220177436 6.11
1528.3595 0.0290804729320411 6.11
1528.7147 0.0298758003798415 6.11
1529.0701 0.0317084534865643 6.11
1529.4253 0.0322012310002044 6.11
1529.7805 0.0318706474913088 6.11
1530.1359 0.0341942534072311 6.11
1530.4911 0.0335529420959395 6.11
1530.8464 0.0333573745365513 6.11
1531.2017 0.034336158361509 6.11
1531.557 0.034924611614711 6.11
1531.9122 0.0350289433576837 6.11
1532.2675 0.0360534570019493 6.11
1532.6228 0.0379496488194185 6.11
1532.978 0.0397759000812923 6.11
1533.3334 0.0397334167182491 6.11
1533.6886 0.0397420855230948 6.11
1534.0439 0.0378127816776998 6.11
1534.3992 0.0395800866677276 6.11
1534.7544 0.0388884679508762 6.11
1535.1097 0.0399189612714072 6.11
1535.465 0.0384781699450716 6.11
1535.8203 0.0406744832886796 6.11
1536.1755 0.042068253647766 6.11
1536.5309 0.0428941110678199 6.11
1536.8861 0.0426081122390369 6.11
1537.2413 0.0424484025094816 6.11
1537.5967 0.0429800170816524 6.11
1537.9519 0.0434890745832569 6.11
1538.3073 0.0441049690237838 6.11
1538.6625 0.0445255671217589 6.11
1539.0178 0.0463013306950781 6.11
1539.373 0.0464893482004688 6.11
1539.7283 0.0427509026581588 6.11
1540.0836 0.0450196479124556 6.11
1540.4388 0.0447080297503638 6.11
1540.7942 0.0454350116044314 6.11
1541.1494 0.0462470156059097 6.11
1541.5048 0.0442187138368625 6.11
1541.86 0.0424590634490539 6.11
1542.2152 0.0448896006541133 6.11
1542.5706 0.0500094820176034 6.11
1542.9258 0.0498427009421217 6.11
1543.2811 0.0461790162057772 6.11
1543.6364 0.0466211144316977 6.11
1543.9917 0.0499300337295216 6.11
1544.3469 0.0495137296453705 6.11
1544.7021 0.0499875596353849 6.11
1545.0575 0.0490932145026982 6.11
1545.4127 0.0514828950424056 6.11
1545.7681 0.0573548090695224 6.11
1546.1233 0.052356901092146 6.11
1546.4786 0.0527998147284663 6.11
1546.8339 0.056404147262871 6.11
1547.1891 0.0545488205695519 6.11
1547.5444 0.0571242180595104 6.11
1547.8997 0.0552222371462012 6.11
1548.255 0.0574862236119351 6.11
1548.6102 0.0597381369256938 6.11
1548.9656 0.0619143496142079 6.11
1549.3208 0.0662284462259685 6.11
1549.676 0.0649010762301934 6.11
1550.0314 0.0665034613016953 6.11
1550.3866 0.0651354500039706 6.11
1550.7419 0.0669991189771321 6.11
1551.0972 0.0724140710469724 6.11
1551.4525 0.0758004365096012 6.11
1551.8077 0.0766293918387538 6.11
1552.163 0.077637157636629 6.11
1552.5183 0.0802151677074496 6.11
1552.8735 0.0832503443487277 6.11
1553.2289 0.0862610842808811 6.11
1553.5841 0.090682605643075 6.11
1553.9395 0.0915817282073955 6.11
1554.2947 0.0914685963833746 6.11
1554.6499 0.0963287357626949 6.11
1555.0052 0.0991007600391386 6.11
1555.3605 0.104811368928994 6.11
1555.7158 0.107288462679932 6.11
1556.071 0.107024619546839 6.11
1556.4264 0.108829969029919 6.11
1556.7816 0.112754550480324 6.11
1557.1368 0.119902019999682 6.11
1557.4922 0.123948323713284 6.11
1557.8474 0.126852703476531 6.11
1558.2028 0.129077032804958 6.11
1558.558 0.133814556145012 6.11
1558.9133 0.13467598028299 6.11
1559.2686 0.13788762810086 6.11
1559.6238 0.144400919236765 6.11
1559.9791 0.144608648611228 6.11
1560.3344 0.146710759032051 6.11
1560.6897 0.153642163537951 6.11
1561.0449 0.154308991812435 6.11
1561.4003 0.154877533039178 6.11
1561.7555 0.159570008296488 6.11
1562.1107 0.162024248843206 6.11
1562.4661 0.162601716511667 6.11
1562.8213 0.167235702039387 6.11
1563.1766 0.17003195098545 6.11
1563.5319 0.168940236999804 6.11
1563.8872 0.172930846818203 6.11
1564.2424 0.180888439194535 6.11
1564.5977 0.182252239313633 6.11
1564.953 0.18066654109324 6.11
1565.3082 0.182551969762327 6.11
1565.6636 0.184010808442369 6.11
1566.0188 0.186797510671958 6.11
1566.3741 0.193128704801406 6.11
1566.7294 0.196481348810998 6.11
1567.0846 0.197180719238232 6.11
1567.4399 0.200794324281063 6.11
1567.7952 0.200997865208663 6.11
1568.1505 0.202787713548506 6.11
1568.5057 0.209030537956165 6.11
1568.8611 0.212033725316582 6.11
1569.2163 0.21309195058298 6.11
1569.5715 0.216247845095052 6.11
1569.9269 0.220266196124275 6.11
1570.2821 0.222298725423596 6.11
1570.6375 0.223966689393792 6.11
1570.9927 0.228101328880674 6.11
1571.348 0.232119921088749 6.11
1571.7032 0.234241685099949 6.11
1572.0585 0.237428677521394 6.11
1572.4138 0.239879840033406 6.11
1572.769 0.239706409427214 6.11
1573.1244 0.240454712258129 6.11
1573.4796 0.244868536977897 6.11
1573.835 0.25094132119316 6.11
1574.1902 0.252748550668166 6.11
1574.5454 0.253173741205042 6.11
1574.9008 0.254146007121912 6.11
1575.256 0.255362205157207 6.11
1575.6113 0.258197264073666 6.11
1575.9666 0.262262701534948 6.11
1576.3219 0.263818100819032 6.11
1576.6771 0.26021852067934 6.11
1577.0323 0.259621522244694 6.11
1577.3877 0.259383817155709 6.11
1577.7429 0.258633242336106 6.11
1578.0983 0.258386996974263 6.11
1578.4535 0.257576239223147 6.11
1578.8088 0.259867661501095 6.11
1579.1641 0.259808444224994 6.11
1579.5193 0.258941870221008 6.11
1579.8746 0.257922874802166 6.11
1580.2299 0.252130980804407 6.11
1580.5852 0.248313657301982 6.11
1580.9404 0.249589117404587 6.11
1581.2958 0.246967651355512 6.11
1581.651 0.241604438033751 6.11
1582.0062 0.236104075356217 6.11
1582.3616 0.231187652332126 6.11
1582.7168 0.226827393802145 6.11
1583.0721 0.224594506278258 6.11
1583.4274 0.221115199349223 6.11
1583.7827 0.216321017158342 6.11
1584.1379 0.214042372161063 6.11
1584.4932 0.20671520445113 6.11
1584.8485 0.200082650551187 6.11
1585.2037 0.192387690244203 6.11
1585.5591 0.18957570927348 6.11
1585.9143 0.185962256760137 6.11
1586.2697 0.176798644648962 6.11
1586.6249 0.173505890520919 6.11
1586.9801 0.171676315349479 6.11
1587.3354 0.165017739609455 6.11
1587.6907 0.158567249474193 6.11
1588.046 0.153196591439081 6.11
1588.4012 0.149566340580343 6.11
1588.7566 0.147914737622305 6.11
1589.1118 0.143644783194891 6.11
1589.467 0.134640710453658 6.11
1589.8224 0.130866263010825 6.11
1590.1776 0.129240436470802 6.11
1590.533 0.125111827625716 6.11
1590.8882 0.122756617225685 6.11
1591.2434 0.119138263338354 6.11
1591.5988 0.116687261135522 6.11
1591.954 0.113956471814175 6.11
1592.3093 0.110101897869441 6.11
1592.6646 0.107462989435977 6.11
1593.0199 0.103452783499741 6.11
1593.3751 0.102193809950071 6.11
1593.7303 0.103085569703188 6.11
1594.0857 0.102926632664719 6.11
1594.4409 0.100205267348813 6.11
1594.7963 0.0981884615296646 6.11
1595.1515 0.0996245857010666 6.11
1595.5068 0.098737894704074 6.11
1595.8621 0.096763989840653 6.11
1596.2173 0.0945013307488993 6.11
1596.5726 0.0946138487057481 6.11
1596.9279 0.0964090024116168 6.11
1597.2832 0.095897744779986 6.11
1597.6384 0.0941394251894784 6.11
1597.9938 0.0957774729551699 6.11
1598.349 0.097980397778551 6.11
1598.7042 0.101274717488899 6.11
1599.0596 0.103317188019194 6.11
1599.4148 0.101830322858055 6.11
1599.7701 0.102550924580297 6.11
1600.1254 0.107599190009447 6.11
1600.4807 0.111858692175357 6.11
1600.8359 0.113968440393962 6.11
1601.1912 0.1170334480137 6.11
1601.5465 0.121271547513195 6.11
1601.9017 0.124905890389739 6.11
1602.2571 0.128100572946603 6.11
1602.6123 0.129816770539268 6.11
1602.9677 0.131992576265214 6.11
1603.3229 0.1367939362883 6.11
1603.6781 0.142027983665986 6.11
1604.0334 0.148554712912259 6.11
1604.3887 0.155128866665028 6.11
1604.744 0.161177325778611 6.11
1605.0992 0.169799024625019 6.11
1605.4546 0.175323255975136 6.11
1605.8098 0.180787296614047 6.11
1606.165 0.18631976340436 6.11
1606.5204 0.195295735401253 6.11
1606.8756 0.205034234589799 6.11
1607.231 0.212879370491771 6.11
1607.5862 0.221085729876966 6.11
1607.9415 0.231255813787649 6.11
1608.2968 0.247696166030583 6.11
1608.652 0.257761349221754 6.11
1609.0073 0.266117152419159 6.11
1609.3625 0.278920257972673 6.11
1609.7179 0.289862453276472 6.11
1610.0731 0.305231843986858 6.11
1610.4285 0.318407684532878 6.11
1610.7837 0.331998812202474 6.11
1611.1389 0.350725495568154 6.11
1611.4943 0.364332879814844 6.11
1611.8495 0.376211021833581 6.11
1612.2048 0.395582039257774 6.11
1612.5601 0.413061557049405 6.11
1612.9154 0.432293538831472 6.11
1613.2706 0.451990144698782 6.11
1613.6259 0.471901768821203 6.11
1613.9812 0.491603673547531 6.11
1614.3364 0.51606857367274 6.11
1614.6918 0.531485961069955 6.11
1615.047 0.552209449345696 6.11
1615.4023 0.576627797734189 6.11
1615.7576 0.599817639011563 6.11
1616.1128 0.623224540429842 6.11
1616.4681 0.640523940153739 6.11
1616.8234 0.664269151661898 6.11
1617.1787 0.690759786119868 6.11
1617.5339 0.708473875324924 6.11
1617.8893 0.733043390432847 6.11
1618.2445 0.746109491832438 6.11
1618.5997 0.767579028639746 6.11
1618.9551 0.793232683115868 6.11
1619.3103 0.819736525114787 6.11
1619.6656 0.838538299934544 6.11
1620.0209 0.848874362191639 6.11
1620.3762 0.861686197565962 6.11
1620.7314 0.888763411205585 6.11
1621.0867 0.91288210741163 6.11
1621.442 0.91758215398317 6.11
1621.7972 0.916899396356383 6.11
1622.1526 0.941680829052369 6.11
1622.5078 0.943353983669831 6.11
1622.8632 0.964055631479396 6.11
1623.2184 0.968344901889275 6.11
1623.5736 0.979653934977411 6.11
1623.929 0.990649792900055 6.11
1624.2842 0.993660339394411 6.11
1624.6395 0.994817791668614 6.11
1624.9948 0.989229319544006 6.11
1625.3501 1 6.11
1625.7053 0.998124693523988 6.11
1626.0605 0.98474315911613 6.11
1626.4159 0.986150369990165 6.11
1626.7711 0.988556651335043 6.11
1627.1265 0.973394455537038 6.11
1627.4817 0.977431780471286 6.11
1627.837 0.969411038636755 6.11
1628.1923 0.954676365008169 6.11
1628.5475 0.940181743420285 6.11
1628.9028 0.928098935908932 6.11
1629.2581 0.928301110392876 6.11
1629.6134 0.916128310684573 6.11
1629.9686 0.886106507618928 6.11
1630.324 0.874338305370532 6.11
1630.6792 0.859532773292677 6.11
1631.0344 0.841361616223749 6.11
1631.3898 0.831941914748026 6.11
1631.745 0.814237442745998 6.11
1632.1003 0.801372836378262 6.11
1632.4556 0.787993541183842 6.11
1632.8109 0.779957070394603 6.11
1633.1661 0.75580843525229 6.11
1633.5214 0.744508585103898 6.11
1633.8767 0.727865331297035 6.11
1634.2319 0.710033438423967 6.11
1634.5873 0.693252749524532 6.11
1634.9425 0.679637033408587 6.11
1635.2979 0.659703647086236 6.11
1635.6531 0.649486127819411 6.11
1636.0083 0.624609594081935 6.11
1636.3636 0.614460601398573 6.11
1636.7189 0.592156156667035 6.11
1637.0742 0.57220738653737 6.11
1637.4294 0.563564485648459 6.11
1637.7848 0.550336787900273 6.11
1638.14 0.534339063436756 6.11
1638.4952 0.518635926402566 6.11
1638.8506 0.508247535195033 6.11
1639.2058 0.491908333491037 6.11
1639.5612 0.476597730029735 6.11
1639.9164 0.465328702663352 6.11
1640.2717 0.447970917644929 6.11
1640.627 0.436284631289205 6.11
1640.9822 0.421095499859871 6.11
1641.3375 0.412219572232974 6.11
1641.6927 0.400660814253307 6.11
1642.0481 0.393106352927689 6.11
1642.4033 0.380223258549113 6.11
1642.7587 0.367783998791167 6.11
1643.1139 0.358121166533299 6.11
1643.4691 0.345299101687199 6.11
1643.8245 0.333949060903221 6.11
1644.1797 0.324446577838003 6.11
1644.535 0.3142477248138 6.11
1644.8903 0.306431399979865 6.11
1645.2456 0.297549159977377 6.11
1645.6008 0.288451678930052 6.11
1645.9561 0.279157589838736 6.11
1646.3114 0.27132280316278 6.11
1646.6666 0.262951735445773 6.11
1647.022 0.255884901421367 6.11
1647.3772 0.250449132911935 6.11
1647.7325 0.240802872673257 6.11
1648.0878 0.23331339522108 6.11
1648.443 0.226163304322428 6.11
1648.7983 0.220390852441487 6.11
1649.1536 0.214967274419954 6.11
1649.5089 0.209411879143439 6.11
1649.8641 0.202621549095506 6.11
1650.2195 0.19484612491892 6.11
1650.5747 0.190468117474044 6.11
1650.9299 0.182023365768084 6.11
1651.2853 0.178868526260576 6.11
1651.6405 0.176977193776888 6.11
1651.9958 0.171034471134134 6.11
1652.3511 0.162976464004646 6.11
1652.7064 0.157878262952673 6.11
1653.0616 0.153964400771811 6.11
1653.4169 0.151235835811252 6.11
1653.7722 0.146800968891636 6.11
1654.1274 0.141881389326383 6.11
1654.4828 0.137508142508701 6.11
1654.838 0.133204145811043 6.11
1655.1934 0.13254233819826 6.11
1655.5486 0.126270826013281 6.11
1655.9038 0.123879642498708 6.11
1656.2592 0.120244082171517 6.11
1656.6144 0.119574840454818 6.11
1656.9697 0.111495074195353 6.11
1657.325 0.113318890542197 6.11
1657.6803 0.107628514396583 6.11
1658.0355 0.103849696951209 6.11
1658.3907 0.100731168845261 6.11
1658.7461 0.102261130917663 6.11
1659.1013 0.0951275205177297 6.11
1659.4567 0.0925294087730755 6.11
1659.8119 0.0940960921801341 6.11
1660.1672 0.0870828114309223 6.11
1660.5225 0.0889953441322145 6.11
1660.8777 0.0866693177011202 6.11
1661.233 0.0851708342324161 6.11
1661.5883 0.0800124027204546 6.11
1661.9436 0.0802332796593242 6.11
1662.2988 0.0756454236003133 6.11
1662.6542 0.0769260616895352 6.11
1663.0094 0.0746263704894049 6.11
1663.3646 0.0681409504614709 6.11
1663.72 0.0705119392964735 6.11
1664.0752 0.0706889613862178 6.11
1664.4305 0.0649940878586536 6.11
1664.7858 0.0661868240845116 6.11
1665.1411 0.0634150512843519 6.11
1665.4963 0.0609786904689932 6.11
1665.8516 0.061045355329552 6.11
1666.2069 0.0606839831997389 6.11
1666.5621 0.0574143650421833 6.11
1666.9175 0.0558779042707128 6.11
1667.2727 0.054983122116794 6.11
1667.6281 0.0528293021009736 6.11
1667.9833 0.0518442113886936 6.11
1668.3385 0.0524552991588148 6.11
1668.6938 0.0496845690145762 6.11
1669.0491 0.0481036370090698 6.11
1669.4044 0.047042394716981 6.11
1669.7596 0.0462810264777507 6.11
1670.115 0.0448795941038549 6.11
1670.4702 0.0427891395887426 6.11
1670.8254 0.0431897757272029 6.11
1671.1808 0.0412014171856281 6.11
1671.536 0.0373880316862551 6.11
1671.8914 0.0374619366469839 6.11
1672.2466 0.0381374522355449 6.11
1672.6019 0.0368226603817922 6.11
1672.9572 0.0360097989297073 6.11
1673.3124 0.0363785523730081 6.11
1673.6677 0.0346621656989165 6.11
1674.0229 0.0334718722809372 6.11
1674.3783 0.0310785696467984 6.11
1674.7335 0.0283230729447571 6.11
1675.0889 0.0290539016347728 6.11
1675.4441 0.0301113352550083 6.11
1675.7993 0.0289943441129167 6.11
1676.1547 0.0314553206890741 6.11
1676.5099 0.0291940711136582 6.11
1676.8652 0.027122658613173 6.11
1677.2205 0.0248529840496085 6.11
1677.5758 0.0258837254093686 6.11
1677.931 0.0240418284807766 6.11
1678.2863 0.0237342051151689 6.11
1678.6416 0.0216468824576657 6.11
1678.9968 0.022008221458861 6.11
1679.3522 0.0203902909401209 6.11
1679.7074 0.0185687763009947 6.11
1680.0627 0.020658799636511 6.11
1680.418 0.0186224512684829 6.11
1680.7732 0.0182198353851419 6.11
1681.1285 0.0179206156480263 6.11
1681.4838 0.0163187607166506 6.11
1681.8391 0.0182930774649587 6.11
1682.1943 0.0192368497076774 6.11
1682.5497 0.017710687762641 6.11
1682.9049 0.0174923650265135 6.11
1683.2601 0.0171870934011038 6.11
1683.6155 0.0159298624204646 6.11
1683.9707 0.0148913318790669 6.11
1684.326 0.0152090480858205 6.11
1684.6813 0.0135930564036515 6.11
1685.0366 0.0145083793175834 6.11
1685.3918 0.0136519110556023 6.11
1685.7471 0.0125151712661851 6.11
1686.1024 0.0124178911079047 6.11
1686.4576 0.0117203758896192 6.11
1686.813 0.0119177093294844 6.11
1687.1682 0.0130439448731278 6.11
1687.5236 0.0112171890877318 6.11
1687.8788 0.0105598918709151 6.11
1688.234 0.0111245844230779 6.11
1688.5894 0.01025892123981 6.11
1688.9446 0.00923419326461555 6.11
1689.2999 0.0104861648230157 6.11
1689.6552 0.0104378285971676 6.11
1690.0105 0.010530276170168 6.11
1690.3657 0.00924613777823182 6.11
1690.7209 0.00907483704182734 6.11
1691.0763 0.00880391103405753 6.11
1691.4315 0.00965041773788167 6.11
1691.7869 0.00777388775700516 6.11
1692.1421 0.00593695903931916 6.11
1692.4974 0.00929554410828996 6.11
1692.8527 0.00975266281758639 6.11
1693.2079 0.00907943762057352 6.11
1693.5632 0.00671413279470867 6.11
1693.9185 0.00717712572646647 6.11
1694.2738 0.00659744194343351 6.11
1694.629 0.00800753981895926 6.11
1694.9844 0.00736849834571822 6.11
1695.3396 0.00430656031562315 6.11
1695.6948 0.00705998370109851 6.11
1696.0502 0.00853216748577139 6.11
1696.4054 0.00730969134913392 6.11
1696.7607 0.00562638894946129 6.11
1697.116 0.00517345618302278 6.11
1697.4713 0.0064722061577114 6.11
1697.8265 0.0054863312255933 6.11
1698.1818 0.00412951231779081 6.11
1698.5371 0.00500827395230191 6.11
1698.8923 0.00628261862100859 6.11
1699.2477 0.00628455952947478 6.11
1699.6029 0.00533911053590374 6.11
1699.9583 0.00441735186997569 6.11
1700.3135 0.00338133736722523 6.11
1700.6687 0.00334535911083481 6.11
1701.024 0.00134875494479004 6.11
1701.3793 0.0033145091412676 6.11
1701.7346 0.00537544950585691 6.11
1702.0898 0.00240920708971537 6.11
1702.4452 0.00206368216984824 6.11
1702.8004 0.00374258030646478 6.11
1703.1556 0.00434428565856117 6.11
1703.511 0.0029391772541744 6.11
1703.8662 0.00220615677977283 6.11
1704.2216 0.00233279161302335 6.11
1704.5768 0.0030222092805322 6.11
1704.9321 0.00339413616885786 6.11
1705.2874 0.00183368745082678 6.11
1705.6426 0.00221446114251695 6.11
1705.9979 0.0040264042821918 6.11
1706.3531 0.00359123584924625 6.11
1706.7085 0.00285066612700598 6.11
1707.0637 0.00418133797968867 6.11
1707.4191 0.00486304302022588 6.11
1707.7743 0.00376082283701635 6.11
1708.1295 0.00281551048781104 6.11
1708.4849 0.00328554895004421 6.11
1708.8401 0.0044084381919921 6.11
1709.1954 0.00321240811523341 6.11
1709.5507 0.0031747539141494 6.11
1709.906 0.00119506097362807 6.11
1710.2612 0.00377662287864128 6.11
1710.6165 0.00283284721260179 6.11
1710.9718 0.000991015069714359 6.11
1711.327 0.00292758289267442 6.11
1711.6824 0.00359456598806952 6.11
1712.0376 0.00309268836988248 6.11
1712.3929 0.00402776827678051 6.11
1712.7482 0.00562772699147452 6.11
1713.1034 0.00337411910368532 6.11
1713.4587 0.00216161595453242 6.11
1713.814 0.00295190036223596 6.11
1714.1693 0.00451328674890927 6.11
1714.5245 0.00439646404174895 6.11
1714.8799 0.00560063178516911 6.11
1715.2351 0.00385130547329704 6.11
1715.5903 0.00392337280804504 6.11
1715.9457 0.00529417984073285 6.11
1716.3009 0.00338807342763323 6.11
1716.6563 0.00396643374026596 6.11
1717.0115 0.00305305309996003 6.11
1717.3668 0.00330887683536397 6.11
1717.722 0.00345717093247923 6.11
1718.0773 0.00360864738620841 6.11
1718.4326 0.00151070508506454 6.11
1718.7878 0.00118713945256083 6.11
1719.1432 0.00355060987691884 6.11
1719.4984 0.00489122112194324 6.11
1719.8538 0.00503788623689136 6.11
1720.209 0.00624361464029578 6.11
1720.5642 0.00484241509961298 6.11
1720.9196 0.00521709955880695 6.11
1721.2748 0.00480158860608295 6.11
1721.6301 0.00447510534747537 6.11
1721.9854 0.00526765923986184 6.11
1722.3407 0.00469740837385851 6.11
1722.6959 0.00504315803524232 6.11
1723.0511 0.00391809447871904 6.11
1723.4065 0.0048686636467354 6.11
1723.7617 0.00150178589134469 6.11
1724.1171 0.00614342979797199 6.11
1724.4723 0.00475181764186269 6.11
1724.8276 0.00498160022874191 6.11
1725.1829 0.00437800219644207 6.11
1725.5381 0.00516111482615843 6.11
1725.8934 0.00395497158107118 6.11
1726.2487 0.00505408859322869 6.11
1726.604 0.00427570162345752 6.11
1726.9592 0.00661360137487897 6.11
1727.3146 0.00583613024756847 6.11
1727.6698 0.0040964507308637 6.11
1728.025 0.00279036903610977 6.11
1728.3804 0.00357863737347027 6.11
1728.7356 0.00372500508208176 6.11
1729.0909 0.00424183737920044 6.11
1729.4462 0.00434386193992042 6.11
1729.8015 0.00472466031516436 6.11
1730.1567 0.00574378449925667 6.11
1730.512 0.00465467418288402 6.11
1730.8673 0.00509916071467502 6.11
1731.2225 0.00428161084742348 6.11
1731.5779 0.00313587869868697 6.11
1731.9331 0.00378370003895102 6.11
1732.2885 0.00379941529358832 6.11
1732.6437 0.00447696569498684 6.11
1732.9989 0.00451156276822903 6.11
1733.3542 0.00575493612844236 6.11
1733.7095 0.00433505436059249 6.11
1734.0648 0.00399590179285835 6.11
1734.42 0.00297165801400331 6.11
1734.7754 0.00462125965492291 6.11
1735.1306 0.00209583196261333 6.11
1735.4858 0.00331931076617852 6.11
1735.8412 0.00158899619768817 6.11
1736.1964 0.00154091303281223 6.11
1736.5518 0.000815659361652037 6.11
1736.907 0.00330952677443092 6.11
1737.2623 0.00319513487987302 6.11
1737.6176 0.0031367716310573 6.11
1737.9728 0.00231402333684881 6.11
1738.3281 0.00341897892511142 6.11
1738.6833 0.00363879743609516 6.11
1739.0387 0.00328609274596805 6.11
1739.3939 0.00417069649306253 6.11
1739.7493 0.00270864006399463 6.11
1740.1045 0.00259675289191373 6.11
1740.4597 0.00167164311512803 6.11
1740.8151 0.00193661848655732 6.11
1741.1703 0.00233310776557083 6.11
1741.5256 0.00243360547403031 6.11
1741.8809 0.00319814875670779 6.11
1742.2362 0.0026139096663957 6.11
1742.5914 0.00253718316898687 6.11
1742.9467 0.00275634611222544 6.11
1743.302 0.00301406950136594 6.11
1743.6572 0.00299691994741364 6.11
1744.0126 0.00107220054864606 6.11
1744.3678 0.000725264273808669 6.11
1744.7231 0.00378827272706576 6.11
1745.0784 0.00404319045091433 6.11
1745.4336 0.00334806205323451 6.11
1745.7889 0.00288792426703364 6.11
1746.1442 0.00276691848812164 6.11
1746.4995 0.0039267917440225 6.11
1746.8547 0.00304820937376648 6.11
1747.2101 0 6.11
1747.5653 0.0040803964238125 6.11
1747.9205 0.00480428738269954 6.11
1748.2759 0.00290116426594325 6.11
1748.6311 0.00285409434602078 6.11
1748.9865 0.00378557987721299 6.11
1749.3417 0.00355065365971422 6.11
1749.697 0.00322590486056129 6.11
1750.0522 0.00396685854198585 6.11
1750.4075 0.00231959427862446 6.11
1750.7628 0.00087405126016603 6.11
1751.118 0.00129501205709252 6.11
1751.4734 0.00208522365203728 6.11
1751.8286 0.00419161101062711 6.11
1752.184 0.00194324253648065 6.11
1752.5392 0.00207456480654313 6.11
1752.8944 0.00284559658634079 6.11
1753.2498 0.00282288262954972 6.11
1753.605 0.0026207421482361 6.11
1753.9603 0.00346006818596753 6.11
1754.3156 0.00376040052309289 6.11
1754.6709 0.00328727970699899 6.11
1755.0261 0.00353162914648951 6.11
1755.3813 0.00299068787194743 6.11
1755.7367 0.00294007172978115 6.11
1756.0919 0.00326254164431611 6.11
1756.4473 0.0036555414354791 6.11
1756.8025 0.00243404735323338 6.11
1757.1578 0.00169836735892681 6.11
1757.5131 0.00413107512535669 6.11
1757.8683 0.00274817434189162 6.11
1758.2236 0.004740665946222 6.11
1758.5789 0.00255179243086275 6.11
1758.9342 0.00285508638608873 6.11
1759.2894 0 6.11
1759.6448 0.00268288279555349 6.11
1760 0 6.11
