0.0019196879	0
0.0057590637	0
0.0095984399	0
0.013437815	0
0.017277192	0
0.021116567	0
0.024955943	0
0.02879532	0
0.032634693	0
0.03647407	0
0.040313447	0
0.044152823	0
0.047992197	0
0.051831573	0
0.055670947	0
0.059510326	0
0.0633497	0
0.06718908	0
0.071028453	0
0.074867827	0
0.078707206	0
0.08254658	0
0.086385953	0
0.090225333	0
0.094064707	0
0.097904086	0
0.10174346	0
0.10558283	0
0.10942221	0
0.11326159	0
0.11710097	0
0.12094034	0
0.12477971	0
0.12861909	0
0.13245846	0
0.13629785	0
0.14013722	0
0.14397659	0
0.14781597	0
0.15165534	0
0.15549473	0
0.1593341	0
0.16317347	0
0.16701285	0
0.17085222	0
0.17469161	0
0.17853098	0
0.18237035	0
0.18620973	0
0.1900491	0
0.19388847	0
0.19772786	0
0.20156722	0
0.20540662	0
0.20924599	0
0.21308537	0
0.21692474	0
0.22076411	0
0.22460349	0
0.22844286	0
0.23228223	0
0.23612161	0
0.23996098	0
0.24380035	0
0.24763975	0
0.25147913	0
0.2553185	0
0.25915787	0
0.26299725	0
0.26683662	0
0.27067599	0
0.27451537	0
0.27835474	0
0.28219411	0
0.28603349	0
0.28987288	0
0.29371226	0
0.29755163	0
0.30139101	0
0.30523038	0
0.30906975	0
0.31290913	0
0.3167485	0
0.32058787	0
0.32442725	0
0.32826664	0
0.33210602	0
0.33594539	0
0.33978477	0
0.34362414	0
0.34746351	0
0.35130289	0
0.35514226	0
0.35898163	0
0.36282101	0
0.36666038	0
0.37049978	0
0.37433915	0
0.37817852	0
0.3820179	0
0.38585727	0
0.38969665	0
0.39353602	0
0.39737539	0
0.40121479	0
0.40505414	0
0.40889354	0
0.41273289	0
0.41657228	0
0.42041163	0
0.42425103	0
0.42809038	93.9034452
0.43192978	94.6321812266667
0.43576918	93.4677470666667
0.43960853	98.6389516
0.44344792	97.6516122666667
0.44728727	98.5242504
0.45112667	95.5670450666667
0.45496602	93.618922
0.45880542	91.3765484
0.46264477	107.966636866667
0.46648417	133.739458266667
0.47032351	147.652217333333
0.47416291	171.205801333333
0.47800231	167.872489333333
0.48184166	204.476264666667
0.48568106	213.399568
0.48952041	257.830755333333
0.4933598	267.702825333333
0.49719915	283.355170666667
0.50103855	309.900280666667
0.5048779	284.011664666667
0.5087173	329.297773333333
0.5125567	313.049354
0.51639605	334.80634
0.52023544	363.148934666667
0.52407479	362.798763333333
0.52791419	397.943063333333
0.53175354	399.123362
0.53559294	432.291643333333
0.53943229	431.031460666667
0.54327168	463.162546
0.54711103	491.69692
0.55095043	504.530818666667
0.55478983	543.966940666667
0.55862918	551.791072666667
0.56246858	574.450358666667
0.56630793	589.600736666667
0.57014732	596.256909333333
0.57398667	604.045302
0.57782607	602.846758666667
0.58166542	604.437364666667
0.58550482	601.361107333333
0.58934417	599.302396
0.59318357	596.125483333333
0.59702296	589.662859333333
0.60086231	586.498438
0.60470171	585.065126666667
0.60854106	588.335066666667
0.61238046	586.855583333333
0.61621981	582.239676666667
0.6200592	583.53286
0.62389855	581.235698
0.62773795	580.830473333333
0.6315773	579.26428
0.6354167	579.561201333333
0.6392561	577.750585333333
0.64309545	583.112972
0.64693484	586.237778
0.65077419	589.076362666667
0.65461359	592.215970666667
0.65845294	594.104751333333
0.66229234	599.35717
0.66613169	597.867861333333
0.66997108	603.126020666667
0.67381043	602.983203333333
0.67764983	603.692249333333
0.68148923	606.588028666667
0.68532858	606.30982
0.68916798	610.240874
0.69300733	609.762771333333
0.69684672	611.943278
0.70068607	612.070629333333
0.70452547	612.227038666667
0.70836482	616.85031
0.71220422	619.111535333333
0.71604357	622.479776
0.71988297	620.29758
0.72372236	620.509373333333
0.72756171	622.609814
0.73140111	622.508748666667
0.73524046	629.160334666667
0.73907986	628.874426
0.74291921	628.529003333333
0.7467586	631.220100666667
0.75059795	633.702401333333
0.75443735	637.920006666667
0.75827675	637.111486666667
0.7621161	642.29718
0.7659555	639.251619333333
0.76979485	642.301143333333
0.77363424	641.555320666667
0.77747359	643.942142
0.78131299	641.634789333333
0.78515234	643.783280666667
0.78899174	648.938866666667
0.79283109	645.378751333333
0.79667048	653.790538666667
0.80050983	653.452454666667
0.80434923	657.366819333333
0.80818863	660.526535333333
0.81202803	661.364828
0.81586733	666.123242666667
0.81970673	656.232154
0.82354612	659.92105
0.82738552	654.615706
0.83122482	657.809875333333
0.83506422	665.468647333333
0.83890362	666.893001333333
0.84274302	675.317879333333
0.84658241	678.570052
0.85042171	688.993297333333
0.85426111	692.910152666667
0.85810051	700.512935333333
0.86193991	709.741968
0.86577921	707.958097333333
0.86961861	713.136934666667
0.873458	706.320630666667
0.8772974	705.842265333333
0.8811368	708.549242666667
0.8849761	703.04242
0.8888155	707.313078666667
0.8926549	703.649674666667
0.89649429	701.672359333333
0.9003336	703.516528
0.90417299	703.19261
0.90801239	704.840487333333
0.91185179	706.22417
0.91569109	710.743623333333
0.91953049	708.076146666667
0.92336988	707.915793333333
0.92720928	712.36023
0.93104868	712.49097
0.93488798	711.6845
0.93872738	715.554870666667
0.94256678	716.214550666666
0.94640617	713.652440666667
0.95024548	718.218306666667
0.95408487	717.777519333333
0.95792427	717.030953333333
0.96176367	718.648721333333
0.96560307	720.752860666667
0.96944237	719.223812
0.97328176	716.472060666667
0.97712116	721.095540666667
0.98096056	721.727243333333
0.98479986	722.681674
0.98863926	726.936446666667
0.99247866	728.710206
0.99631805	730.463822666667
1.0001574	732.503666
1.0039968	737.017862666667
1.0078362	735.082831333333
1.0116755	732.834411333333
1.0155149	733.644348
1.0193542	735.381591333333
1.0231936	736.79865
1.027033	738.951522
1.0308724	741.217662666667
1.0347117	738.938566
1.0385511	738.832499333333
1.0423905	741.690125333333
1.0462299	743.058407333333
1.0500693	743.352908666667
1.0539086	747.500963333333
1.057748	748.078019333333
1.0615874	743.111437333333
1.0654268	745.509846666667
1.0692661	746.378735333333
1.0731055	745.657759333333
1.0769449	748.027632
1.0807843	747.952807333333
1.0846236	747.175500666667
1.088463	746.731678
1.0923024	749.435957333333
1.0961418	749.143770666666
1.0999812	749.683546
1.1038205	752.416259333333
1.1076599	753.720687333333
1.1114993	757.280392
1.1153387	760.986531333333
1.119178	764.711002666667
1.1230174	765.414232666667
1.1268568	766.605793333333
1.1306962	770.206938
1.1345356	769.454183333333
1.1383749	772.955146
1.1422143	774.925114666667
1.1460537	779.476802666667
1.1498931	782.911788666667
1.1537324	783.222284666667
1.1575718	785.659281333333
1.1614112	784.810937333333
1.1652506	785.067842666667
1.16909	786.129903333333
1.1729293	787.750239333333
1.1767687	786.548242
1.1806081	790.502998
1.1844475	795.383003333333
1.1882868	788.91232
1.1921262	793.202726666667
1.1959656	788.177694666667
1.199805	784.569651333333
1.2036443	784.087724666667
1.2074837	783.940580666667
1.2113231	786.498792666667
1.2151625	785.560607333333
1.2190019	791.996684
1.2228412	790.6071
1.2266806	793.051712
1.23052	795.725129333333
1.2343594	797.619872
1.2381987	799.688447333333
1.2420381	799.414234
1.2458775	803.173018666667
1.2497169	802.123119333333
1.2535563	804.601546
1.2573956	808.68907
1.261235	809.661928666667
1.2650743	808.547570666667
1.2689137	807.52312
1.272753	809.982624
1.2765924	807.080814
1.2804318	813.318208666667
1.2842712	815.356123333333
1.2881105	816.811166
1.2919499	819.627571333333
1.2957893	818.920312666667
1.2996287	823.158045333333
1.3034681	818.9943
1.3073074	823.645938666667
1.3111468	827.382869333333
1.3149862	823.768614666667
1.3188256	829.053837333333
1.3226649	828.056302
1.3265043	828.094738
1.3303437	828.879208
1.3341831	830.669722666667
1.3380225	832.512174
1.3418618	832.358844666667
1.3457012	838.927006
1.3495406	840.174386
1.35338	840.123734666667
1.3572193	842.980921333333
1.3610587	846.607463333333
1.3648981	846.90255
1.3687375	851.064188666667
1.3725769	855.299713333333
1.3764162	853.824238666667
1.3802556	857.438509333333
1.384095	859.700866
1.3879344	862.829464
1.3917737	862.632784
1.3956131	863.924056666667
1.3994525	868.004100666667
1.4032919	866.370046
1.4071312	871.828918
1.4109706	875.089086
1.41481	874.984891333334
1.4186494	878.654847333333
1.4224888	881.363272
1.4263281	886.011476
1.4301675	885.602009333333
1.4340069	890.094414666667
1.4378463	892.356375333333
1.4416856	892.136446
1.445525	895.395324666667
1.4493644	898.854195333333
1.4532038	900.575096666667
1.4570432	900.019976666667
1.4608825	904.93557
1.4647219	905.653018
1.4685613	908.317135333333
1.4724007	912.697461333333
1.47624	915.193427333333
1.4800794	913.575805333333
1.4839188	914.833889333333
1.4877582	916.048042
1.4915975	915.269852666667
1.4954369	918.582238666667
1.4992763	921.87376
1.5031157	925.247287333333
1.5069551	926.965921333334
1.5107944	930.934787333333
1.5146338	939.86908
1.5184731	939.689212
1.5223125	946.811572
1.5261518	951.742624666667
1.5299912	949.362594666667
1.5338306	955.038512666667
1.53767	957.506304
1.5415094	959.157064
1.5453487	960.581440666667
1.5491881	964.786592
1.5530275	968.687820666667
1.5568669	968.235874
1.5607062	974.060984666667
1.5645456	976.325015333333
1.568385	977.669841333333
1.5722244	981.141732
1.5760637	982.582048666667
1.5799031	982.002068
1.5837425	983.750159333333
1.5875819	990.693124666667
1.5914213	995.501428666667
1.5952606	997.661809333333
1.5991	1003.22782066667
1.6029394	1006.06181533333
1.6067787	1006.74405933333
1.6106182	1010.634798
1.6144575	1018.012574
1.618297	1018.17582066667
1.6221363	1025.84588466667
1.6259756	1031.11378733333
1.6298151	1033.00566066667
1.6336544	1037.89778666667
1.6374937	1041.83012
1.6413332	1048.5835
1.6451725	1048.15464
1.649012	1057.19163333333
1.6528513	1061.72576
1.6566906	1061.99644
1.6605301	1072.4621
1.6643694	1074.47353333333
1.6682089	1081.7495
1.6720482	1087.61950666667
1.6758875	1095.72069333333
1.679727	1102.95808
1.6835663	1109.43951333333
1.6874056	1120.20266
1.6912451	1124.81536666667
1.6950844	1132.05386
1.6989239	1136.18017333333
1.7027632	1142.83324
1.7066025	1147.94705333333
1.710442	1157.48482
1.7142813	1168.43084666667
1.7181208	1170.66456
1.7219601	1184.51395333333
1.7257994	1189.42896666667
1.7296389	1199.77896
1.7334782	1207.82829333333
1.7373175	1212.76160666667
1.741157	1225.25881333333
1.7449963	1227.98832
1.7488358	1244.4495
1.7526751	1250.33148
1.7565144	1262.49268666667
1.7603539	1271.83196
1.7641932	1278.62306666667
1.7680326	1293.32589333333
1.7718719	1297.14970666667
1.7757113	1312.85971333333
1.7795507	1315.95788
1.78339	1326.45888666667
1.7872295	1334.28905333333
1.7910688	1342.26292666667
1.7949081	1354.44306
1.7987476	1360.88586
1.8025869	1379.13355333333
1.8064262	1385.19450666667
1.8102657	1398.84322
1.814105	1408.4734
1.8179445	1417.60984666667
1.8217838	1426.51442
1.8256231	1431.6151
1.8294626	1447.57685333333
1.8333019	1451.32248666667
1.8371414	1468.60977333333
1.8409807	1481.83618
1.84482	1488.19204
1.8486595	1501.60220666667
1.8524988	1509.66263333333
1.8563381	1522.86482666667
1.8601776	1528.00755333333
1.8640169	1544.39932666667
1.8678564	1551.59208
1.8716957	1552.08318666667
1.875535	1561.4977
1.8793745	1562.50706
1.8832138	1571.07459333333
1.8870533	1577.22376
1.8908926	1588.51103333333
1.8947319	1593.22254666667
1.8985714	1597.82050666667
1.9024107	1611.85201333333
1.9062502	1610.31700666667
1.9100895	1615.26154
1.9139288	1616.60353333333
1.9177683	1617.73794
1.9216076	1619.12270666667
1.9254469	1623.52698666667
1.9292864	1629.06264666667
1.9331257	1625.65716
1.9369652	1629.18124666667
1.9408045	1625.45813333333
1.9446438	1619.72684
1.9484833	1619.59267333333
1.9523226	1614.18322
1.9561621	1613.56456
1.9600014	1607.14321333333
1.9638407	1603.59863333333
1.9676802	1597.87010666667
1.9715195	1590.80090666667
1.9753588	1586.55206
1.9791983	1577.74856666667
1.9830376	1571.28916666667
1.9868771	1563.73763333333
1.9907164	1552.79673333333
1.9945557	1546.34348666667
1.9983952	1536.16446666667
2.0022345	1528.00534
2.006074	1519.05748
2.0099133	1511.68080666667
2.0137526	1501.41036
2.017592	1490.05514
2.0214314	1481.30654
2.0252707	1464.92914
2.0291101	1452.46061333333
2.0329494	1442.21588666667
2.0367889	1429.45626666667
2.0406282	1416.78230666667
2.0444675	1409.26930666667
2.048307	1392.77920666667
2.0521463	1377.72742
2.0559858	1367.89827333333
2.0598251	1354.86166666667
2.0636644	1340.97182
2.0675039	1330.24441333333
2.0713432	1317.14836666667
2.0751827	1301.29786
2.079022	1291.09708
2.0828613	1283.16868666667
2.0867008	1270.77048
2.0905401	1262.33845333333
2.0943794	1252.1374
2.0982189	1236.3622
2.1020582	1226.45102
2.1058977	1214.93560666667
2.109737	1204.46749333333
2.1135763	1194.73692666667
2.1174158	1187.59856666667
2.1212551	1178.4636
2.1250946	1164.86002
2.1289339	1155.46157333333
2.1327732	1144.06509333333
2.1366127	1134.17644
2.140452	1127.46275333333
2.1442913	1121.79555333333
2.1481308	1112.22998
2.1519701	1102.14901333333
2.1558096	1095.35106666667
2.1596489	1085.21194
2.1634882	1079.15013333333
2.1673277	1074.37198
2.171167	1067.5245
2.1750065	1061.03297333333
2.1788458	1054.91650666667
2.1826851	1049.51508666667
2.1865246	1043.58315333333
2.1903639	1039.46738666667
2.1942034	1037.59423333333
2.1980427	1031.90502666667
2.201882	1025.56567133333
2.2057215	1021.627936
2.2095608	1015.859186
2.2134001	1011.49688933333
2.2172396	1010.44884266667
2.2210789	1007.89549
2.2249184	1001.535262
2.2287577	998.755133333333
2.232597	994.057376666666
2.2364365	989.080512
2.2402758	987.958210666667
2.2441153	985.368047333333
2.2479546	981.875612
2.2517939	978.682583333333
2.2556334	976.217908
2.2594727	974.087062
2.263312	970.649344
2.2671515	969.589247333333
2.2709908	964.704522666667
2.2748302	960.697176
2.2786695	960.53464
2.2825089	960.445774666667
2.2863483	958.108857333333
2.2901876	956.285531333333
2.2940271	954.115392
2.2978664	949.987288
2.3017057	948.796764
2.3055452	948.03968
2.3093845	945.619259333333
2.3132238	945.401234666667
2.3170633	943.933835333333
2.3209026	942.985262
2.3247421	941.14856
2.3285814	940.017464666667
2.3324207	938.111662666666
2.3362602	933.933882
2.3400995	930.627783333333
2.343939	929.413440666667
2.3477783	928.141459333333
2.3516176	927.206156666667
2.3554571	926.611014
2.3592964	924.342496
2.3631359	923.210762
2.3669752	921.932845333333
2.3708145	922.832242666667
2.374654	920.973144
2.3784933	921.341203333333
2.3823326	923.566684
2.3861721	919.711906666667
2.3900114	919.553564
2.3938509	919.176252666667
2.3976902	916.546407333333
2.4015295	916.325676
2.405369	914.470426666667
2.4092083	910.948633333333
2.4130478	909.73792
2.4168871	909.654716
2.4207264	909.913278666667
2.4245659	909.439478
2.4284052	910.651168
2.4322445	911.144274
2.436084	912.380907333333
2.4399233	912.768406666667
2.4437628	911.819881333333
2.4476021	908.155779333333
2.4514414	905.692822
2.4552809	904.655603333333
2.4591202	903.818990666667
2.4629597	900.728582
2.466799	900.301717333333
2.4706383	898.924678
2.4744778	899.002538666667
2.4783171	901.507885333333
2.4821566	901.995108666667
2.4859959	899.214718
2.4898352	899.378133333333
2.4936747	898.716003333333
2.497514	896.5655
2.5013533	896.205228666667
2.5051928	895.152486666667
2.5090321	893.614692666667
2.5128716	890.903104
2.5167109	888.950296
2.5205502	887.943588666667
2.5243896	887.39655
2.528229	887.660844666667
2.5320684	886.954248
2.5359077	887.208833333333
2.539747	888.074967333334
2.5435865	889.697261333333
2.5474258	889.187396
2.5512651	886.943521333333
2.5551046	886.587040666667
2.5589439	886.505415333333
2.5627834	884.081701333333
2.5666227	884.607784
2.570462	883.890332666666
2.5743015	881.858557333333
2.5781408	882.912736
2.5819803	884.808175333333
2.5858196	883.097672666667
2.5896589	881.907755333333
2.5934984	879.861080666667
2.5973377	876.920353333333
2.6011772	876.460425333333
2.6050165	877.614626666667
2.6088558	878.118384
2.6126953	879.04921
2.6165346	880.024684
2.6203739	881.562466666667
2.6242134	878.769458
2.6280527	878.661055333333
2.6318922	879.031062
2.6357315	875.034876
2.6395708	874.437516
2.6434103	872.214377333333
2.6472496	869.819184666667
2.6510891	870.598694
2.6549284	870.919393333333
2.6587677	871.487113333333
2.6626072	869.328312666667
2.6664465	869.028274666667
2.6702858	868.665339333333
2.6741253	866.034366666667
2.6779646	868.788155333333
2.6818041	868.489338666667
2.6856434	866.926340666667
2.6894827	866.150952
2.6933222	865.635241333333
2.6971615	863.267931333333
2.701001	863.410534666667
2.7048403	861.473661333333
2.7086796	861.693148
2.7125191	864.054764
2.7163584	864.707996
2.7201977	867.885982666667
2.7240372	866.928268
2.7278765	868.126806
2.731716	871.842188
2.7355553	871.29978
2.7393946	873.105180666667
2.7432341	873.875241333333
2.7470734	872.101012
2.7509129	874.470715333333
2.7547522	874.698196666667
2.7585915	875.395646
2.762431	875.76418
2.7662703	877.454025333334
2.7701097	878.069502
2.7739491	882.201124
2.7777884	885.041418666667
2.7816278	888.121432
2.7854671	887.085431333333
2.7893064	888.290556666667
2.7931459	891.568815333333
2.7969852	891.672750666667
2.8008247	894.364244666667
2.804664	895.560934
2.8085033	896.396544666667
2.8123428	898.654146
2.8161821	902.164766
2.8200216	904.993855333333
2.8238609	908.824007333333
2.8277002	912.389658666667
2.8315397	915.369062666667
2.835379	917.381686
2.8392183	920.814444666667
2.8430578	924.738617333333
2.8468971	928.713090666667
2.8507366	934.912162
2.8545759	941.132402
2.8584152	943.06191
2.8622547	949.542736666667
2.866094	955.247098666667
2.8699335	959.342301333334
2.8737728	967.310209333333
2.8776121	973.324678
2.8814516	979.558232
2.8852909	986.122348666667
2.8891304	994.197007333333
2.8929697	1000.67355466667
2.896809	1005.78799333333
2.9006485	1016.26456066667
2.9044878	1024.09674
2.9083271	1033.86292
2.9121666	1046.18498666667
2.9160059	1056.58530666667
2.9198454	1068.46260666667
2.9236847	1082.4563
2.927524	1096.97059333333
2.9313635	1109.65275333333
2.9352028	1125.10594
2.9390423	1141.23612666667
2.9428816	1154.98649333333
2.9467209	1171.17998
2.9505604	1189.95016666667
2.9543997	1206.09894
2.958239	1220.78702
2.9620785	1237.85519333333
2.9659178	1251.29379333333
2.9697573	1263.95615333333
2.9735966	1280.08571333333
2.9774359	1293.15562666667
2.9812754	1303.09969333333
2.9851147	1315.40188666667
2.9889542	1327.00796
2.9927935	1335.11194
2.9966328	1341.68536666667
3.0004723	1350.36125333333
3.0043116	1356.41158
3.0081509	1358.1558
3.0119904	1362.73642
3.0158297	1361.24442666667
3.0196692	1358.07468666667
3.0235085	1356.90554
3.0273478	1352.58037333333
3.0311872	1346.89018666667
3.0350266	1342.85446666667
3.038866	1337.45336
3.0427053	1330.72246
3.0465446	1323.45464
3.0503841	1317.00914666667
3.0542234	1309.07347333333
3.0580629	1300.71771333333
3.0619022	1292.42100666667
3.0657415	1284.98039333333
3.069581	1274.79393333333
3.0734203	1264.5568
3.0772596	1255.53724666667
3.0810991	1244.43950666667
3.0849384	1234.67511333333
3.0887779	1226.14014
3.0926172	1215.01246
3.0964565	1204.77230666667
3.100296	1198.71211333333
3.1041353	1191.91280666667
3.1079748	1183.7266
3.1118141	1177.49495333333
3.1156534	1170.98772666667
3.1194929	1162.71106666667
3.1233322	1157.19334666667
3.1271715	1150.24892
3.131011	1143.46671333333
3.1348503	1136.9746
3.1386898	1132.33168666667
3.1425291	1126.68478666667
3.1463684	1120.29868666667
3.1502079	1118.3159
3.1540472	1113.64966666667
3.1578867	1105.23742666667
3.161726	1098.90917333333
3.1655653	1093.24705333333
3.1694048	1084.56295333333
3.1732441	1078.29160666667
3.1770836	1075.66419333333
3.1809229	1070.60952
3.1847622	1067.49973333333
3.1886017	1064.60257333333
3.192441	1058.98616
3.1962803	1056.53663333333
3.2001198	1053.47232666667
3.2039593	1049.44611333333
3.2077984	1044.18908
3.2116379	1041.49187333333
3.2154774	1039.48133333333
3.2193165	1036.90182666667
3.223156	1034.57785333333
3.2269955	1032.74773333333
3.2308346	1028.48854
3.2346741	1025.11888
3.2385136	1022.52154533333
3.2423531	1017.85211133333
3.2461922	1015.266348
3.2500317	1014.265796
3.2538712	1011.80455266667
3.2577103	1010.753006
3.2615498	1008.76379266667
3.2653893	1007.79212933333
3.2692284	1006.77267466667
3.2730679	1004.45316733333
3.2769073	1003.382022
3.2807465	998.484898666667
3.284586	994.971158
3.2884254	991.123452666667
3.2922649	987.3425
3.296104	984.970256666667
3.2999435	986.261783333334
3.303783	983.590590666667
3.3076221	980.994192666667
3.3114616	977.155834
3.3153011	975.841531333333
3.3191402	974.913969333333
3.3229797	973.362408666667
3.3268192	971.509144
3.3306583	969.058707333333
3.3344978	967.308836
3.3383373	965.909144
3.3421768	961.325838
3.3460159	959.836409333333
3.3498554	959.260074
3.3536949	957.157450666667
3.357534	955.603674
3.3613735	954.743852
3.365213	951.364082666666
3.3690521	952.55559
3.3728916	952.228446666667
3.3767311	951.21711
3.3805706	950.746286666667
3.3844097	948.173058666667
3.3882492	945.216442666667
3.3920887	940.209326666667
3.3959278	937.642948
3.3997673	936.372672666667
3.4036068	936.004436
3.4074459	935.821125333333
3.4112854	934.472685333333
3.4151249	930.10545
3.418964	929.20958
3.4228035	925.789790666667
3.426643	923.714974
3.4304825	923.151762
3.4343216	923.114542
3.4381611	921.285017333333
3.4420006	919.329016666667
3.4458397	917.374854
3.4496792	916.252356
3.4535187	915.295116
3.4573578	916.947896666667
3.4611973	917.284480666666
3.4650368	917.494136666666
3.4688759	918.651102
3.4727154	918.580831333333
3.4765549	917.189233333333
3.4803944	916.792453333333
3.4842335	915.016381333333
3.488073	913.768306666666
3.4919125	916.753219333333
3.4957516	917.132356666667
3.4995911	916.799898666667
3.5034306	916.525305333333
3.5072697	912.844922
3.5111092	912.521854666667
3.5149487	912.450342
3.5187878	913.212676666667
3.5226273	915.681254
3.5264668	912.997400666667
3.5303062	913.107782666667
3.5341454	911.132478
3.5379848	905.688296666667
3.5418243	907.045466666667
3.5456635	905.246184
3.5495029	905.442248
3.5533424	907.511128666667
3.5571815	909.178553333333
3.561021	909.738664666667
3.5648605	912.334391333333
3.5686996	913.482296666667
3.5725391	911.423027333333
3.5763786	909.464571333333
3.5802181	909.010826666666
3.5840572	906.750553333333
3.5878967	906.583358666667
3.5917362	906.192033333333
3.5955753	905.731933333333
3.5994148	903.962410666667
3.6032543	904.160458
3.6070934	902.702954666667
3.6109329	901.007097333333
3.6147724	902.045394
3.6186115	902.489253333333
3.622451	900.629536666667
3.6262905	898.568908666667
3.63013	897.352310666667
3.6339691	897.768811333333
3.6378086	899.972708666666
3.6416481	902.735804
3.6454872	901.985017333333
3.6493267	899.025846666667
3.6531662	897.574985333333
3.6570053	896.261372666666
3.6608448	895.730236666667
3.6646843	897.3333
3.6685238	897.526663333334
3.6723629	894.481012666667
3.6762024	896.490910666667
3.6800419	896.5743
3.683881	896.157128
3.6877205	896.845104666667
3.69156	896.830936666667
3.6953991	897.077583333333
3.6992386	899.670194666667
3.7030781	900.323734666667
3.7069172	899.64323
3.7107567	902.011457333334
3.7145962	902.898823333333
3.7184357	904.815364666667
3.7222748	906.094840666667
3.7261143	904.682658666667
3.7299538	901.123446
3.7337929	901.430146
3.7376324	900.908383333334
3.7414719	902.810375333333
3.745311	905.197953333333
3.7491505	904.44773
3.75299	903.550502666667
3.7568291	901.025732
3.7606686	900.329767333333
3.7645081	900.88446
3.7683475	901.635385333333
3.7721867	901.679493333333
3.7760262	900.246236
3.7798656	899.325230666667
3.7837048	901.503372666667
3.7875443	902.245744
3.7913837	900.504161333333
3.7952229	898.075728666667
3.7990623	897.959973333333
3.8029018	898.713933333333
3.806741	899.942166
3.8105804	901.638688666667
3.8144199	900.164280666667
3.8182594	900.996896
3.8220985	903.447786666667
3.825938	904.172497333333
3.8297775	903.598314666667
3.8336166	902.982295333333
3.8374561	900.316211333333
3.8412956	898.56344
3.8451347	899.590930666667
3.8489742	898.660083333334
3.8528137	901.86687
3.8566528	903.324446
3.8604923	903.218534666667
3.8643318	899.888308666667
3.8681713	895.637316666667
3.8720104	892.513814666667
3.8758499	893.173998666667
3.8796894	894.732886666667
3.8835285	896.318269333333
3.887368	896.708232666667
3.8912075	897.066117333333
3.8950466	894.853776
3.8988861	892.591654
3.9027256	888.24515
3.9065647	886.407955333333
3.9104042	886.798486666667
3.9142437	885.718339333333
3.9180832	886.204670666667
3.9219223	887.219030666667
3.9257618	885.502714
3.9296013	884.832942666667
3.9334404	881.730018
3.9372799	877.50002
3.9411194	877.141528666667
3.9449585	876.374934666667
3.948798	876.16449
3.9526375	876.381995333333
3.956477	877.761268666667
3.9603161	877.699153333333
3.9641556	878.081807333333
3.9679951	878.504837333334
3.9718342	878.788868
3.9756737	878.858858666667
3.9795132	876.913966
3.9833523	876.384790666667
3.9871918	874.272375333333
3.9910313	874.064412666667
3.9948704	872.805314
3.9987099	870.206766666667
4.0025494	870.672323333333
4.0063889	871.475270666667
4.010228	870.740106666667
4.0140675	869.404391333333
4.017907	869.107228
4.0217461	868.978836666667
4.0255856	868.884866666667
4.029425	868.837495333333
4.0332642	865.939656
4.0371037	864.380577333333
4.0409431	863.454586
4.0447823	862.600139333333
4.0486217	862.642978
4.0524612	860.182116
4.0563007	858.583837333333
4.0601398	858.413558666667
4.0639793	859.580540666667
4.0678188	860.898397333333
4.0716579	858.747305333333
4.0754974	857.309982666667
4.0793369	856.272969333333
4.083176	855.029069333333
4.0870155	856.396549333333
4.090855	855.55088
4.0946941	855.110140666667
4.0985336	854.335968666667
4.1023731	855.116976
4.1062126	853.634700666667
4.1100517	851.510490666667
4.1138912	851.221097333333
4.1177307	848.801359333333
4.1215698	848.515433333333
4.1254093	847.622868
4.1292488	845.210269333333
4.1330879	845.28293
4.1369274	846.272712666667
4.1407669	847.609960666667
4.144606	846.880578666667
4.1484455	845.915686666667
4.152285	845.55579
4.1561245	841.560229333333
4.1599636	842.288510666667
4.1638031	841.282805333333
4.1676426	839.874748666667
4.1714817	840.458389333333
4.1753212	837.408854666667
4.1791607	834.038123333333
4.1829998	833.117573333333
4.1868393	833.725553333333
4.1906788	830.30539
4.1945179	827.998940666667
4.1983574	827.167823333333
4.2021969	826.151444
4.2060364	829.253584
4.2098755	829.404894666667
4.213715	828.177598666667
4.2175545	829.632173333333
4.2213936	828.604503333334
4.2252331	828.890628666667
4.2290726	829.028211333333
4.2329117	828.643160666667
4.2367512	828.227050666667
4.2405907	826.712903333333
4.2444302	825.160314666667
4.2482693	823.969688666667
4.2521088	823.978268
4.2559483	823.804710666667
4.2597874	824.355448666667
4.2636269	822.624820666667
4.2674664	823.000956
4.2713055	823.002709333333
4.275145	823.236899333333
4.2789845	824.596842666667
4.2828236	823.764371333333
4.2866631	822.766207333333
4.2905025	821.665234666667
4.294342	819.089098
4.2981812	818.768022
4.3020206	819.42878
4.3058601	818.338228
4.3096992	820.693152
4.3135387	822.75096
4.3173782	823.031734666667
4.3212173	822.186633333333
4.3250568	818.739716
4.3288963	816.441301333333
4.3327354	816.573311333333
4.3365749	816.711079333333
4.3404144	817.897796
4.3442539	818.236312
4.348093	816.654664
4.3519325	813.696452
4.355772	812.832792
4.3596111	813.714692666666
4.3634506	815.820698666667
4.3672901	817.541052666667
4.3711292	814.210902
4.3749687	812.210379333333
4.3788082	809.900272666667
4.3826473	807.729564666667
4.3864868	807.977107333333
4.3903263	809.453327333333
4.3941658	810.096528666666
4.3980049	813.358995333333
4.4018444	814.487829333333
4.4056839	810.982691333333
4.409523	810.044534666667
4.4133625	810.596212
4.417202	810.413211333333
4.4210411	811.615685333333
4.4248806	811.287372666667
4.4287201	808.553174
4.4325592	805.777881333333
4.4363987	804.845523333333
4.4402382	800.806063333333
4.4440777	799.802378666667
4.4479168	799.000968666667
4.4517563	798.446817333333
4.4555958	801.318752
4.4594349	801.830026
4.4632744	802.603515333333
4.4671139	801.937969333333
4.470953	802.93706
4.4747925	804.717571333333
4.478632	802.923011333333
4.4824711	801.644006
4.4863106	800.531973333333
4.4901501	800.661388666667
4.4939896	801.097399333333
4.4978287	799.558715333333
4.5016682	797.983708
4.5055077	797.905070666666
4.5093468	797.996981333333
4.5131863	797.214502666666
4.5170258	795.145012666667
4.5208649	795.587255333333
4.5247044	796.341080666667
4.5285439	798.288778
4.5323833	803.116772666667
4.5362225	802.904381333333
4.540062	805.723762666667
4.5439014	804.430493333333
4.5477406	801.32354
4.55158	799.908812666667
4.5554195	797.753800666667
4.5592587	799.029497333333
4.5630981	797.485017333333
4.5669376	795.850426666667
4.5707767	793.326143333333
4.5746162	795.579142666667
4.5784557	797.479535333333
4.5822952	798.655232666667
4.5861343	797.926436
4.5899738	794.490604666667
4.5938133	794.599956
4.5976524	794.133066
4.6014919	795.552644
4.6053314	794.222437333333
4.6091705	792.603780666666
4.61301	792.310315333333
4.6168495	793.995088
4.6206886	795.242293333333
4.6245281	794.759213333333
4.6283676	795.782241333333
4.6322071	795.424267333334
4.6360462	795.927674
4.6398857	796.148604666667
4.6437252	796.007711333333
4.6475643	795.416470666667
4.6514038	795.44792
4.6552433	793.193526666667
4.6590824	793.574918666667
4.6629219	793.195028666667
4.6667614	792.575904
4.6706005	791.705378666667
4.67444	789.843858666667
4.6782795	786.292031333333
4.682119	782.918680666667
4.6859581	780.483576666667
4.6897976	777.444209333333
4.6936371	775.782852
4.6974762	776.332287333333
4.7013157	774.75507
4.7051552	775.298041333333
4.7089943	775.137365333333
4.7128338	774.487621333333
4.7166733	774.678934666667
4.7205124	775.763662
4.7243519	774.083120666667
4.7281914	776.031542666667
4.7320309	780.47275
4.73587	779.719519333333
4.7397095	778.489496666667
4.743549	775.381848666667
4.7473881	772.610576
4.7512276	775.007618
4.7550671	776.768692666667
4.7589062	778.338753333333
4.7627457	775.004594
4.7665852	774.331003333333
4.7704243	772.073275333333
4.7742638	772.212120666667
4.7781033	772.665137333333
4.7819427	772.709301333333
4.7857819	769.705086
4.7896214	771.361832
4.7934608	771.082267333333
4.7973	772.011906
4.8011395	772.796512
4.8049789	772.522181333333
4.8088181	770.097644
4.8126575	768.938286
4.816497	769.927271333333
4.8203365	769.271556666667
4.8241756	770.709798666667
4.8280151	769.06781
4.8318546	769.207608
4.8356937	767.930260666667
4.8395332	767.696139333333
4.8433727	766.965684
4.8472118	766.510420666667
4.8510513	769.919511333333
4.8548908	769.131665333333
4.8587299	769.195625333333
4.8625694	769.582324
4.8664089	769.556062666667
4.8702484	769.571371333333
4.8740875	768.508166666667
4.877927	765.977783333333
4.8817665	769.342061333333
4.8856056	772.528014
4.8894451	772.22048
4.8932846	770.558524666667
4.8971237	768.065727333333
4.9009632	767.671202666667
4.9048027	769.052324666667
4.9086418	770.038383333333
4.9124813	770.315592
4.9163208	768.175561333333
4.9201603	767.247599333334
4.9239994	768.602824666667
4.9278389	768.556989333333
4.9316784	770.496147333333
4.9355175	768.882381333333
4.939357	766.995886
4.9431965	768.881698
4.9470356	767.903873333333
4.9508751	766.645589333333
4.9547146	767.849487333333
4.9585537	767.982727333333
4.9623932	768.196048666667
4.9662327	767.952803333333
4.9700722	767.728716666667
4.9739113	770.199462
4.9777508	773.709500666666
4.9815903	775.796337333333
4.9854294	776.630123333333
4.9892689	780.040173333333
4.9931084	780.423424666667
4.9969475	780.853638
5.000787	781.733114
5.0046265	780.299930666667
5.0084656	785.429942666667
5.0123051	789.495626
5.0161446	793.854314
5.0199841	793.942782
5.0238232	795.07024
5.0276627	796.911104666667
5.0315022	800.458984
5.0353413	807.345780666667
5.0391808	810.830521333333
5.0430202	814.580818666667
5.0468594	814.296574
5.0506989	815.116088666667
5.0545383	817.270173333333
5.0583778	820.774423333333
5.0622169	824.725837333333
5.0660564	830.51298
5.0698959	836.677868
5.073735	840.140544
5.0775745	845.210749333333
5.081414	849.030363333333
5.0852531	853.795085333333
5.0890926	858.146310666667
5.0929321	860.713882
5.0967712	865.926270666667
5.1006107	869.996724
5.1044502	874.805295333333
5.1082897	878.200855333333
5.1121288	881.630741333333
5.1159683	887.524812666667
5.1198078	893.080392
5.1236469	900.330996666667
5.1274864	905.382861333333
5.1313259	912.240608666667
5.135165	914.863533333333
5.1390045	917.52954
5.142844	919.326960666667
5.1466831	923.737675333333
5.1505226	930.057934
5.1543621	933.044384666667
5.1582016	934.187888
5.1620407	935.699818
5.1658802	940.709076666667
5.1697197	941.792810666667
5.1735588	943.962617333333
5.1773983	944.715234666667
5.1812378	946.936789333334
5.1850769	947.770548
5.1889164	945.642716666667
5.1927559	942.843168
5.196595	940.912108666667
5.2004345	938.880195333333
5.204274	936.106025333333
5.2081135	933.266902
5.2119526	932.232378
5.2157921	929.319175333334
5.2196316	928.50961
5.2234707	926.397801333333
5.2273102	928.371594666667
5.2311497	927.804284
5.2349888	925.723596
5.2388283	922.961282666667
5.2426678	918.880139333333
5.2465069	917.783055333333
5.2503464	916.564079333333
5.2541859	912.34353
5.2580254	910.658402
5.2618645	907.260968666667
5.265704	903.460814
5.2695435	902.487278
5.2733826	899.17999
5.2772221	896.464259333333
5.2810616	892.806392666667
5.2849007	891.042883333333
5.2887402	888.159314
5.2925797	886.448938
5.2964188	883.113033333333
5.3002583	878.199853333333
5.3040977	875.756904
5.3079372	873.091038666667
5.3117764	871.132674
5.3156158	868.463399333333
5.3194553	866.626982
5.3232944	863.065128666667
5.3271339	860.468486666667
5.3309734	856.229288
5.3348125	851.447583333333
5.338652	848.742318666667
5.3424915	846.357551333333
5.346331	846.094608666667
5.3501701	846.422085333333
5.3540096	845.393324666667
5.3578491	843.603211333333
5.3616882	843.470154666667
5.3655277	841.759289333333
5.3693672	839.553331333333
5.3732063	834.840784
5.3770458	829.877938
5.3808853	827.273930666667
5.3847244	826.872512
5.3885639	828.680940666667
5.3924034	826.476366
5.3962429	825.280896
5.400082	823.53024
5.4039215	820.935548
5.407761	821.757477333333
5.4116001	820.109318
5.4154396	821.039808
5.4192791	817.892692666667
5.4231182	813.128548666667
5.4269577	810.351065333333
5.4307972	809.460657333333
5.4346363	809.350728666667
5.4384758	807.679998
5.4423153	808.106274666667
5.4461548	806.211271333333
5.4499939	801.015409333333
5.4538334	795.16447
5.4576729	790.501183333333
5.461512	790.200476666667
5.4653515	790.519895333333
5.469191	789.918526
5.4730301	790.310909333333
5.4768696	787.910432
5.4807091	788.87465
5.4845482	788.949475333333
5.4883877	791.001208
5.4922272	792.059254
5.4960667	790.433382
5.4999058	790.306900666667
5.5037453	788.6804
5.5075848	787.337488666667
5.5114239	787.26654
5.5152634	785.623169333333
5.5191029	784.888306
5.522942	780.404174
5.5267815	778.915400666667
5.530621	776.463052666666
5.5344601	780.087016
5.5382996	779.59616
5.5421391	778.993396
5.5459785	778.013045333333
5.5498177	778.070366
5.5536572	779.545642666666
5.5574966	778.389005333333
5.5613358	776.174483333333
5.5651752	773.045128
5.5690147	771.119244
5.5728539	771.543486
5.5766933	772.025695333333
5.5805328	772.337063333333
5.5843719	772.949434
5.5882114	770.891748666667
5.5920509	772.385962666667
5.5958904	772.499739333333
5.5997295	772.726578
5.603569	772.707078666667
5.6074085	769.708768666667
5.6112476	769.824988666667
5.6150871	769.325582
5.6189266	769.046011333333
5.6227657	772.184736666667
5.6266052	771.001152666667
5.6304447	767.405433333333
5.6342842	763.729867333333
5.6381233	760.147757333333
5.6419628	758.979948
5.6458023	760.928487333333
5.6496414	763.200780666667
5.6534809	762.741621333333
5.6573204	763.472856666667
5.6611595	764.177792666667
5.664999	761.044248
5.6688385	761.954484
5.6726776	758.770947333334
5.6765171	755.5715
5.6803566	754.452271333333
5.6841961	752.538346666667
5.6880352	751.973258
5.6918747	751.858928
5.6957142	750.791536
5.6995533	748.194823333333
5.7033928	745.007316666667
5.7072323	744.234812
5.7110714	739.669716
5.7149109	738.555339333334
5.7187504	738.098360666667
5.7225895	738.176451333333
5.726429	739.875207333333
5.7302685	741.335970666667
5.734108	741.980602666667
5.7379471	741.073488666667
5.7417866	740.502474
5.7456261	738.239082666667
5.7494652	735.132654
5.7533047	737.664000666666
5.7571442	738.360765333333
5.7609833	741.016727333333
5.7648228	742.931096
5.7686623	740.906364
5.7725014	742.106922
5.7763409	742.298442
5.7801804	741.643066
5.7840199	737.486841333333
5.787859	736.487036
5.7916985	734.676254
5.7955379	737.095730666667
5.7993771	738.227454666667
5.8032166	735.936099333333
5.807056	735.720052
5.8108952	734.511035333333
5.8147346	733.164452666667
5.8185741	731.092029333333
5.8224133	730.010032666667
5.8262527	731.337605333333
5.8300922	734.491027333333
5.8339317	736.452599333333
5.8377708	735.649010666667
5.8416103	734.398438
5.8454498	730.711715333333
5.8492889	730.654196
5.8531284	730.770144
5.8569679	730.198152
5.860807	730.054378666667
5.8646465	731.727537333333
5.868486	733.935148666667
5.8723251	733.825305333333
5.8761646	734.443115333333
5.8800041	732.356078666667
5.8838436	733.407906
5.8876827	733.407394
5.8915222	733.849752
5.8953617	737.287520666667
5.8992008	737.904675333334
5.9030403	736.914122666667
5.9068798	734.434558666667
5.9107189	732.123392666667
5.9145584	730.668851333333
5.9183979	731.928768666667
5.9222374	734.592884666667
5.9260765	734.897940666667
5.929916	733.236768
5.9337555	732.293387333333
5.9375946	730.547603333333
5.9414341	730.568082
5.9452736	729.74014
5.9491127	725.902726666667
5.9529522	724.259334666667
5.9567917	723.681684
5.9606308	723.229562666667
5.9644703	724.320752
5.9683098	722.782808666667
5.9721493	720.120812666667
5.9759884	719.367199333333
5.9798279	720.035506
5.9836674	719.290339333333
5.9875065	720.951317333333
5.991346	721.235706
5.9951855	724.312014
5.9990246	727.963654666667
6.0028641	728.962992
6.0067036	728.122115333333
6.0105427	726.648200666667
6.0143822	724.056282
6.0182217	723.012572666667
6.0220612	722.910739333333
6.0259003	722.175210666667
6.0297398	723.480729333333
6.0335793	725.289222
6.0374184	724.828032666667
6.0412579	724.347631333333
6.0450974	724.51842
6.0489365	724.209952666667
6.052776	727.279419333333
6.0566154	726.444938
6.0604546	722.581266666667
6.0642941	718.627996
6.0681335	715.147934
6.071973	713.486789333333
6.0758121	714.856045333333
6.0796516	715.014396666667
6.0834911	713.220963333333
6.0873302	712.495556
6.0911697	711.825365333333
6.0950092	713.030628
6.0988483	714.362114
6.1026878	714.773738666667
6.1065273	714.973832666667
6.1103664	714.708853333333
6.1142059	714.365531333333
6.1180454	712.860353333333
6.1218849	712.479342
6.125724	709.728846
6.1295635	708.200399333333
6.133403	708.378397333333
6.1372421	708.775442666667
6.1410816	708.183304666667
6.1449211	704.905026
6.1487602	702.909546666667
6.1525997	702.215787333333
6.1564392	702.273319333333
6.1602783	699.898462
6.1641178	698.884384
6.1679573	698.361267333333
6.1717968	696.610380666667
6.1756359	695.963896
6.1794754	693.658578
6.1833149	694.117574
6.187154	694.438154
6.1909935	695.729842666667
6.194833	695.386296
6.1986721	693.708392666667
6.2025116	690.090006
6.2063511	683.407049333333
6.2101906	683.594385333333
6.2140297	683.077795333333
6.2178692	682.392992666667
6.2217087	679.263563333333
6.2255478	678.403190666667
6.2293873	680.886019333333
6.2332268	686.411898
6.2370659	688.636188666667
6.2409054	687.087938666667
6.2447449	684.476436
6.248584	682.671029333333
6.2524235	684.330582666667
6.256263	684.783637333333
6.2601025	685.488171333333
6.2639416	684.423172666667
6.2677811	684.921895333333
6.2716206	681.349470666667
6.2754597	680.607227333333
6.2792992	680.762634666666
6.2831387	683.85957
6.2869778	686.724011333333
6.2908173	688.877263333333
6.2946568	687.136463333333
6.2984959	687.649866
6.3023354	685.780744666667
6.3061749	685.433670666667
6.3100143	686.777139333333
6.3138535	687.23577
6.3176929	684.546930666667
6.3215324	682.831522666667
6.3253716	680.346915333333
6.329211	680.135989333333
6.3330505	679.749394
6.3368896	677.716585333333
6.3407291	679.906359333333
6.3445686	683.96971
6.3484077	683.509484666667
6.3522472	683.927629333333
6.3560867	679.815845333333
6.3599262	679.070447333333
6.3637653	678.23207
6.3676048	678.82041
6.3714443	681.082180666667
6.3752834	681.765316
6.3791229	680.558430666667
6.3829624	677.922196666667
6.3868015	677.869900666667
6.390641	676.666918666667
6.3944805	674.935245333333
6.3983196	672.879146666667
6.4021591	670.955424
6.4059982	669.145731333333
6.4098381	670.322132
6.4136772	673.205432
6.4175163	672.826916
6.4213562	672.094206
6.4251953	669.35044
6.4290352	668.060018
6.4328743	666.769837333333
6.4367134	663.589143333333
6.4405533	661.121781333333
6.4443924	659.987719333333
6.4482315	659.538232
6.4520714	659.680676666667
6.4559105	658.739238
6.4597496	657.607332666667
6.4635895	657.540727333333
6.4674286	659.816692666667
6.4712677	657.562928666667
6.4751076	655.93049
6.4789467	653.444904666667
6.4827858	651.502347333333
6.4866257	653.762357333333
6.4904648	653.400362666667
6.4943039	655.898209333333
6.4981438	656.641853333333
6.5019829	657.495580666667
6.505822	651.767574
6.5096619	649.914872666667
6.513501	649.380746
6.5173401	653.675412
6.52118	656.229104666667
6.5250191	653.624618
6.5288589	649.310485333333
6.5326981	650.212398666667
6.5365372	653.004606666667
6.540377	654.532621333333
6.5442162	652.841784666667
6.5480553	649.345015333333
6.5518951	647.228498
6.5557343	647.594794666667
6.5595734	647.708898
6.5634132	647.166299333334
6.5672523	648.588947333333
6.5710915	648.582149333333
6.5749313	650.002367333333
6.5787704	649.201992666667
6.5826096	649.568018666667
6.5864494	647.976901333333
6.5902885	645.707804666667
6.5941277	643.028849333333
6.5979675	643.123775333333
6.6018066	645.247058
6.6056458	646.114937333333
6.6094856	648.203841333333
6.6133247	647.537044666667
6.6171646	646.127216666667
6.6210037	645.019426
6.6248428	643.540924666667
6.6286827	645.807820666667
6.6325218	645.10579
6.6363609	641.186210666667
6.6402008	637.879932666667
6.6440399	636.339747333333
6.647879	637.205904
6.6517189	635.205038
6.655558	636.179184
6.6593971	635.629931333333
6.663237	640.856118666667
6.6670761	641.029171333333
6.6709152	640.164342
6.6747551	636.03361
6.6785942	635.330892
6.6824333	636.934110666667
6.6862732	639.597461333333
6.6901123	637.83071
6.6939514	636.663074666667
6.6977913	634.497342
6.7016304	632.807296
6.7054695	632.209184
6.7093094	631.460981333333
6.7131485	628.089444666667
6.7169884	626.051220666667
6.7208275	625.614957333333
6.7246666	627.280724
6.7285065	627.893786
6.7323456	627.994624
6.7361847	627.762487333333
6.7400246	628.972005333333
6.7438637	629.086234666667
6.7477028	626.478934
6.7515427	624.360461333333
6.7553818	623.686084
6.7592209	625.700737333333
6.7630608	629.986400666667
6.7668999	630.001060666667
6.770739	627.774704
6.7745789	625.161723333333
6.778418	624.19556
6.7822571	623.71824
6.786097	627.140154
6.7899361	626.543860666667
6.7937752	629.947346666667
6.7976151	626.559627333333
6.8014542	627.951115333333
6.8052933	626.926727333333
6.8091331	626.212118
6.8129723	624.164689333333
6.8168121	625.720344
6.8206512	623.974462
6.8244904	622.417540666667
6.8283302	621.559770666667
6.8321693	623.331941333333
6.8360085	626.821130666667
6.8398483	626.577611333333
6.8436874	624.913346
6.8475266	623.715347333333
6.8513664	624.615868
6.8552055	624.049162666667
6.8590446	624.703384666667
6.8628845	624.184924666667
6.8667236	624.143472
6.8705627	626.850456
6.8744026	626.903536
6.8782417	628.391324
6.8820808	626.576237333333
6.8859207	623.824868
6.8897598	623.287711333333
6.8935989	623.799097333333
6.8974388	623.704360666667
6.9012779	620.979368666667
6.9051178	618.960089333333
6.9089569	618.3877
6.912796	615.806038
6.9166359	614.466308
6.920475	614.668786666667
6.9243141	616.286943333333
6.928154	616.576929333334
6.9319931	612.508862
6.9358322	611.848270666667
6.9396721	611.689839333333
6.9435112	611.259042666667
6.9473503	609.516305333333
6.9511902	605.806969333333
6.9550293	604.499979333333
6.9588684	602.902111333333
6.9627083	598.876139333333
6.9665474	598.102583333333
6.9703865	597.473316
6.9742264	598.770622
6.9780655	599.579884
6.9819046	599.835452666667
6.9857445	602.02124
6.9895836	602.898251333333
6.9934227	603.716695333333
6.9972626	603.663923333333
7.0011017	605.731237333333
7.0049416	605.579970666667
7.0087807	605.698298666667
7.0126198	603.991804666667
7.0164597	605.152292
7.0202988	605.990316
7.0241379	604.653364
7.0279778	603.681652666667
7.0318169	604.898896
7.035656	605.86606
7.0394958	608.534730666667
7.043335	609.016276666667
7.0471741	608.179516666667
7.0510139	606.950790666667
7.0548531	605.290918
7.0586922	604.867183333333
7.062532	607.639240666667
7.0663712	608.294181333333
7.0702103	606.743933333333
7.0740501	603.767082
7.0778893	599.381209333333
7.0817284	598.252487333333
7.0855682	599.755374
7.0894073	603.726960666667
7.0932465	609.023654
7.0970863	609.046984666667
7.1009254	608.050720666667
7.1047653	608.02551
7.1086044	606.671264
7.1124435	605.783927333333
7.1162834	604.285538666667
7.1201225	604.660490666667
7.1239616	606.715302666667
7.1278015	607.518148666667
7.1316406	605.134155333333
7.1354797	602.891272666667
7.1393196	599.156152666667
7.1431587	597.227922666667
7.1469978	596.330394666667
7.1508377	597.867115333333
7.1546768	597.575231333333
7.1585159	599.887232
7.1623558	598.381812
7.1661949	597.626290666667
7.170034	596.313574666667
7.1738739	592.949035333333
7.177713	591.729360666667
7.1815521	590.561758666667
7.185392	590.807848
7.1892311	594.497961333333
7.193071	596.271152
7.1969101	593.674252666667
7.2007492	588.855042
7.2045891	587.252962
7.2084282	588.744638
7.2122673	591.431637333333
7.2161072	587.478784
7.2199463	583.331441333333
7.2237854	581.04093
7.2276253	579.812122666667
7.2314644	581.155374666667
7.2353035	579.941242666667
7.2391434	578.259167333333
7.2429825	578.881066
7.2468216	582.547672666666
7.2506615	587.138001333333
7.2545006	587.260250666667
7.2583397	586.015466666667
7.2621796	585.451306
7.2660187	590.811979333333
7.2698578	592.948559333333
7.2736977	593.793596
7.2775368	590.710838666667
7.2813759	588.711672666667
7.2852158	587.580704
7.2890549	587.60579
7.2928947	586.011158
7.2967339	587.472900666667
7.300573	587.376396
7.3044128	586.323278666667
7.308252	581.969833333333
7.3120911	580.056571333333
7.3159309	582.621997333333
7.3197701	585.852112
7.3236092	584.206505333333
7.327449	583.924914666667
7.3312881	580.458834
7.3351273	582.74526
7.3389671	583.998482
7.3428062	585.549448
7.3466454	585.790686
7.3504852	585.075825333333
7.3543243	583.041875333333
7.3581635	584.575134
7.3620033	584.074093333333
7.3658424	585.914892
7.3696815	588.354626666667
7.3735214	586.265852
7.3773605	584.079560666667
7.3811996	579.538496666667
7.3850395	579.393680666667
7.3888786	579.392057333333
7.3927185	581.553858
7.3965576	584.622586
7.4003967	588.275158666667
7.4042366	587.329159333333
7.4080757	584.305746666667
7.4119148	578.668872
7.4157547	576.377282666667
7.4195938	576.532645333333
7.4234329	577.361091333333
7.4272728	576.828845333333
7.4311119	573.341114666667
7.434951	573.003817333333
7.4387909	572.245293333333
7.44263	574.690782666667
7.4464691	575.087153333333
7.450309	574.775699333333
7.4541481	574.646717333333
7.4579872	570.143595333333
7.4618271	570.151125333333
7.4656662	568.619128666667
7.4695053	568.079590666667
7.4733452	563.927848
7.4771843	560.268196666667
7.4810242	559.803336
7.4848633	562.007806
7.4887024	567.330473333333
7.4925423	572.159040666667
7.4963814	571.863231333333
7.5002205	567.965066666667
7.5040604	563.226010666667
7.5078995	564.058203333333
7.5117386	563.208895333333
7.5155785	566.373682
7.5194176	566.180546666667
7.5232567	567.973771333333
7.5270966	568.983474666667
7.5309357	571.684668
7.5347748	574.248014666667
7.5386147	571.917427333333
7.5424538	569.330676
7.5462929	569.349458666667
7.5501328	571.241458666667
7.5539719	572.150008
7.557811	570.769920666667
7.5616508	568.870425333333
7.56549	566.523776666667
7.5693291	563.773312666667
7.5731689	563.770274666667
7.5770081	566.897614
7.5808479	568.740852666667
7.584687	571.304862666667
7.5885262	570.769824666667
7.592366	572.335948666667
7.5962051	568.517154666667
7.6000443	567.61803
7.6038841	566.164411333333
7.6077232	567.945295333333
7.6115623	569.335342666667
7.6154022	567.898336666667
7.6192413	568.263141333333
7.6230804	568.804021333333
7.6269203	574.120549333333
7.6307594	575.814152666667
7.6345985	571.817668666667
7.6384384	566.929236666667
7.6422775	564.846155333333
7.6461166	567.644852666667
7.6499565	567.466496666667
7.6537956	568.256229333334
7.6576347	569.314566
7.6614746	571.683992666667
7.6653137	570.23798
7.6691528	566.167427333333
7.6729927	561.876757333333
7.6768318	561.698017333333
7.6806717	563.956071333333
7.6845108	566.538156
7.6883499	564.584318666667
7.6921898	563.804298666667
7.6960289	563.029613333333
7.699868	560.346100666667
7.7037079	556.774704
7.707547	549.042244
7.7113861	546.924544666667
7.715226	548.320728
7.7190651	554.277789333333
7.7229042	559.405772
7.7267441	561.666158
7.7305832	565.237084666667
7.7344223	566.128487333333
7.7382622	566.423474666667
7.7421013	565.722070666667
7.7459404	566.387671333333
7.7497803	565.39105
7.7536194	563.296175333333
7.7574585	562.740901333333
7.7612984	565.604992666667
7.7651375	570.386986666667
7.7689774	570.049588666667
7.7728165	569.522956666667
7.7766556	567.854529333333
7.7804955	568.834766
7.7843346	569.000188
7.7881737	567.330371333333
7.7920135	566.988805333333
7.7958527	564.391642
7.7996918	563.47847
7.8035316	563.778837333333
7.8073708	564.024986666667
7.8112099	566.396521333333
7.8150497	566.811775333333
7.8188889	570.367598666667
7.822728	573.099161333333
7.8265678	574.47515
7.830407	575.257418
7.8342461	575.80269
7.8380859	575.62238
7.841925	575.720268666667
7.8457642	577.296745333333
7.849604	578.605547333333
7.8534431	578.713126666667
7.8572823	576.495376666667
7.8611221	577.035149333333
7.8649612	576.718497333333
7.8688011	576.980672666667
7.8726402	578.254944666667
7.8764793	579.693473333333
7.8803192	579.867996666666
7.8841583	577.116647333334
7.8879974	573.61329
7.8918373	574.023994666667
7.8956764	575.270598
7.8995155	578.739466
7.9033554	575.564005333333
7.9071945	574.934168
7.9110336	572.811198
7.9148735	576.649267333333
7.9187126	580.222098666667
7.9225517	581.022741333333
7.9263916	581.330842666667
7.9302307	578.026472666667
7.9340698	577.408244666667
7.9379097	575.249601333333
7.9417488	571.537071333333
7.9455879	566.50935
7.9494278	564.559367333333
7.9532669	561.936964
7.957106	563.370390666667
7.9609459	561.880092
7.964785	561.674605333333
7.9686249	559.456666
7.972464	559.538721333333
7.9763031	560.361043333333
7.980143	559.480462
7.9839821	560.600138
7.9878212	565.936027333333
7.9916611	568.118949333333
7.9955002	570.294229333333
7.9993393	568.130868
8.0031792	569.488668
8.0070183	567.145539333333
8.0108574	567.109126
8.0146973	569.274412666667
8.0185364	571.261768
8.0223755	567.864905333333
8.0262154	566.569705333333
8.0300545	566.171170666667
8.0338936	569.127938
8.0377335	568.525704666667
8.0415726	569.081921333333
8.0454117	569.404699333333
8.0492516	570.011902
8.0530907	570.636438
8.0569305	568.642899333333
8.0607697	568.002782666667
8.0646088	566.222115333333
8.0684486	566.133446
8.0722878	567.536141333333
8.0761269	568.302579333333
8.0799667	569.670011333333
8.0838058	568.080942666667
8.087645	571.971586
8.0914848	571.317676
8.0953239	569.451867333333
8.0991631	565.590812666667
8.1030029	565.36371
8.106842	564.283744
8.1106812	562.454221333333
8.114521	557.15531
8.1183601	555.408435333333
8.1221992	554.448796666667
8.1260391	559.453022
8.1298782	563.012053333333
8.1337173	560.654487333333
8.1375572	552.959657333333
8.1413963	548.618423333333
8.1452354	547.762204666667
8.1490753	550.582518666667
8.1529144	550.661872
8.1567543	551.521722666667
8.1605934	552.046800666667
8.1644325	548.365554
8.1682724	546.387618
8.1721115	546.336631333333
8.1759506	549.348384
8.1797905	546.453385333333
8.1836296	544.099368
8.1874687	542.003438666667
8.1913086	544.298666666667
8.1951477	546.152762
8.1989868	545.070142
8.2028267	545.698235333333
8.2066658	545.547634
8.2105049	548.498086666667
8.2143448	547.100858666667
8.2181839	544.780094666667
8.222023	541.541828
8.2258629	542.615671333333
8.229702	542.359628666667
8.2335411	542.196905333333
8.237381	542.779606
8.2412201	541.548457333333
8.2450592	543.422492666667
8.2488991	543.414748
8.2527382	546.185553333333
8.2565781	547.677669333333
8.2604172	547.366398
8.2642563	545.71053
8.2680962	544.006921333333
8.2719353	543.923088
8.2757744	542.499741333333
8.2796143	541.131453333333
8.2834534	544.07382
8.2872925	546.059318
8.2911324	549.085872
8.2949715	545.813632
8.2988106	543.141778666667
8.3026505	538.256148666667
8.3064896	537.224476666667
8.3103287	540.141740666667
8.3141685	539.972902666667
8.3180077	536.023324
8.3218468	531.097302
8.3256866	528.530731333333
8.3295258	529.650677333333
8.3333649	533.817538
8.3372047	535.135649333333
8.3410439	537.335211333333
8.3448837	535.498159333333
8.3487228	538.815393333334
8.352562	538.365142666667
8.3564018	541.350921333333
8.3602409	540.707088666667
8.36408	543.136658
8.3679199	543.237847333333
8.371759	542.896324666667
8.3755981	540.453988
8.379438	541.373945333333
8.3832771	537.679822
8.3871162	539.896472
8.3909561	538.868034
8.3947952	537.775152666667
8.3986343	534.066892666667
8.4024742	533.834251333333
8.4063133	537.785767333333
8.4101524	535.907922
8.4139923	535.920941333333
8.4178314	534.356587333333
8.4216705	533.767981333333
8.4255104	532.176809333333
8.4293495	531.539519333333
8.4331886	528.729886666667
8.4370285	523.757857333333
8.4408676	526.244438
8.4447075	530.130149333333
8.4485466	531.499861333333
8.4523857	524.902584
8.4562256	520.583386666667
8.4600647	518.940717333333
8.4639038	518.508822
8.4677437	521.368602
8.4715828	521.652815333333
8.4754219	520.589626
8.4792618	523.25202
8.4831009	525.109920666667
8.48694	525.88975
8.4907799	522.119846
8.494619	521.701505333333
8.4984581	523.219577333333
8.502298	524.895352666667
8.5061371	524.730333333333
8.5099762	525.034326
8.5138161	524.484772666667
8.5176552	525.063971333333
8.5214943	525.495354
8.5253342	525.799938
8.5291733	527.1495
8.5330124	521.459240666667
8.5368523	518.371728666667
8.5406914	517.648635333333
8.5445312	524.840645333333
8.5483704	526.60328
8.5522095	524.873490666667
8.5560493	524.836842
8.5598885	526.869573333333
8.5637276	529.057443333333
8.5675674	530.643269333333
8.5714066	526.931632
8.5752457	524.553872666667
8.5790855	521.419946666667
8.5829247	521.673866666667
8.5867638	521.583838
8.5906036	519.866782666667
8.5944427	520.981584666667
8.5982819	521.021082666667
8.6021217	524.107547333333
8.6059608	521.252134
8.6098	522.061995333333
8.6136398	521.948942666667
8.6174789	521.48846
8.6213181	520.982758
8.6251579	521.525860666667
8.628997	526.611353333333
8.6328369	527.032434
8.636676	525.680801333333
8.6405151	522.459612
8.644355	522.475448666667
8.6481941	520.96378
8.6520332	520.36542
8.6558731	521.247448666667
8.6597122	519.796193333333
8.6635513	517.31638
8.6673912	515.377094
8.6712303	518.035617333333
8.6750694	518.173392666667
8.6789093	516.759038
8.6827484	515.323810666667
8.6865875	513.563191333333
8.6904274	514.225229333333
8.6942665	516.324671333333
8.6981056	514.7613
8.7019455	512.314704666667
8.7057846	510.943684666667
8.7096237	511.038691333333
8.7134636	511.235212
8.7173027	515.345714
8.7211418	521.232393333333
8.7249817	521.597568
8.7288208	520.530726666667
8.7326607	518.484517333333
8.7364998	517.504926666667
8.7403389	516.422506
8.7441788	516.268259333333
8.7480179	515.179284666667
8.751857	514.853731333333
8.7556969	515.693744
8.759536	518.698534
8.7633751	520.605042666667
8.767215	521.030706666667
8.7710541	519.643042
8.7748932	520.033972
8.7787331	520.215372666667
8.7825722	523.404576
8.7864113	525.083304666667
8.7902512	527.858072666667
8.7940903	525.705673333333
8.7979294	526.569842
8.8017693	527.930708
8.8056084	527.500036666667
8.8094475	528.689408
8.8132874	532.667688666667
8.8171265	539.942122
8.8209656	539.67857
8.8248055	534.044114666667
8.8286446	530.488604666667
8.8324844	530.908668
8.8363235	533.5905
8.8401627	529.305030666667
8.8440025	530.4598
8.8478416	535.040882
8.8516808	540.386382
8.8555206	540.309351333333
8.8593597	540.368859333333
8.8631989	543.903385333333
8.8670387	545.744896666667
8.8708778	543.067607333333
8.8747169	542.062359333333
8.8785568	541.32118
8.8823959	539.427180666667
8.886235	537.686975333333
8.8900749	535.780067333333
8.893914	538.114424666667
8.8977531	539.540688
8.901593	540.944959333333
8.9054321	540.661003333333
8.9092712	538.151781333333
8.9131111	536.370886666667
8.9169502	534.180818666667
8.9207901	535.269254666667
8.9246292	537.949191333333
8.9284683	542.978854
8.9323082	545.495834
8.9361473	545.374255333333
8.9399864	541.907973333333
8.9438263	540.836316666667
8.9476654	541.515132
8.9515045	542.040859333333
8.9553444	539.253288
8.9591835	530.90855
8.9630226	529.140087333333
8.9668625	529.327416
8.9707016	531.585954666667
8.9745407	530.692294
8.9783806	529.982794666667
8.9822197	528.941398
8.9860588	532.468173333333
8.9898987	534.293223333333
8.9937378	536.531064666667
8.9975769	536.072681333333
9.0014168	538.935856666667
9.0052559	543.980848666667
9.009095	542.990755333333
9.0129349	539.917710666667
9.016774	532.508717333333
9.0206139	531.278743333333
9.024453	530.574066666667
9.0282921	530.739345333333
9.032132	527.593529333333
9.0359711	525.312759333333
9.0398102	524.703566666667
9.0436501	527.169760666667
9.0474892	529.454297333333
9.0513283	531.917484666667
9.0551682	533.267597333333
9.0590073	532.706097333333
9.0628464	526.220499333333
9.0666862	525.418890666667
9.0705254	527.110456666667
9.0743645	530.678668
9.0782043	528.003864666667
9.0820435	525.694118
9.0858826	521.909440666667
9.0897224	522.12695
9.0935616	527.094123333333
9.0974007	530.537496
9.1012405	529.638528
9.1050797	526.151598666667
9.1089188	522.686274
9.1127586	516.283658
9.1165977	515.053244666667
9.1204376	515.102562
9.1242767	522.072013333333
9.1281158	521.542902666667
9.1319557	517.867092
9.1357948	514.825753333333
9.1396339	513.531775333333
9.1434738	515.699474
9.1473129	512.733638
9.151152	515.854467333333
9.1549919	514.822413333333
9.158831	515.155146
9.1626701	511.830682
9.16651	513.53802
9.1703491	514.574292
9.1741882	514.993052666667
9.1780281	514.54598
9.1818672	514.311977333333
9.1857063	512.349754
9.1895462	510.963828666667
9.1933853	505.031338
9.1972244	506.314152666667
9.2010643	503.618715333333
9.2049034	506.850057333333
9.2087433	506.582258666667
9.2125824	508.7719
9.2164215	505.980784
9.2202614	503.096272666667
9.2241005	503.286926
9.2279396	505.008746
9.2317795	507.458826
9.2356186	510.664591333333
9.2394577	513.355819333333
9.2432976	514.362746
9.2471367	512.985171333333
9.2509758	514.135582666667
9.2548157	513.946319333333
9.2586548	511.170548
9.2624939	508.828004
9.2663338	508.466016666667
9.2701729	512.183478666667
9.274012	514.220518
9.2778519	513.755011333333
9.281691	510.568246
9.2855301	512.452074666667
9.28937	511.383178666667
9.2932091	511.570473333333
9.2970482	511.426000666667
9.3008881	510.827785333333
9.3047272	511.436785333333
9.308567	511.859062
9.3124062	513.689491333333
9.3162453	514.428158
9.3200851	514.84207
9.3239243	515.322096
9.3277634	517.160070666667
9.3316032	516.284918666667
9.3354424	513.628158666667
9.3392815	512.810405333333
9.3431213	511.932294
9.3469604	515.712264
9.3507996	516.768565333333
9.3546394	520.651300666667
9.3584785	519.316376
9.3623177	514.568699333333
9.3661575	510.561145333333
9.3699966	510.505088666667
9.3738358	512.585895333333
9.3776756	513.01227
9.3815147	514.988796
9.3853539	513.735788
9.3891937	505.598218
9.3930328	502.69954
9.3968719	502.2272
9.4007118	501.748972
9.4045509	504.10482
9.4083908	505.045038666667
9.4122299	504.54387
9.416069	501.209179333333
9.4199089	502.685433333333
9.423748	505.131410666667
9.4275871	507.811348
9.431427	509.90157
9.4352661	507.283157333333
9.4391052	505.788515333333
9.4429451	503.634584666667
9.4467842	501.084728666667
9.4506233	501.223164666667
9.4544632	498.678988
9.4583023	499.776228666667
9.4621414	497.140808
9.4659813	495.604092
9.4698204	497.497314666667
9.4736595	502.072991333333
9.4774994	502.924814
9.4813385	498.282354666667
9.4851776	498.639488666667
9.4890175	501.768012
9.4928566	507.390355333333
9.4966965	504.242146666667
9.5005356	503.725760666667
9.5043747	502.882475333333
9.5082146	505.501260666667
9.5120537	500.219442666667
9.5158928	499.532447333333
9.5197327	496.330372666667
9.5235718	501.424150666667
9.5274109	502.094102
9.5312508	504.085417333333
9.5350899	500.581259333333
9.538929	496.191309333333
9.5427689	495.106818
9.546608	500.204538666667
9.5504471	503.99787
9.554287	502.668521333333
9.5581261	500.872672666667
9.5619652	499.18199
9.5658051	494.797810666667
9.5696442	493.267692666667
9.5734833	494.904217333333
9.5773232	497.658664666667
9.5811623	503.392360666667
9.5850014	506.30589
9.5888412	504.42859
9.5926804	499.199496
9.5965202	501.059772666667
9.6003593	501.713101333333
9.6041985	504.524072
9.6080383	500.458882666667
9.6118774	499.512682666667
9.6157166	502.884940666667
9.6195564	504.55886
9.6233955	504.850714666667
9.6272346	497.716480666667
9.6310745	501.232043333333
9.6349136	500.496674666667
9.6387527	498.678448666667
9.6425926	498.841332
9.6464317	500.618452666667
9.6502708	498.243092666667
9.6541107	494.415971333333
9.6579498	490.509672
9.6617889	493.816518
9.6656288	493.321962
9.6694679	493.369703333333
9.673307	491.861088666667
9.6771469	495.257857333333
9.680986	496.838761333333
9.6848251	498.367100666667
9.688665	492.729235333333
9.6925041	489.403329333333
9.696344	487.14173
9.7001831	485.399925333333
9.7040222	484.584295333333
9.7078621	485.995732
9.7117012	491.800812
9.7155403	491.939002
9.7193802	488.562622
9.7232193	483.442754666667
9.7270584	482.381653333333
9.7308983	481.636774
9.7347374	483.970804666667
9.7385765	491.073794
9.7424164	490.872628
9.7462555	485.786908666667
9.7500946	477.911134666667
9.7539345	482.343834666667
9.7577736	484.70443
9.7616127	485.613861333333
9.7654526	482.146511333333
9.7692917	482.621030666667
9.7731308	483.95286
9.7769707	487.385040666667
9.7808098	485.32981
9.7846497	483.124044
9.7884888	482.542502666667
9.7923279	484.405103333333
9.7961678	481.499814666667
9.8000069	476.914432666667
9.803846	476.601059333333
9.8076859	481.978076666667
9.811525	483.818115333333
9.8153641	483.400962
9.8192039	479.43789
9.8230431	475.920016
9.8268822	471.860836666667
9.830722	474.577327333333
9.8345612	478.792707333333
9.8384003	480.87431
9.8422401	481.093296666667
9.8460793	481.773416666667
9.8499184	483.835209333333
9.8537582	486.59383
9.8575974	489.010730666667
9.8614365	482.770144
9.8652763	484.593682
9.8691154	479.901949333333
9.8729546	475.595618
9.8767944	472.318205333333
9.8806335	471.32046
9.8844734	474.782859333333
9.8883125	477.397616666667
9.8921516	477.771000666667
9.8959915	479.645228666667
9.8998306	481.814066666667
9.9036697	477.802782
9.9075096	475.181429333333
9.9113487	479.915237333333
9.9151878	483.010318666667
9.9190277	483.409032666667
9.9228668	482.530820666667
9.9267059	485.868544
9.9305458	486.319362666667
9.9343849	484.090811333333
9.938224	478.111722666667
9.9420639	471.80712
9.945903	469.573532666667
9.9497421	472.967630666667
9.953582	472.836326
9.9574211	474.963752666667
9.9612602	474.441462666667
9.9651001	477.121405333333
9.9689392	479.45075
9.9727791	480.038877333333
9.9766182	477.332722666667
9.9804573	476.612800666667
9.9842972	482.348795333333
9.9881363	485.22561
9.9919754	484.58376
9.9958153	482.909585333333
9.9996544	483.013865333333
10.003493	484.812575333333
10.007333	488.541543333333
10.011172	494.103308666667
10.015012	496.831158666667
10.018851	493.88522
10.022691	496.603498
10.02653	496.598394
10.03037	496.365156
10.034209	494.175244666667
10.038048	490.283447333333
10.041888	487.556831333333
10.045727	489.457517333333
10.049566	496.81611
10.053406	494.436442
10.057245	494.603544
10.061084	495.808047333333
10.064924	492.801105333333
10.068763	492.737174
10.072603	490.836828666667
10.076442	490.361992666667
10.080281	487.568596
10.084121	488.518290666667
10.08796	488.886844666667
10.091799	483.025107333333
10.095639	480.682967333333
10.099478	479.632147333333
10.103317	480.156146
10.107157	479.551626
10.110996	485.87518
10.114835	490.327576
10.118675	491.064528
10.122514	488.334955333333
10.126353	487.649432
10.130193	489.833397333333
10.134032	490.825386
10.137872	490.699420666667
10.141711	489.219677333333
10.145551	484.916526666667
10.14939	483.697676666667
10.15323	486.659072
10.157069	489.304121333333
10.160908	487.518814666667
10.164748	489.609060666667
10.168587	486.400488666667
10.172427	486.089728666667
10.176266	481.957598666667
10.180105	484.737518666667
10.183945	486.256084666667
10.187784	484.127989333333
10.191623	478.914261333333
10.195463	482.3328
10.199302	491.246396666667
10.203141	492.47373
10.206981	492.022683333333
10.21082	487.043736666667
10.214659	488.240125333333
10.218499	489.437868666667
10.222338	490.200559333333
10.226177	496.071000666667
10.230017	500.726437333333
10.233856	501.356039333333
10.237695	503.834262
10.241535	505.789896
10.245374	502.699974
10.249213	503.033437333333
10.253053	505.218084
10.256892	507.772132666667
10.260732	505.635618
10.264571	502.630868
10.26841	502.155612666667
10.27225	500.380855333333
10.276089	506.22802
10.279929	508.141312666667
10.283768	506.947260666667
10.287608	503.091834666667
10.291447	503.084723333333
10.295287	501.939240666667
10.299126	502.969844
10.302965	502.296199333333
10.306805	503.525932
10.310644	502.773825333333
10.314483	502.779480666667
10.318323	504.37644
10.322162	509.352949333333
10.326001	509.068574
10.329841	505.718577333333
10.33368	509.068204
10.337519	507.360522666667
10.341359	503.069708666667
10.345198	496.919114666667
10.349037	501.14671
10.352877	503.67343
10.356716	505.54939
10.360556	502.995623333333
10.364395	503.198263333333
10.368234	504.100036666667
10.372074	507.454532666667
10.375913	506.569818666667
10.379752	505.554779333333
10.383592	507.635226
10.387431	507.367160666667
10.39127	507.04683
10.39511	506.109419333333
10.398949	506.723574666667
10.402789	506.763348666667
10.406628	504.432382666667
10.410468	505.725486
10.414307	506.356578
10.418147	500.408954666667
10.421986	497.768286666667
10.425825	496.384219333333
10.429665	495.114680666667
10.433504	493.321292666667
10.437343	497.349234
10.441183	503.106576666667
10.445022	503.986425333333
10.448861	498.61175
10.452701	490.180831333333
10.45654	486.03237
10.46038	489.633413333333
10.464219	492.27161
10.468058	490.475148666667
10.471898	488.558818666667
10.475737	489.938206666667
10.479576	490.525862666667
10.483416	489.02892
10.487255	487.6407
10.491094	491.149434666667
10.494934	498.927868
10.498773	502.650754666667
10.502612	499.585027333333
10.506452	497.912096
10.510291	493.780544666667
10.51413	491.43083
10.51797	490.537515333333
10.521809	488.589144
10.525648	491.521174
10.529488	494.257373333333
10.533327	497.674483333333
10.537167	498.55359
10.541006	493.246082666667
10.544846	488.805150666667
10.548685	487.087103333333
10.552525	491.27568
10.556364	492.934055333333
10.560204	492.408465333333
10.564043	489.47231
10.567882	490.095378666667
10.571722	491.002306666667
10.575561	489.659383333333
10.5794	485.760684
10.58324	490.476781333333
10.587079	491.474435333333
10.590918	492.242982
10.594758	486.555304666667
10.598597	486.287945333333
10.602436	486.949392
10.606276	490.853041333333
10.610115	491.461444
10.613954	493.804786666667
10.617794	492.638620666667
10.621633	494.721801333333
10.625472	497.286490666667
10.629312	498.153916
10.633151	493.119782666667
10.63699	493.305582666667
10.64083	493.900595333333
10.644669	495.868652666667
10.648509	495.839494
10.652348	494.069482
10.656187	489.547781333333
10.660027	486.572611333333
10.663866	486.800545333333
10.667706	486.231884
10.671545	486.45521
10.675385	482.626412
10.679224	481.578447333333
10.683064	484.725245333333
10.686903	485.286498666667
10.690742	486.780454
10.694582	488.740642666667
10.698421	490.993336666667
10.70226	487.697516
10.7061	487.34167
10.709939	488.463619333333
10.713778	492.680248666667
10.717618	497.436867333333
10.721457	496.758886666667
10.725296	498.225588
10.729136	496.717520666667
10.732975	495.243023333333
10.736814	493.434448666667
10.740654	492.388766666667
10.744493	487.790340666667
10.748333	489.126715333333
10.752172	494.444596
10.756011	498.090317333333
10.759851	494.724297333333
10.76369	489.797078
10.767529	489.136370666667
10.771369	495.145508666667
10.775208	501.270048666667
10.779047	501.262764666667
10.782887	495.482564
10.786726	494.339892
10.790565	495.833154666667
10.794405	496.061978666667
10.798244	494.540620666667
10.802084	497.99075
10.805923	499.034724666667
10.809763	493.767520666667
10.813602	491.936427333333
10.817442	489.422467333333
10.821281	487.137948
10.82512	482.989356
10.82896	488.240572666667
10.832799	499.457074
10.836639	499.933412
10.840478	493.071772666667
10.844317	484.675882
10.848157	487.69798
10.851996	495.324247333333
10.855835	499.994838
10.859675	498.568367333333
10.863514	502.096193333333
10.867353	497.549049333333
10.871193	494.194618
10.875032	492.760753333333
10.878871	490.740037333333
10.882711	490.989908666667
10.88655	488.538761333333
10.890389	485.856433333333
10.894229	489.53292
10.898068	491.796263333333
10.901907	487.864126666667
10.905747	481.827337333333
10.909586	485.484788
10.913425	490.240316
10.917265	491.289928
10.921104	488.141199333333
10.924944	486.503343333333
10.928783	483.988180666667
10.932623	479.793312
10.936462	480.603741333333
10.940302	485.463404666667
10.944141	483.934116666667
10.94798	480.288216666667
10.95182	480.632952666667
10.955659	477.414643333333
10.959499	475.459676
10.963338	474.347119333333
10.967177	482.422943333333
10.971017	489.644114666667
10.974856	489.802376666667
10.978695	486.095022666667
10.982535	481.213744
10.986374	478.57138
10.990213	478.294406666667
10.994053	481.255672666667
10.997892	489.115636
11.001731	495.038887333333
11.005571	493.240712
11.00941	491.951119333333
11.013249	491.935854
11.017089	490.216631333333
11.020928	492.802547333333
11.024767	486.286834
11.028607	483.009814
11.032446	483.949782666667
11.036286	488.953292
11.040125	488.601785333333
11.043964	484.76366
11.047804	481.8396
11.051643	484.522418666667
11.055482	483.560878666667
11.059322	487.072109333333
11.063161	491.797708666667
11.067001	491.80531
11.07084	489.451922666667
11.07468	488.592926666667
11.078519	489.021808666667
11.082359	495.548148666667
11.086198	496.337110666667
11.090037	493.14672
11.093877	486.614662
11.097716	490.17218
11.101555	494.203475333333
11.105395	490.378475333333
11.109234	487.703845333333
11.113073	488.062048
11.116913	483.832262
11.120752	487.565330666667
11.124592	492.473611333333
11.128431	494.467948
11.13227	489.425768666667
11.13611	485.047777333333
11.139949	487.025769333333
11.143788	491.237918666667
11.147628	492.052498
11.151467	487.186869333333
11.155306	486.755884
11.159146	488.436165333333
11.162985	485.737533333333
11.166824	480.670725333333
11.170664	480.930195333333
11.174503	485.259830666667
11.178342	482.914842
11.182182	471.869150666667
11.186021	470.970817333333
11.189861	477.361176666667
11.1937	478.68519
11.19754	479.021153333333
11.201379	480.262211333333
11.205219	482.311318
11.209058	482.380009333333
11.212897	487.23681
11.216737	487.812492
11.220576	479.608398
11.224416	476.663351333333
11.228255	483.926258
11.232094	486.004925333333
11.235934	482.540274666667
11.239773	484.097612666667
11.243612	483.343965333333
11.247452	485.806824
11.251291	488.749607333333
11.25513	486.473424
11.25897	483.982881333333
11.262809	488.357342666667
11.266648	498.837297333333
11.270488	496.540870666667
11.274327	484.778997333333
11.278166	481.362362
11.282006	487.060908
11.285845	489.108228
11.289684	486.435186
11.293524	481.469311333333
11.297363	477.037746666667
11.301202	482.689171333333
11.305042	487.879174666667
11.308881	489.904820666667
11.31272	485.678375333333
11.31656	485.120088666667
11.320399	482.913255333333
11.324239	482.850083333333
11.328078	489.902550666667
11.331918	491.509248666667
11.335757	485.049982
11.339597	483.55968
11.343436	491.084228666667
11.347276	487.825349333333
11.351115	480.135911333333
11.354954	480.396258
11.358794	481.318953333333
11.362633	483.397803333333
11.366472	481.683278666667
11.370312	480.274459333333
11.374151	478.940382
11.37799	475.724598
11.38183	482.469336
11.385669	491.10508
11.389508	493.080310666667
11.393348	489.800345333333
11.397187	479.140037333333
11.401026	475.170502666667
11.404866	480.464546
11.408705	480.228016
11.412545	478.357294666667
11.416384	474.684376
11.420223	476.382002
11.424063	479.112217333333
11.427902	475.964682
11.431741	473.779282
11.435581	480.723448
11.43942	487.961260666667
11.443259	488.611668
11.447099	489.682269333333
11.450938	491.904676
11.454778	490.601185333333
11.458617	485.378014
11.462457	484.636618
11.466296	487.680817333333
11.470135	494.619637333333
11.473975	490.794484
11.477814	487.404535333333
11.481654	488.827577333333
11.485493	494.69299
11.489332	496.125071333333
11.493172	494.262080666667
11.497011	487.853297333333
11.50085	485.292902666667
11.50469	493.355477333333
11.508529	499.557059333333
11.512369	496.73117
11.516208	490.784014
11.520047	494.109541333333
11.523887	498.516189333333
11.527726	499.955662666667
11.531565	498.925944
11.535405	500.155233333333
11.539244	498.926458
11.543083	494.53127
11.546923	492.071922
11.550762	491.840466666667
11.554601	487.088464
11.558441	481.801648666667
11.56228	484.451071333333
11.566119	488.412458
11.569959	492.267973333333
11.573798	489.885611333333
11.577637	486.160099333333
11.581477	489.156246666667
11.585316	492.05808
11.589156	496.482997333333
11.592995	499.967592
11.596835	494.9069
11.600674	491.588791333333
11.604514	490.776824
11.608353	493.470646
11.712016	488.161218
11.715855	496.382952
11.719695	498.059271333333
11.723534	491.633312666667
11.727374	491.365518666667
11.731213	497.297051333333
11.735052	505.088336
11.738892	508.41118
11.742731	500.994869333333
11.746571	494.39067
11.75041	502.906124
11.754249	507.415539333333
11.758089	507.724002
11.761928	504.895912
11.765767	500.467076666667
11.769607	499.841634666667
11.773446	496.938959333333
11.777285	496.272738
11.781125	497.278725333333
11.784964	504.913468666667
11.788803	511.836740666667
11.792643	513.091459333333
11.796482	502.089279333333
11.800322	486.589121333333
11.804161	488.970916
11.808	500.599647333333
11.81184	509.153676666667
11.815679	501.35344
11.819518	494.075543333333
11.823358	493.904485333333
11.827197	498.376178
11.831036	498.417102
11.834876	496.155607333333
11.838715	496.360208666667
11.842554	496.168169333333
11.846394	496.394373333333
11.850233	496.495566666667
11.854073	496.808779333333
11.857912	499.173564
11.861752	507.115367333333
11.865591	509.089243333333
11.869431	501.732963333333
11.87327	499.555512666667
11.877109	498.076598
11.880949	491.620068
11.884788	497.184408
11.888627	501.358034
11.892467	492.739196666667
11.896306	491.20987
11.900146	495.019828666667
11.903985	495.246348
11.907824	491.196822
11.911664	489.046191333333
11.915503	490.781660666667
11.919342	495.104970666667
11.923182	494.442932666667
11.927021	490.946788666667
11.93086	491.935293333333
11.9347	498.024292
11.938539	498.740256666667
11.942378	498.677030666667
11.946218	495.455720666667
11.950057	492.190392
11.953896	494.933985333333
11.957736	496.076444
11.961575	496.286174666667
11.965414	495.904512
11.969254	501.393378
11.973093	499.755372
11.976933	495.691607333333
11.980772	501.359584
11.984612	504.91039
11.988451	506.301842666667
11.99229	502.802155333333
11.99613	497.951972666667
11.999969	492.514476666667
12.003809	494.738024666667
12.007648	501.29073
12.011488	508.64307
12.015327	512.186427333333
12.019166	506.044894
12.023006	502.15432
12.026845	502.734599333333
12.030684	501.820155333333
12.034524	503.57571
12.038363	502.572863333333
12.042202	502.77393
12.046042	500.79943
12.049881	495.096430666667
12.05372	492.074600666667
12.05756	499.473431333333
12.061399	502.434850666667
12.065238	503.827763333333
12.069078	499.067678666667
12.072917	496.96024
12.076756	506.521942666667
12.080596	511.146142666667
12.084435	504.976915333333
12.088275	501.379684666667
12.092114	501.648459333333
12.095953	503.949688666667
12.099793	510.467708666667
12.103632	510.810142
12.107471	503.716853333333
12.111311	502.135496
12.11515	502.474268
12.11899	500.935723333333
12.122829	503.364037333333
12.126669	500.656048666667
12.130508	491.516838
12.134348	490.316417333333
12.138187	497.767783333333
12.142026	496.677133333333
12.145866	497.601672
12.149705	503.901043333333
12.153544	505.602377333333
12.157384	502.813554
12.161223	500.41423
12.165062	499.388426666667
12.168902	494.449326666667
12.172741	492.328554
12.17658	500.135594666667
12.18042	502.007298666667
12.184259	494.480934
12.188099	495.711012666667
12.191938	495.155494666667
12.195777	492.318267333333
12.199617	492.763399333333
12.203456	498.367498
12.207295	503.370814
12.211135	510.974107333333
12.214974	512.439404666667
12.218813	502.733336666667
12.222653	503.197548666667
12.226492	511.117895333333
12.230331	506.42754
12.234171	500.736689333333
12.23801	503.919969333333
12.24185	510.623066
12.245689	513.532361333333
12.249529	515.180581333333
12.253368	517.627416
12.257207	513.057942
12.261047	511.526032
12.264886	514.4018
12.268726	509.739035333333
12.272565	504.050166666667
12.276405	502.876139333333
12.280244	505.470755333333
12.284083	508.376603333333
12.287923	505.539334666667
12.291762	502.772064
12.295601	502.487152666667
12.299441	505.68044
12.30328	512.230209333333
12.307119	505.373834
12.310959	499.812246666667
12.314798	500.820846
12.318637	504.249818666667
12.322477	506.934794666667
12.326316	502.661212666667
12.330155	511.573508
12.333995	517.523268666667
12.337834	510.556288666667
12.341673	506.545157333333
12.345513	512.231014666667
12.349352	516.123366666667
12.353191	506.863951333333
12.357031	496.047551333333
12.36087	499.066532666667
12.364709	500.956583333333
12.368549	498.231738666667
12.372388	499.849303333333
12.376228	505.519470666667
12.380067	508.801707333333
12.383907	500.517879333333
12.387746	494.885579333333
12.391586	501.000738
12.395425	508.341468
12.399265	512.510308666667
12.403104	511.873252
12.406943	509.746342
12.410783	505.963078
12.414622	507.602760666667
12.418461	510.053036
12.422301	504.311830666667
12.42614	501.165767333333
12.429979	508.689282666667
12.433819	516.081652666667
12.437658	517.659838666667
12.441497	516.564903333333
12.445337	511.360808666667
12.449176	508.856822
12.453015	514.10766
12.456855	518.401573333333
12.460694	520.898222
12.464533	522.885785333333
12.468373	524.066315333333
12.472212	525.227378666667
12.476052	521.002742
12.479891	520.710402
12.48373	521.317826666667
12.48757	517.920096666667
12.491409	518.61731
12.495248	522.901696666667
12.499088	522.962546666667
12.502927	519.636876666667
12.506767	514.87391
12.510606	512.878690666667
12.514445	514.522130666667
12.518285	517.841525333333
12.522124	516.034585333333
12.525964	509.791970666667
12.529803	518.644114
12.533643	526.863276666667
12.537482	521.153339333333
12.541321	516.332260666667
12.545161	513.708942
12.549	512.243312666667
12.552839	509.296381333333
12.556679	509.087690666667
12.560518	515.560992666667
12.564358	517.634074666667
12.568197	524.267513333333
12.572036	523.830144666667
12.575876	516.805282
12.579715	516.330562666667
12.583554	520.404052
12.587394	522.604573333334
12.591233	523.948866
12.595072	525.374293333333
12.598912	519.669103333333
12.602751	519.588084666667
12.60659	519.051892
12.61043	512.447957333333
12.614269	509.999093333333
12.618108	510.126064666667
12.621948	519.686548
12.625787	521.188316
12.629626	510.686288
12.633466	504.24851
12.637305	503.019553333333
12.641145	508.660539333333
12.644984	513.998634
12.648824	513.833945333333
12.652663	508.040550666667
12.656503	503.035929333333
12.660342	508.280844666667
12.664182	514.442432
12.668021	523.642796
12.67186	532.995862666667
12.6757	533.758957333333
12.679539	535.529718666667
12.683378	531.37426
12.687218	522.022727333333
12.691057	515.04818
12.694896	519.728859333333
12.698736	526.777235333333
12.702575	524.619324
12.706414	521.699919333333
12.710254	514.536767333333
12.714093	516.263051333333
12.717932	529.230399333333
12.721772	533.885552666667
12.725611	533.02352
12.72945	525.489683333333
12.73329	519.489884666667
12.737129	524.281184666667
12.740968	531.693609333333
12.744808	526.254911333333
12.748647	517.669780666667
12.752486	521.671292
12.756326	525.584804666667
12.760165	523.920602
12.764005	516.824298666667
12.767844	511.610477333333
12.771684	520.315494666667
12.775523	535.426566
12.779362	536.295094666667
12.783202	522.689946
12.787041	524.332822666667
12.790881	533.930626
12.79472	530.974334666667
12.79856	516.790004666667
12.802399	516.4733
12.806238	527.833982666667
12.810077	528.697210666667
12.813918	527.641336666667
12.817757	527.533284
12.821596	530.826612666667
12.825435	530.047241333333
12.829274	524.306842666667
12.833113	522.89265
12.836954	532.403795333333
12.840793	541.173083333333
12.844632	531.853339333333
12.848471	521.373352
12.85231	520.784287333333
12.856149	518.87245
12.85999	515.687284
12.863829	516.763896666667
12.867668	516.284788666667
12.871507	516.109532
12.875346	524.316140666667
12.879185	522.991712
12.883026	517.500024666667
12.886865	524.356316666667
12.890704	533.377491333333
12.894543	533.434654
12.898383	525.881080666667
12.902223	525.648484
12.906062	532.123914
12.909901	531.910039333333
12.913741	531.143179333333
12.91758	535.355575333333
12.921419	538.577649333333
12.925259	537.126536
12.929099	535.883974
12.932938	542.733120666667
12.936777	543.764126666667
12.940616	544.610522
12.944455	543.294332
12.948296	535.616868666667
12.952135	538.355654666667
12.955974	536.840842666667
12.959813	537.275350666667
12.963652	544.454121333333
12.967491	538.325895333333
12.971332	526.168878666667
12.975171	523.266595333333
12.97901	537.741843333333
12.982849	548.408715333333
12.986688	544.860196
12.990527	539.324579333333
12.994368	539.46875
12.998207	541.539997333333
13.002046	537.937051333333
13.005885	535.668118
13.009724	536.007815333333
13.013565	526.687406666667
13.017404	526.553384666667
13.021243	531.320717333333
13.025082	529.777119333333
13.028922	534.030494
13.032761	542.041393333333
13.036601	544.940636
13.04044	547.483563333333
13.044279	545.180667333333
13.048119	543.999416
13.051958	549.124680666667
13.055797	545.482147333333
13.059637	545.767407333333
13.063477	544.588370666667
13.067316	544.796618
13.071155	546.768815333333
13.074994	544.175414
13.078833	537.668672
13.082674	534.253496666667
13.086513	528.098624
13.090352	532.165799333333
13.094191	537.098645333333
13.09803	534.715886666667
13.101871	537.842954666667
13.10571	538.317995333333
13.109549	541.561965333333
13.113388	543.992679333333
13.117227	541.52271
13.121066	541.412180666667
13.124907	543.815194
13.128746	543.235352
13.132585	551.135677333333
13.136424	557.546792
13.140263	547.654944666667
13.144102	541.199558666667
13.147943	538.730318666667
13.151782	536.705472
13.155621	540.565712666667
13.15946	541.554074
13.1633	545.648647333333
13.167139	548.738916
13.170979	555.632422
13.174818	558.208503333333
13.178658	548.764248
13.182497	548.3441
13.186336	550.301004
13.190176	546.926668
13.194016	546.261251333333
13.197855	550.240028666667
13.201694	553.399743333333
13.205533	553.969094
13.209372	559.382370666667
13.213213	557.289414
13.217052	556.454387333333
13.220891	554.531355333333
13.22473	549.542326
13.228569	543.333767333333
13.232408	539.057086
13.236249	547.526194666667
13.240088	552.759261333333
13.243927	548.352611333333
13.247766	549.014035333333
13.251605	561.574757333333
13.255444	573.133746666667
13.259285	560.160434
13.263124	546.765276666667
13.266963	543.724262666667
13.270802	540.399110666667
13.274641	540.402806
13.278481	538.823658
13.282321	540.289469333333
13.28616	558.282308
13.289999	561.017594
13.293839	548.903858666667
13.297678	548.685795333333
13.301518	554.144930666667
13.305357	560.479687333333
13.309196	559.839209333333
13.313036	560.779695333333
13.316875	569.114035333333
13.320714	570.413716666667
13.324554	559.603434
13.328394	550.535082
13.332233	553.763096
13.336072	554.703447333333
13.339911	552.795364
13.34375	548.151782666667
13.347591	549.571938666667
13.35143	550.963915333333
13.355269	543.757289333333
13.359108	545.419428666667
13.362947	555.867258
13.366786	569.443687333333
13.370627	573.620744
13.374466	560.842558666667
13.378305	550.406908666667
13.382144	544.826292666667
13.385983	542.279801333333
13.389824	552.945602
13.393663	569.128401333333
13.397502	573.488903333333
13.401341	567.299998
13.40518	564.795608
13.409019	568.441233333333
13.41286	569.801025333333
13.416699	568.074830666667
13.420538	563.055196666667
13.424377	566.308872
13.428217	580.755339333333
13.432056	584.041311333333
13.435896	574.668241333333
13.439735	569.777651333333
13.443575	562.992760666667
13.447414	563.822904666667
13.451253	566.333854666667
13.455092	575.062918
13.458932	579.134099333333
13.462772	563.59749
13.466611	566.172884
13.47045	575.844252666667
13.474289	571.248422
13.47813	572.278906666667
13.481969	573.575138
13.485808	562.386971333333
13.489647	555.264522666667
13.493486	554.216996666667
13.497325	560.690454666667
13.501166	571.236972666667
13.505005	572.364415333333
13.508844	570.184708
13.512683	572.479896666667
13.516522	581.856853333333
13.520361	588.581283333333
13.524202	577.977442666667
13.528041	582.653906666667
13.53188	594.239136
13.535719	584.981176
13.539558	578.201946
13.543398	573.030408666667
13.547238	578.53891
13.551077	583.990032666667
13.554916	577.276798666667
13.558755	566.377836666667
13.562595	565.369386666667
13.566434	569.375152666667
13.570274	573.461996
13.574113	575.020434666667
13.577953	574.30223
13.581792	569.974352666667
13.585631	571.748296666667
13.589471	580.344868666667
13.593311	588.227620666667
13.59715	592.825323333333
13.600989	590.066635333333
13.604828	585.105652
13.608667	579.545690666667
13.612508	580.733467333333
13.616347	583.972025333333
13.620186	586.886079333333
13.624025	588.570226
13.627864	590.886574666667
13.631703	587.096040666667
13.635544	582.001067333333
13.639383	594.476658
13.643222	592.749974666667
13.647061	587.310378666667
13.6509	598.37291
13.654739	601.661165333333
13.65858	601.389250666667
13.662419	597.443502666667
13.666258	591.355348
13.670097	588.306724
13.673936	587.596616666667
13.677777	593.233522
13.681616	599.639412
13.685455	593.592068666667
13.689294	597.12157
13.693134	587.735084
13.696973	565.889009333333
13.700813	573.658852
13.704652	594.08845
13.708492	601.502662
13.712331	594.964204666667
13.71617	587.600918
13.720009	588.068581333333
13.723849	603.537975333333
13.727689	599.718220666667
13.731528	591.720826
13.735367	594.107207333333
13.739206	596.920837333333
13.743045	607.041459333333
13.746886	612.639612
13.750725	604.869161333333
13.754564	598.094751333333
13.758403	604.256999333333
13.762242	604.255729333333
13.766083	598.303694
13.769922	593.151385333333
13.773761	594.809004666667
13.7776	596.868127333333
13.781439	599.722343333333
13.785278	601.725667333333
13.789119	599.84527
13.792958	591.227435333333
13.796797	594.478556666667
13.800636	596.698698
13.804475	584.109656666667
13.808315	589.977571333333
13.812155	589.439827333333
13.815994	588.219764666667
13.819833	590.338057333333
13.823672	586.081657333333
13.827512	587.994412666667
13.831351	588.099079333333
13.835191	599.895728666667
13.83903	607.135318666667
13.84287	588.652414666667
13.846709	592.126465333333
13.850548	605.401728666667
13.854387	601.369431333333
13.858228	599.662446666667
13.862067	611.029861333333
13.865906	613.93538
13.869745	607.579735333333
13.873584	608.504046666667
13.877425	608.711047333333
13.881264	605.581834666667
13.885103	605.171934
13.888942	609.676097333333
13.892781	620.636681333333
13.89662	620.244584666667
13.900461	622.316434666667
13.9043	622.240996
13.908139	598.827824666667
13.911978	599.859172666667
13.915817	621.366068666667
13.919656	616.752375333333
13.923497	601.15939
13.927336	610.09996
13.931175	616.516916
13.935014	611.461178
13.938853	613.11923
13.942693	617.206546
13.946533	620.469261333333
13.950372	619.216604666667
13.954211	615.632385333333
13.958051	611.785882666667
13.96189	607.131784666667
13.96573	608.363494
13.969569	605.787119333333
13.973409	608.328372666667
13.977248	615.980530666667
13.981087	616.806593333333
13.984926	620.399043333333
13.988766	627.43355
13.992606	617.713489333333
13.996445	609.969125333333
14.000284	607.289302
14.004123	611.564331333333
14.007962	608.638182666667
14.011803	609.045658666667
14.015642	621.055594666667
14.019481	614.845870666667
14.02332	607.244798
14.027159	613.368644
14.030998	609.96554
14.034839	601.367235333333
14.038678	604.471115333333
14.042517	620.038938666667
14.046356	610.172054666667
14.050195	592.168845333333
14.054036	590.543062
14.057875	582.483807333333
14.061714	600.056507333333
14.065553	610.305254
14.069392	604.668894666667
14.073232	599.139939333333
14.077072	610.148955333333
14.080911	621.929642666667
14.08475	619.582022666667
14.088589	613.280576666667
14.092429	621.721894666667
14.096268	623.638852666667
14.100108	613.212246666667
14.103947	618.786645333333
14.107787	622.62722
14.111626	614.185470666667
14.115465	610.592680666667
14.119304	621.314561333333
14.123145	615.747404666667
14.126984	623.281330666667
14.130823	634.649433333333
14.134662	621.513481333333
14.138501	613.2439
14.14234	624.754650666667
14.146181	636.345988666667
14.15002	635.278172666667
14.153859	627.653604666667
14.157698	623.702006666667
14.161537	612.387670666667
14.165378	608.541435333333
14.169217	622.72811
14.173056	629.468530666667
14.176895	632.604206666667
14.180734	629.793363333333
14.184573	619.942968666667
14.188414	622.329524
14.192253	622.576522666667
14.196092	622.028296
14.199931	623.720699333333
14.20377	631.023344
14.20761	643.658683333333
14.21145	644.135527333333
14.215289	639.759578
14.219128	636.408394666667
14.222968	635.874990666667
14.226807	639.703749333333
14.230646	638.322318
14.234486	634.90055
14.238326	639.586861333333
14.242165	646.214945333333
14.246004	641.810128
14.249843	643.2568
14.253683	636.057665333333
14.257523	625.803008
14.261362	630.617768666667
14.265201	629.539082666667
14.26904	627.111629333333
14.272879	628.927863333333
14.27672	639.265141333333
14.280559	627.189832
14.284398	621.768770666666
14.288237	623.998780666667
14.292076	617.247277333333
14.295915	621.246016666666
14.299756	622.957352666667
14.303595	638.450078
14.307434	641.991991333333
14.311273	632.850785333333
14.315112	627.168990666667
14.318951	632.579484
14.322792	633.562514666667
14.326631	638.845772666667
14.33047	644.578458666667
14.334309	637.271410666667
14.338148	626.007442
14.341989	636.203325333333
14.345828	647.568782666667
14.349667	645.284416
14.353506	647.733106
14.357346	648.806901333333
14.361185	639.887545333333
14.365025	640.903921333333
14.368864	655.660544
14.372704	648.182799333333
14.376543	649.066222666667
14.380382	655.173348
14.384221	649.461593333333
14.388062	637.167158666667
14.391901	642.199763333333
14.39574	656.925966666667
14.399579	646.926525333333
14.403418	646.942882666666
14.407257	653.355993333333
14.411098	646.515144
14.414937	652.238254
14.418776	658.594294666667
14.422615	640.676887333333
14.426454	646.242720666667
14.430293	661.163052666667
14.434134	650.783308666667
14.437973	643.612020666667
14.441812	648.106518666667
14.445651	650.472396
14.44949	654.076472
14.453331	647.580111333333
14.45717	644.71836
14.461009	645.985638666667
14.464848	636.101612666667
14.468687	639.946842666667
14.472527	656.95979
14.476367	655.113631333333
14.480206	651.208904
14.484045	653.654463333333
14.487885	651.504332666667
14.491724	648.295406666667
14.495563	639.510010666667
14.499403	631.202368666667
14.503242	650.277107333333
14.507082	657.768653333333
14.510921	658.944868666667
14.51476	650.853414666667
14.518599	648.350005333333
14.52244	645.153612666667
14.526279	641.604281333333
14.530118	642.417071333333
14.533957	640.140115333333
14.537796	630.662560666667
14.541637	647.146317333334
14.545476	658.211838
14.549315	658.333614666667
14.553154	653.211538666667
14.556993	659.944714
14.560832	658.518896666667
14.564673	662.210932666667
14.568512	668.83204
14.572351	659.742903333333
14.57619	655.256486
14.580029	668.280889333333
14.583868	676.204896
14.587709	683.104753333333
14.591548	673.196424
14.595387	663.319898666667
14.599226	669.723334666667
14.603065	677.490710666667
14.606905	683.017004
14.610745	672.568463333333
14.614584	682.578526666667
14.618423	681.530867333333
14.622263	684.702213333333
14.626102	659.770837333333
14.629942	672.264509333333
14.633781	690.013558
14.637621	676.480946666667
14.64146	663.004468666667
14.645299	666.278612666667
14.649138	676.014885333333
14.652979	681.319093333333
14.656818	684.337504666667
14.660657	670.438191333333
14.664496	685.040206
14.668335	680.565974666667
14.672174	666.872328
14.676015	679.234139333333
14.679854	674.986902666667
14.683693	677.350476
14.687532	675.291158
14.691371	679.279287333333
14.69521	698.034038
14.699051	693.652957333333
14.70289	684.833142
14.706729	678.082707333333
14.710568	671.784131333333
14.714407	678.428597333333
14.718246	680.16016
14.722087	677.941512666667
14.725926	668.301591333333
14.729765	665.716016
14.733604	666.139806666667
14.737444	670.945457333333
14.741284	678.526372
14.745123	681.210094
14.748962	676.432498
14.752802	689.451655333333
14.756641	680.206071333333
14.76048	675.939982
14.76432	666.477718
14.768159	678.231263333333
14.771999	684.070512
14.775838	676.031358666667
14.779677	670.500854666667
14.783516	676.055994
14.787357	692.666000666667
14.791196	693.366243333333
14.795035	686.761312666667
14.798874	691.853604666667
14.802713	684.478006666666
14.806552	677.386771333333
14.810393	685.571656
14.814232	689.326774666667
14.818071	683.432065333333
14.82191	694.39907
14.825749	694.063879333333
14.82959	691.040630666667
14.833429	709.772484666667
14.837268	704.593611333333
14.841107	677.454410666667
14.844946	681.697888666667
14.848785	695.341956666667
14.852626	677.02668
14.856465	679.752925333333
14.860304	675.315035333333
14.864143	688.154622
14.867982	704.894241333333
14.871822	700.473352
14.875662	695.994233333333
14.879501	688.35171
14.88334	693.064699333333
14.88718	706.461472
14.891019	719.914665333333
14.894858	717.718700666667
14.898698	711.874165333333
14.902538	696.778169333333
14.906377	718.563106
14.910216	729.939689333333
14.914055	712.173617333333
14.917896	712.264717333333
14.921735	716.001702666667
14.925574	719.963204666667
14.929413	714.279908666667
14.933252	714.361019333333
14.937091	721.085567333333
14.940932	728.223986666667
14.944771	712.705933333333
14.94861	710.91643
14.952449	707.255404666667
14.956288	705.858959333333
14.960127	726.686250666667
14.963968	726.915251333333
14.967807	709.898441333333
14.971646	714.566967333333
14.975485	726.999051333333
14.979324	732.064506
14.983163	733.804675333333
14.987004	724.147371333333
14.990843	725.341076
14.994682	733.000941333333
14.998521	722.568330666667
15.002361	706.574994
15.0062	703.572573333333
15.01004	705.848987333333
15.013879	733.481046666667
15.017719	736.585941333333
15.021558	721.437053333333
15.025397	720.878848666667
15.029237	717.336152666667
15.033076	714.490319333333
15.036916	721.973210666667
15.040755	716.440151333333
15.044594	741.08706
15.048433	749.650724666667
15.052274	734.632938
15.056113	734.231462
15.059952	729.128902666667
15.063791	727.675313333333
15.06763	721.728003333333
15.071469	743.268828
15.07531	752.258879333333
15.079149	741.822236
15.082988	745.503640666667
15.086827	750.34198
15.090666	728.63101
15.094505	729.783968
15.098346	731.049218
15.102185	740.284133333333
15.106024	749.969902
15.109863	739.940519333333
15.113702	743.31206
15.117543	755.854074
15.121382	759.558731333333
15.125221	738.475817333333
15.12906	746.661006666667
15.132899	753.340938
15.136739	745.328053333333
15.140579	726.440478666667
15.144418	746.224010666667
15.148257	740.619325333333
15.152097	741.288029333333
15.155936	751.124715333333
15.159775	760.730925333333
15.163615	747.081587333333
15.167455	742.706112
15.171294	750.642329333333
15.175133	750.070432
15.178972	738.153572666667
15.182811	740.56788
15.186652	750.988347333333
15.190491	752.568681333333
15.19433	756.519169333333
15.198169	756.405340666667
15.202008	748.248939333333
15.205849	723.656392666667
15.209688	729.205269333333
15.213527	736.380335333333
15.217366	737.052742666667
15.221205	744.837174
15.225044	736.619938666667
15.228885	732.330505333333
15.232724	742.793522
15.236563	756.197318666667
15.240402	753.134408666667
15.244241	745.538188666667
15.24808	759.282540666667
15.251921	762.349404666667
15.25576	773.730110666667
15.259599	766.100993333333
15.263438	783.074750666667
15.267278	763.145246666667
15.271117	763.545394666667
15.274957	773.531368
15.278796	770.944418
15.282635	771.391552666666
15.286475	771.827103333333
15.290314	748.55293
15.294153	753.601909333333
15.297993	758.719103333333
15.301833	755.369474
15.305672	764.252843333333
15.309511	777.427876666667
15.31335	764.815544
15.317191	773.110494
15.32103	770.616849333333
15.324869	767.08297
15.328708	769.284521333333
15.332547	770.32194
15.336386	780.330126666667
15.340227	763.981710666667
15.344066	764.129648
15.347905	766.664050666667
15.351744	827.471298666667
15.355583	873.220333333333
15.359422	826.95408
15.363263	764.518425333333
15.367102	758.398518
15.370941	754.723478
15.37478	764.690624
15.378619	771.375646666667
15.382458	774.745118
15.386299	764.909814666667
15.390138	759.765364
15.393977	762.942818
15.397816	774.405078
15.401656	783.522241333333
15.405496	787.031090666667
15.409335	777.488194666667
15.413174	764.671284666667
15.417014	773.020309333333
15.420853	787.752018
15.424692	782.489771333333
15.428532	775.105188666667
15.432372	793.340148
15.436211	780.738406666667
15.44005	764.758353333333
15.443889	763.65479
15.447728	791.418036
15.451569	806.574808666667
15.455408	789.705598666667
15.459247	768.665070666667
15.463086	768.411884666667
15.466925	782.82816
15.470764	766.345121333333
15.474605	761.056678666667
15.478444	781.83308
15.482283	793.892989333333
15.486122	781.079182
15.489961	780.480968666667
15.493802	795.245467333333
15.497641	783.062679333333
15.50148	789.401102666667
15.505319	804.414692
15.509158	792.060856666667
15.512997	807.888847333334
15.516838	779.060260666667
15.520677	775.50811
15.524516	798.154631333333
15.528355	777.38295
15.532195	794.92054
15.536034	797.998055333333
15.539874	791.319696666667
15.543713	824.689424
15.547552	813.606905333333
15.551392	800.088679333333
15.555231	785.951892
15.55907	789.086719333333
15.56291	793.67144
15.56675	797.012748666667
15.570589	793.268449333333
15.574428	791.473697333333
15.578267	796.207646
15.582106	780.621480666667
15.585947	776.567337333333
15.589786	781.828002
15.593625	779.750728
15.597464	782.179386
15.601303	784.0774
15.605144	796.278356666667
15.608983	800.768241333333
15.612822	794.765954666667
15.616661	790.079785333333
15.6205	813.415073333333
15.624339	798.132248666667
15.62818	791.953512666667
15.632019	784.941617333333
15.635858	811.763536666667
15.639697	798.629330666667
15.643536	786.177002
15.647375	798.779447333333
15.651216	819.211218
15.655055	797.650728666667
15.658894	781.069036
15.662733	788.130302
15.666573	803.052152666667
15.670412	786.049195333333
15.674252	789.081082666666
15.678091	784.103371333333
15.681931	744.676928666667
15.68577	754.917338
15.689609	770.682743333333
15.693449	788.303102
15.697289	793.022948666667
15.701128	793.644088
15.704967	785.651364
15.708806	785.102712666666
15.712645	793.457918666667
15.716486	785.866255333333
15.720325	775.320084
15.724164	771.468240666667
