46.9332	98.2632
47.4587	92.0526
47.9863	99.7369
48.5117	93.6316
49.0371	97.3158
49.5625	92.6842
50.09	94.1579
50.6153	92.8947
51.1406	93.7368
51.6658	96.3684
52.191	92.6842
52.7162	95.3158
53.2435	96.3684
53.7687	93.7368
54.2938	93.2105
54.8188	91.6316
55.3439	92.0526
55.8689	91
56.396	91.9474
56.921	89.1053
57.4459	93
57.9708	91.7368
58.4957	95
59.0205	92.4737
59.5453	92.7895
60.0701	92.7895
60.597	94.1579
61.1217	91.1053
61.6464	90.4737
62.171	90.4737
62.6957	91.5263
63.2203	92.579
63.7448	90.2632
64.2694	91.8421
64.7939	90.7895
65.3184	88.3684
65.8428	91.5263
66.3672	90.5789
66.8916	91.2105
67.416	90.8947
67.9403	90.3684
68.4646	95.9474
68.9889	91
69.5132	91.3158
70.0395	90.0526
70.5637	89.3158
71.0879	90.1579
71.6099	90.1579
72.134	92.5789
72.658	92.5789
73.1821	91.2105
73.7061	90.8947
74.2301	91.3158
74.754	91.6316
75.278	94.1579
75.8018	95
76.3257	94.8947
76.8496	92.7895
77.3734	91.2105
77.8971	90.0526
78.4209	92.1579
78.9446	95.5263
79.4683	95.8421
79.992	93.6316
80.5156	93.6316
81.0392	93.4211
81.5606	93.8421
82.0842	93.9474
82.6077	98.1579
83.1312	98.4737
83.6546	98.4737
84.1781	99
84.7015	98.6842
85.2248	97.7368
85.746	95.1053
86.2693	99.2105
86.7926	100.263
87.3159	96.579
87.8391	97.7368
88.3623	96.0526
88.8833	95.7368
89.4064	100.158
89.9296	103
90.4526	101.842
90.9757	102.895
91.4966	106.789
92.0196	103.842
92.5425	103.526
93.0654	105.632
93.5883	103.421
94.1091	107.421
94.6319	108.789
95.1547	109.421
95.6775	112.684
96.1981	109.947
96.7209	110.895
97.2436	113.632
97.7662	112.789
98.2867	116.579
98.8093	117.947
99.3319	117.526
99.8523	124.368
100.375	122.789
100.897	124.684
101.42	125.842
101.94	124.579
102.463	129
102.985	129.211
103.505	128.579
104.027	130.579
104.55	128.053
105.07	131.737
105.592	135.737
106.114	134.579
106.634	136.158
107.156	138.158
107.679	137
108.199	135
108.721	139.947
109.24	134.895
109.762	139.842
110.284	142.474
110.804	142.579
111.326	141.737
111.846	141.737
112.368	141.842
112.89	142.053
113.409	141.211
113.931	147.211
114.451	145.421
114.972	147.737
115.492	147.421
116.013	146.474
116.535	142.263
117.055	146.368
117.576	146.263
118.096	146.895
118.617	144.789
119.136	144.789
119.658	138.368
120.177	144.158
120.699	145
121.218	142.368
121.739	135.947
122.258	141.947
122.779	141.632
123.299	141
123.82	137.632
124.339	137.421
124.86	137
125.379	134.474
125.9	134.789
126.419	135.316
126.938	136.263
127.459	135.421
127.978	135.421
128.499	135.842
129.018	135.737
129.538	135.316
130.057	135.947
130.576	131.316
131.097	136.263
131.615	136.368
132.136	133.632
132.655	135.421
133.173	132.053
133.694	136.684
134.212	137.947
134.731	135.526
135.251	135
135.77	136.684
136.29	138.263
136.809	137.211
137.327	134.158
137.848	137.211
138.366	143.316
138.884	142.263
139.402	143.316
139.923	141.842
140.441	139.632
140.959	140.263
141.479	141.737
141.997	140.368
142.515	139.316
143.035	144.263
143.553	142.895
144.071	144.053
144.589	139.842
145.109	140.368
145.627	138.789
146.145	135.737
146.663	137
147.183	136.684
147.7	137.421
148.218	137.211
148.736	131
149.254	131.737
149.773	131
150.291	131.737
150.809	129.316
151.326	125.947
151.844	125.316
152.363	123.947
152.881	124.684
153.398	125.737
153.916	123.105
154.433	120.053
154.952	122.579
155.47	120.368
155.987	114.053
156.504	115.947
157.022	115.632
157.539	112.368
158.056	111.211
158.573	116.474
159.092	107.842
159.609	111.211
160.126	109
160.644	109.316
161.161	107.421
161.678	105.526
162.194	106.263
162.711	103.842
163.228	105.105
163.745	101.316
164.262	101.526
164.781	101.947
165.298	103.421
165.814	101.421
166.331	97.8421
166.848	101.105
167.365	99.9474
167.881	95.5263
168.398	99.1053
168.914	95.2105
169.431	93.8421
169.947	96.4737
170.464	94.5789
170.98	94.3684
171.497	91
172.013	91.8421
172.53	88.7895
173.046	85
173.562	87.7368
174.079	86.6842
174.595	85.8421
175.111	82.6842
175.625	87.1053
176.141	82.3684
176.657	84.6842
177.174	81.4211
177.69	80.7895
178.206	81.2105
178.722	79.5263
179.238	81
179.754	77.9474
180.27	78.1579
180.786	80.0526
181.302	78.2632
181.815	80.8947
182.331	75.9474
182.847	75
183.363	76.4737
183.878	75.8421
184.394	75.8421
184.91	74.6842
185.423	78.6842
185.939	73.7368
186.455	76.7895
186.97	72.1579
187.486	72.7895
188.001	73.8421
188.515	77.5263
189.03	74.2632
189.546	77.8421
190.061	76.2632
190.576	75.9474
191.09	76.2632
191.605	74.4737
192.12	72.8947
192.635	76.3684
193.149	73.4211
193.664	74.4737
194.179	71.8421
194.694	73.3158
195.207	70.8947
195.722	73.1053
196.237	73.3158
196.752	75
197.265	70.8947
197.78	73.4211
198.295	74.4737
198.81	69.1053
199.323	73.1053
199.838	72.6842
200.353	70.6842
200.865	75.3158
201.38	74.4737
201.895	71.2105
202.407	71.6316
202.922	72.2632
203.437	77.5263
203.949	74.4737
204.464	74.3684
204.979	75.2105
205.491	73.1053
206.005	77.5263
206.518	74.8947
207.032	71.9474
207.547	76.8947
208.059	76.2632
208.573	73.6316
209.088	74.7895
209.6	79.1053
210.114	75.5263
210.626	71.9474
211.141	75.421
211.653	71.2105
212.167	72.5789
212.681	73.2105
213.193	73.1053
213.707	70.5789
214.219	73.7368
214.733	71.9474
215.245	73.1053
215.759	73.3158
216.271	74.6842
216.785	73.7368
217.297	74.0526
217.811	70.1579
218.322	72.2632
218.836	73.9474
219.348	71.4211
219.862	69.1053
220.373	72.7895
220.887	72.2632
221.398	72.2632
221.912	70.3684
222.424	73.3158
222.937	71.8421
223.449	71.2105
223.962	69.3158
224.474	72.4737
224.985	70.8947
225.498	73.4211
226.01	71.3158
226.523	75.9474
227.034	69.4211
227.546	73.2105
228.059	68.4737
228.57	70.1579
229.083	71.9474
229.594	72.8947
230.105	72.3684
230.619	69.6316
231.13	75.1053
231.643	71.9474
232.154	67.7368
232.665	72.8947
233.178	69.4211
233.689	71.2105
234.199	70.0526
234.712	71.2105
235.223	68.2631
235.734	70.4737
236.247	71.9474
236.758	67.8421
237.268	69.5263
237.779	70.8947
238.292	71.7368
238.802	70.2632
239.313	71.5263
239.826	70.3684
240.336	69.4211
240.847	71
241.357	69.8421
241.87	68.3684
242.38	69.9474
242.89	71.3158
243.401	71.4211
243.913	71.8421
244.423	71.2105
244.934	72.2632
245.444	71.7368
245.954	67.3158
246.466	70.3684
246.977	71.3158
247.487	71
247.997	69.2105
248.507	69.7368
249.019	69.8421
249.529	69.3158
250.039	67
250.549	71.2105
251.059	69.6316
251.569	69.6316
252.081	65.9474
252.591	71.7369
253.1	69.1053
253.61	67.6316
254.12	69.8421
254.63	67.3158
255.139	68.7895
255.649	71
256.159	68.6842
256.671	68.1579
257.18	69.8421
257.69	69.7368
258.199	70.4737
258.709	70.5789
259.218	70.7895
259.728	72.3684
260.237	69.6316
260.747	70.5789
261.256	72.0526
261.765	71
262.275	68.0526
262.784	70.4737
263.293	68.4737
263.802	68.5789
264.312	69.7368
264.821	70.6842
265.33	70.0526
265.839	72.7895
266.348	69.2105
266.857	69.3158
267.366	72.5789
267.875	69.7368
268.384	70.4737
268.893	69.1053
269.402	69
269.911	72.2632
270.42	68.6842
270.929	72.7895
271.438	69.4211
271.946	69.2105
272.455	70.3684
272.964	70.5789
273.472	68.4737
273.981	69.7368
274.488	66.7895
274.996	70.4737
275.505	69.5263
276.013	69.6316
276.522	68.4737
277.031	69.8421
277.539	69.9474
278.047	68.7895
278.556	69
279.062	70.6842
279.571	71.2105
280.079	70.579
280.587	72.8947
281.095	71
281.604	72.5789
282.11	70.3684
282.618	72.6842
283.126	67.4211
283.634	70.7895
284.142	69
284.648	69.6316
285.157	69.4211
285.665	71.2105
286.173	69.1053
286.681	69.7368
287.186	74.8947
287.694	69.8421
288.202	71.8421
288.71	69.2105
289.216	70.4737
289.724	67.1053
290.231	68.1579
290.739	70.3684
291.245	70.2632
291.753	69.2105
292.26	70.4737
292.766	72.5789
293.273	70.2632
293.781	73.6316
294.286	71.5263
294.794	71.5263
295.301	69.421
295.807	71.6316
296.314	72.6842
296.822	72.4737
297.327	73.9474
297.834	68.6842
298.342	72.8947
298.847	69.2105
299.354	72.7895
299.861	71.2105
300.367	73.4211
300.874	71.9474
301.381	72.3684
301.886	73
302.393	72.8947
302.898	71
303.405	71.5263
303.912	74.1579
304.417	73.5263
304.924	74.6842
305.429	81.3158
305.936	73.6316
306.441	76.1579
306.948	75.3158
307.452	78.5789
307.959	75.421
308.466	75.9474
308.971	76.2632
309.477	76.4737
309.982	79.6316
310.489	77.2105
310.993	79.8421
311.5	82.0526
312.004	78.7895
312.511	79
313.015	78.8947
313.522	81
314.026	80.2632
314.533	81.2105
315.037	83.6316
315.541	79.6316
316.048	83.3158
316.552	81.7368
317.058	81.5263
317.562	81
318.069	80.7895
318.573	79
319.079	81.6316
319.583	81.8421
320.087	77.1053
320.593	79.3158
321.097	78.8947
321.603	77.3158
322.107	81.3158
322.611	75.5263
323.117	77.9474
323.621	77.5263
324.125	80.3684
324.631	77.4211
325.135	79.7368
325.638	79.6316
326.144	82.1579
326.648	81.6316
327.151	85.8421
327.657	82.6842
328.161	85.421
328.664	88.1579
329.17	86.6842
329.674	87.7368
330.177	89.2105
330.683	91.5263
331.186	93.1053
331.69	92.3684
332.193	95.3158
332.698	95.2105
333.202	94.3684
333.705	94.8947
334.21	99.6316
334.714	101.737
335.217	104.053
335.72	105.842
336.225	103.737
336.729	110.158
337.232	112.158
337.735	110.579
338.238	115.737
338.743	117.947
339.246	118.474
339.749	121.526
340.252	126.053
340.755	123.842
341.26	128.368
341.763	132.368
342.266	126.053
342.768	131.526
343.271	128.053
343.774	125.737
344.277	121.316
344.782	116.895
345.284	115.842
345.787	109.842
346.29	105.842
346.792	101
347.295	96.0526
347.797	95.2105
348.3	88.0526
348.802	85.8421
349.307	83.5263
349.809	81.5263
350.312	78.4737
350.814	76.0526
351.316	74.5789
351.819	75
352.321	74.3684
352.823	71.8421
353.326	71.3158
353.828	70.6842
354.33	71.9474
354.832	69.1053
355.334	70.0526
355.836	70.3684
356.338	68.6842
356.841	69.5263
357.343	72.1579
357.845	68.3684
358.347	67.1053
358.848	67.5263
359.35	65.9474
359.852	65.2105
360.354	66.0526
360.856	65
361.358	65.9474
361.86	65.4211
362.361	62.8947
362.863	64.6842
363.365	65.5263
363.866	64.2632
364.368	62.3684
364.868	63.5263
365.369	63.3158
365.871	63.1053
366.372	63.8421
366.874	62.7895
367.375	62.6842
367.877	65.8421
368.378	63.8421
368.88	61.3158
369.379	61.7368
369.88	64.1579
370.382	60.1579
370.883	62.5789
371.384	64.6842
371.885	61
372.385	63.4211
372.886	59.2105
373.387	61.4211
373.888	63.2105
374.389	60.3684
374.89	63.8421
375.389	63
375.89	60.5789
376.391	61.1053
376.892	61.2105
377.391	63.5263
377.892	60.2632
378.393	62.7895
378.894	62.6842
379.392	61.1053
379.893	59.8421
380.394	62.0526
380.895	61.6316
381.393	60.8947
381.894	61.5263
382.395	61.6316
382.895	60.7895
383.394	61.9474
383.895	62.1579
384.395	60.8947
384.894	59.6316
385.394	58.8947
385.895	61.3158
386.393	60.8947
386.893	59.9474
387.394	63.6316
387.892	61
388.392	61.1053
388.893	60.1579
389.391	58.8947
389.891	59.8421
390.391	61.4211
390.89	59.7368
391.39	64.0526
391.888	62.3684
392.388	64.1579
392.888	58.8947
393.386	63.1053
393.886	59.4211
394.384	61.3158
394.884	59.1053
395.382	59.7368
395.882	61.7368
396.382	60.6842
396.88	61.5263
397.379	61.2105
397.877	58.2632
398.377	62.5789
398.875	60.8947
399.374	60.8947
399.872	60.2632
400.372	62.7895
400.869	59.7368
401.369	63.4211
401.867	60.1579
402.366	59.2105
402.864	58.1579
403.363	61.2105
403.861	62.8947
404.36	59.421
404.857	62.4737
405.357	61.3158
405.854	60.2632
406.353	58.0526
406.851	61
407.348	60.0526
407.847	61
408.344	58.8947
408.844	60.8947
409.341	60.4737
409.84	59.7368
410.337	60.3684
410.834	61.8421
411.333	59.3158
411.83	62.0526
412.327	62.3684
412.826	60.1579
413.323	61.3158
413.822	62.6842
414.319	61.1053
414.816	62.1579
415.315	60.8947
415.812	60.5789
416.308	57.8421
416.807	60.2632
417.304	62.6842
417.8	60.0526
418.299	58.8947
418.796	62.7895
419.292	59
419.789	61.1053
420.288	61.6316
420.784	59.7368
421.281	62.0526
421.779	59.7368
422.276	63
422.772	61.2105
423.268	60.1579
423.767	63.9474
424.263	61.8421
424.759	63.7368
425.256	62.0526
425.752	62.2632
426.25	61.9474
426.746	60.2632
427.243	63.5263
427.739	62.5789
428.235	64.0526
428.733	61.7368
429.229	65.4211
429.725	63.6316
430.221	62.2632
430.717	61.4211
431.215	62.1579
431.711	63.2105
432.207	64.0526
432.703	63.9474
433.199	65.1053
433.695	60.7895
434.19	64.3684
434.688	63.2105
435.184	62.0526
435.68	61.6316
436.175	63.3158
436.671	62.7895
437.167	65.2105
437.662	62.3684
438.158	63.4211
438.653	63.4211
439.149	65.2105
439.644	64.3684
440.14	62.5789
440.635	64.2632
441.133	64.7895
441.628	61.5263
442.124	60.7895
442.619	63.5263
443.114	61.9474
443.609	62.2632
444.105	61.7368
444.6	62.2632
445.095	63.7368
445.59	61.4211
446.086	63
446.581	59.9474
447.076	62.1579
447.571	62.6842
448.066	61.6316
448.561	60.2632
449.054	62.6842
449.549	59.5263
450.044	59.2105
450.539	60.0526
451.034	61.6316
451.528	60.3684
452.023	61.6316
452.518	62.2632
453.013	62.4737
453.508	64.6842
454.002	62.0526
454.497	59
454.99	61.5263
455.484	60.3684
455.979	60.5789
456.473	61.1053
456.968	61.3158
457.463	60.6842
457.957	59.5263
458.452	62.7895
458.944	57.8421
459.438	60.8947
459.933	61.9474
460.427	58.2632
460.922	59.421
461.414	59.4211
461.908	59.9474
462.402	58.8947
462.897	62.1579
463.391	60.5789
463.883	58.6842
464.377	61.7368
464.871	60.2632
465.365	61.4211
465.857	63.1053
466.352	58.8947
466.846	58.6842
467.34	62.2632
467.831	58.6842
468.325	59.9474
468.819	58.8947
469.313	58.5789
469.805	57.4211
470.299	60.0526
470.793	58.1579
471.285	57.8421
471.778	62.1579
472.272	57.3158
472.766	58.7895
473.257	59.1053
473.751	60.0526
474.245	60.6842
474.736	59.4211
475.23	56.4737
475.721	59.1053
476.215	58.0526
476.708	57.9474
477.2	59.2105
477.693	57.5263
478.187	55.9474
478.678	59.7368
479.171	58.0526
479.663	58.6842
480.156	60.0526
480.649	55.8421
481.14	60.6842
481.634	59.9474
482.125	59
482.618	61.5263
483.109	57.2105
483.602	57.4211
484.095	57.1053
484.586	58.1579
485.079	56.4737
485.57	55.6316
486.063	57.1053
486.554	58.8947
487.047	57.7368
487.538	58.2632
488.031	57.2105
488.522	58.2632
489.015	59
489.506	56.4737
489.998	57.6316
490.489	58.6842
490.982	60.8947
491.472	58.4737
491.963	54.8947
492.456	57.7368
492.946	56.3684
493.439	57.8421
493.929	55.6316
494.422	58.2632
494.912	56.1579
495.403	57.5263
495.895	57.7368
496.386	58.1579
496.878	57.4211
497.369	55.8421
497.859	59.2105
498.351	57.3158
498.841	58.0526
499.334	57.2105
499.824	56.8947
500.314	55.7368
500.806	55.8421
501.297	55.5263
501.787	55.2105
502.279	55.6316
502.769	56.6842
503.259	55.9474
503.751	54.5789
504.241	57
504.731	56.4737
505.221	56.4737
505.713	55.4211
506.203	58.4737
506.692	55.1053
507.184	55.7368
507.674	56.6842
508.164	53.6316
508.654	55.4211
509.145	54.5789
509.635	53.7368
510.125	57.4211
510.614	55.4211
511.106	55.6316
511.596	55
512.085	54.7895
512.575	57.2105
513.064	55.6316
513.556	56.3684
514.045	57.2105
514.534	56.1579
515.024	56.8947
515.513	55.6316
516.003	55.6316
516.494	55.1053
516.983	56.7895
517.473	54.3684
517.962	53.5263
518.451	55.3158
518.94	55.6316
519.429	53.4211
519.921	56.3684
520.41	57
520.899	55.3158
521.388	54.1579
521.877	57.5263
522.366	55
522.855	55.9474
523.344	57.1053
523.833	54.6842
524.322	54.7895
524.81	55.5263
525.299	54.5789
525.79	55.5263
526.279	55.8421
526.768	55.3158
527.257	51.5263
527.745	53.7368
528.234	54.6842
528.723	55.9474
529.211	55.8421
529.7	54.3684
530.188	57.3158
530.677	53.5263
531.166	53.8421
531.654	53.3158
532.143	56.2632
532.631	55
533.119	56.0526
533.608	53.421
534.094	56.6842
534.583	55
535.071	54.5789
535.559	55
536.047	56.2632
536.536	55.5263
537.024	53
537.512	56.0526
538	53.3158
538.488	56.2632
538.977	53.2105
539.465	51.6316
539.951	52.1579
540.439	54.4737
540.927	53.5263
541.415	54.5789
541.903	57.5263
542.391	55.4211
542.878	55.5263
543.364	54.4737
543.852	54.5789
544.34	54.2632
544.828	54.4737
545.316	54.6842
545.803	54.7895
546.289	53.1053
546.777	53.9474
547.264	56.0526
547.752	55.3158
548.238	55.8421
548.725	54.7895
549.213	55.6316
549.7	54.3684
550.188	53.3158
550.673	53.9474
551.161	56.4737
551.648	55.6316
552.136	55.2105
552.621	55.8421
553.108	56.5789
553.596	55.2105
554.081	54.2632
554.568	54.4737
555.056	55.5263
555.541	55.8421
556.028	52.6842
556.515	54.8947
557.002	56.2632
557.487	54.7895
557.975	57.3158
558.462	53.8421
558.947	53.2105
559.434	54.2632
559.919	54.0526
560.406	55.9474
560.893	53.4211
561.377	57.4211
561.864	56.4737
562.351	56.2632
562.836	55.4211
563.323	53.6316
563.808	55.4211
564.294	56.1579
