w Int P
1450 0 7.22
1450.3519 0 7.22
1450.7039 0.00127382378789383 7.22
1451.0557 0.00043569473868784 7.22
1451.4076 0.00226726264612719 7.22
1451.7595 0.0019016611259747 7.22
1452.1115 0.001492861231895 7.22
1452.4634 0.00275153291907021 7.22
1452.8153 0.00293847706582668 7.22
1453.1671 0.000798809177749421 7.22
1453.519 0.0030873242768108 7.22
1453.871 0.00365166008756221 7.22
1454.2229 0.00281140901534924 7.22
1454.5748 0.00113877462277846 7.22
1454.9266 0.00236351910866968 7.22
1455.2786 0.00219366670699373 7.22
1455.6305 0 7.22
1455.9824 0.00149202497379093 7.22
1456.3344 0.00244884304916332 7.22
1456.6862 0.00396177551928165 7.22
1457.0381 0.00354986006764325 7.22
1457.39 0.00171549980112279 7.22
1457.7419 0.00246355586512111 7.22
1458.0939 0.00431095735136736 7.22
1458.4458 0.00406220008733322 7.22
1458.7976 0.000928996244018451 7.22
1459.1495 0 7.22
1459.5015 0.0036534055683672 7.22
1459.8534 0.00375545077805011 7.22
1460.2053 0.00400351754567334 7.22
1460.5571 0.00391040522937557 7.22
1460.9091 0.00356985751456675 7.22
1461.261 0.00475928453648003 7.22
1461.6129 0.00218851823125307 7.22
1461.9648 0.00512941478982567 7.22
1462.3168 0.00505919329030461 7.22
1462.6686 0.00239920004022557 7.22
1463.0205 0.00384204294007249 7.22
1463.3724 0.00288937836392648 7.22
1463.7244 0.00408971084359015 7.22
1464.0763 0.00183789638789417 7.22
1464.4281 0.0036042838382842 7.22
1464.78 0.00183934731275742 7.22
1465.132 0.00309406585495584 7.22
1465.4839 0.00502598515772868 7.22
1465.8358 0.00631222948249628 7.22
1466.1877 0.00581465163145049 7.22
1466.5396 0.00566188310690621 7.22
1466.8915 0.0051177291424738 7.22
1467.2434 0.00618024055209795 7.22
1467.5953 0.00392328868807732 7.22
1467.9473 0.00325769212144087 7.22
1468.2991 0.00622655823596706 7.22
1468.651 0.00690080073776732 7.22
1469.0029 0.00485683576863367 7.22
1469.3549 0.00352766994475912 7.22
1469.7068 0.00559275081401786 7.22
1470.0586 0.00597950709520434 7.22
1470.4105 0.00434633714432955 7.22
1470.7625 0.00472902967728855 7.22
1471.1144 0.00539649200317331 7.22
1471.4663 0.00592215355236466 7.22
1471.8182 0.00524699352730881 7.22
1472.17 0.00565202792531694 7.22
1472.522 0.00353010141874877 7.22
1472.8739 0.00285392164606895 7.22
1473.2258 0.00405408752708964 7.22
1473.5778 0.00605104627770125 7.22
1473.9296 0.00744062838765811 7.22
1474.2815 0.00388976717295841 7.22
1474.6334 0.00469809789393095 7.22
1474.9854 0.00616298327052256 7.22
1475.3373 0.00639906800356423 7.22
1475.6892 0.0059859430154322 7.22
1476.041 0.0056622703444918 7.22
1476.3929 0.00626483117658458 7.22
1476.7449 0.00568418588883541 7.22
1477.0968 0.0055276935667879 7.22
1477.4487 0.00630560802330806 7.22
1477.8005 0.0063135925125337 7.22
1478.1525 0.00548111825747918 7.22
1478.5044 0.00523490103459121 7.22
1478.8563 0.00602868602962419 7.22
1479.2083 0.00702262416821141 7.22
1479.5601 0.00751066058033685 7.22
1479.912 0.00734835054080544 7.22
1480.2639 0.00823456018986873 7.22
1480.6158 0.008371122137947 7.22
1480.9678 0.00583685237269652 7.22
1481.3197 0.0083386258396193 7.22
1481.6715 0.0074254258958734 7.22
1482.0234 0.00743040889140465 7.22
1482.3754 0.00685401589395821 7.22
1482.7273 0.00579977041861335 7.22
1483.0792 0.005621890608829 7.22
1483.431 0.0057371319239863 7.22
1483.783 0.00431954882508685 7.22
1484.1349 0.00810736583657801 7.22
1484.4868 0.00745374511561875 7.22
1484.8387 0.00536154837543935 7.22
1485.1907 0.00724723289550523 7.22
1485.5425 0.00807611135756145 7.22
1485.8944 0.00619672391577273 7.22
1486.2463 0.0052436411285225 7.22
1486.5983 0.00805578784840586 7.22
1486.9502 0.00698745925734973 7.22
1487.302 0.0072343353820166 7.22
1487.6539 0.00833631045179621 7.22
1488.0059 0.00775534148011021 7.22
1488.3578 0.00822601399801725 7.22
1488.7097 0.00735731819110958 7.22
1489.0615 0.0068898625374202 7.22
1489.4135 0.00828420200254282 7.22
1489.7654 0.00837867358099606 7.22
1490.1173 0.0081821046044349 7.22
1490.4692 0.00936809570703653 7.22
1490.8212 0.00811482087627792 7.22
1491.173 0.00771462846333545 7.22
1491.5249 0.00824666200294677 7.22
1491.8768 0.00576317578227642 7.22
1492.2288 0.00715732332860464 7.22
1492.5807 0.00848506507985637 7.22
1492.9325 0.00959926090661049 7.22
1493.2844 0.00875675055729961 7.22
1493.6364 0.00920007940367956 7.22
1493.9883 0.00908589944687748 7.22
1494.3402 0.0108847975416857 7.22
1494.6921 0.00707480298765508 7.22
1495.0439 0.00812781252474162 7.22
1495.3959 0.00860264469799895 7.22
1495.7478 0.00725670413861699 7.22
1496.0997 0.0094827490194127 7.22
1496.4517 0.0081569890380238 7.22
1496.8035 0.00913605111784513 7.22
1497.1554 0.00941200339984836 7.22
1497.5073 0.00849921496604276 7.22
1497.8593 0.00762593505150181 7.22
1498.2112 0.00753603568665064 7.22
1498.5631 0.00741082469586012 7.22
1498.9149 0.0097163134719426 7.22
1499.2668 0.0111307624158273 7.22
1499.6188 0.0110986196102365 7.22
1499.9707 0.00750509513398819 7.22
1500.3226 0.00845412667916087 7.22
1500.6744 0.0081494983679899 7.22
1501.0264 0.00939390485556397 7.22
1501.3783 0.0102499789572174 7.22
1501.7302 0.0101380633557433 7.22
1502.0822 0.00908788730527073 7.22
1502.434 0.00884795997571847 7.22
1502.7859 0.0106454158151091 7.22
1503.1378 0.0101733975372336 7.22
1503.4897 0.00827142239912812 7.22
1503.8417 0.00975290445474569 7.22
1504.1936 0.0105309406507996 7.22
1504.5454 0.00980112627624958 7.22
1504.8973 0.0111454203074032 7.22
1505.2493 0.00936479273207483 7.22
1505.6012 0.00997155429419722 7.22
1505.9531 0.0110670700075385 7.22
1506.3049 0.00960102649308342 7.22
1506.6569 0.0123458483863381 7.22
1507.0088 0.011804090542376 7.22
1507.3607 0.00927636703959706 7.22
1507.7126 0.00981424121236921 7.22
1508.0646 0.00968786341426955 7.22
1508.4164 0.0118353686490475 7.22
1508.7683 0.00982486629716981 7.22
1509.1202 0.0105086073470629 7.22
1509.4722 0.0110246003727993 7.22
1509.8241 0.0112594576848947 7.22
1510.1759 0.011378919781299 7.22
1510.5278 0.0128879760974428 7.22
1510.8798 0.0117995380276246 7.22
1511.2317 0.0142734159545587 7.22
1511.5836 0.0113837250121671 7.22
1511.9354 0.0130509033359219 7.22
1512.2874 0.0107657613525571 7.22
1512.6393 0.00919497217101058 7.22
1512.9912 0.0109103211399145 7.22
1513.3431 0.0111808882378361 7.22
1513.6951 0.0116638296962716 7.22
1514.0469 0.0123625399521426 7.22
1514.3988 0.0111853862435141 7.22
1514.7507 0.0124286522161751 7.22
1515.1027 0.0129221091058678 7.22
1515.4546 0.0131254100985829 7.22
1515.8064 0.0136716394400753 7.22
1516.1583 0.0121050108861237 7.22
1516.5103 0.0123035687936968 7.22
1516.8622 0.0138599173381317 7.22
1517.2141 0.0129102561478951 7.22
1517.566 0.0129347547068029 7.22
1517.9178 0.0148978818371273 7.22
1518.2698 0.0154820776463652 7.22
1518.6217 0.0145934065303123 7.22
1518.9736 0.0135150165248484 7.22
1519.3256 0.0134382039037467 7.22
1519.6774 0.0147522989093937 7.22
1520.0293 0.0152665484514674 7.22
1520.3812 0.0147176036783241 7.22
1520.7332 0.0161251912691794 7.22
1521.0851 0.0162471688211133 7.22
1521.4369 0.0144474658892192 7.22
1521.7888 0.0157897748498577 7.22
1522.1407 0.0175751097283752 7.22
1522.4927 0.0179081067514237 7.22
1522.8446 0.0168231514045157 7.22
1523.1965 0.0174371070569684 7.22
1523.5483 0.0189758000445634 7.22
1523.9003 0.0182660148916319 7.22
1524.2522 0.0176330555178963 7.22
1524.6041 0.0172606746033689 7.22
1524.9561 0.0159765380846874 7.22
1525.3079 0.0183007804778881 7.22
1525.6598 0.0189685421398029 7.22
1526.0117 0.0176510585544947 7.22
1526.3636 0.0207561974986369 7.22
1526.7156 0.0201391878960388 7.22
1527.0675 0.0209038928970312 7.22
1527.4193 0.0222250330411084 7.22
1527.7712 0.0209879834818701 7.22
1528.1232 0.0215213895576235 7.22
1528.4751 0.0223391386218196 7.22
1528.827 0.0214883285007659 7.22
1529.1788 0.0226348297030904 7.22
1529.5308 0.0221335313789861 7.22
1529.8827 0.0235721119629217 7.22
1530.2346 0.0248983283894269 7.22
1530.5865 0.0248630070059049 7.22
1530.9385 0.0262936477677648 7.22
1531.2903 0.0249122762473842 7.22
1531.6422 0.0222920622080037 7.22
1531.9941 0.0235159916460143 7.22
1532.3461 0.0274072877211863 7.22
1532.698 0.0283482858893606 7.22
1533.0498 0.0263004878132731 7.22
1533.4017 0.0263181231269365 7.22
1533.7537 0.0270535237337933 7.22
1534.1056 0.0301020595236566 7.22
1534.4575 0.0318064390444538 7.22
1534.8093 0.0302301295892385 7.22
1535.1613 0.0297410524820939 7.22
1535.5132 0.0315443876248502 7.22
1535.8651 0.0329291106390504 7.22
1536.217 0.0319814159003414 7.22
1536.569 0.0335192375799531 7.22
1536.9208 0.0347705321729379 7.22
1537.2727 0.034926967741845 7.22
1537.6246 0.0357926048419327 7.22
1537.9766 0.0372896452099648 7.22
1538.3285 0.0342796942272062 7.22
1538.6803 0.0373734550777611 7.22
1539.0322 0.0382028410091548 7.22
1539.3842 0.0371060974386745 7.22
1539.7361 0.0392670517713435 7.22
1540.088 0.038408182493155 7.22
1540.4399 0.0361370830630816 7.22
1540.7917 0.0411726152572391 7.22
1541.1437 0.0386805848135138 7.22
1541.4956 0.0396486907952819 7.22
1541.8475 0.0387974080383912 7.22
1542.1995 0.0393353872239246 7.22
1542.5513 0.0376181707034166 7.22
1542.9032 0.042902852622892 7.22
1543.2551 0.0428266210271075 7.22
1543.6071 0.0399426694895456 7.22
1543.959 0.0409570966477943 7.22
1544.3108 0.0436356741279557 7.22
1544.6627 0.0460072235317307 7.22
1545.0146 0.0434315389493399 7.22
1545.3666 0.040950374833175 7.22
1545.7185 0.0432919405058999 7.22
1546.0704 0.0445528128796022 7.22
1546.4222 0.0450140637298409 7.22
1546.7742 0.0442096683401906 7.22
1547.1261 0.0453184092635876 7.22
1547.478 0.0451320592467132 7.22
1547.83 0.0450057344411165 7.22
1548.1818 0.0462750808586131 7.22
1548.5337 0.0476100467770211 7.22
1548.8856 0.0482872052987123 7.22
1549.2375 0.0481201130438489 7.22
1549.5895 0.0475489347951368 7.22
1549.9414 0.0497410458550694 7.22
1550.2932 0.0520605504320621 7.22
1550.6451 0.0512346897542801 7.22
1550.9971 0.0515208385402783 7.22
1551.349 0.0521918857373748 7.22
1551.7009 0.0539491174025815 7.22
1552.0527 0.0567065090568989 7.22
1552.4047 0.0569750170683404 7.22
1552.7566 0.0587668743214079 7.22
1553.1085 0.0586767429353277 7.22
1553.4604 0.0564960501474839 7.22
1553.8123 0.0583573590884463 7.22
1554.1642 0.0570312047838748 7.22
1554.5161 0.0617305816440215 7.22
1554.868 0.0652464296726341 7.22
1555.22 0.0641608847070298 7.22
1555.5719 0.0638478510990954 7.22
1555.9237 0.0657535973743545 7.22
1556.2756 0.070598872620678 7.22
1556.6276 0.0705509337525244 7.22
1556.9795 0.0717366111967978 7.22
1557.3314 0.0722369695419547 7.22
1557.6832 0.0785088297195527 7.22
1558.0352 0.0776316756233786 7.22
1558.3871 0.0815458926444277 7.22
1558.739 0.0850755416394791 7.22
1559.0909 0.0874974897780008 7.22
1559.4429 0.0878854529166567 7.22
1559.7947 0.0895177306644273 7.22
1560.1466 0.0919872001880096 7.22
1560.4985 0.0954590587102705 7.22
1560.8505 0.0950462048735574 7.22
1561.2024 0.100722021592704 7.22
1561.5542 0.0992543668197143 7.22
1561.9061 0.10935094703402 7.22
1562.2581 0.109575306561601 7.22
1562.61 0.110477687517437 7.22
1562.9619 0.117168783303543 7.22
1563.3138 0.120093730550963 7.22
1563.6656 0.121725148960848 7.22
1564.0176 0.120906200684109 7.22
1564.3695 0.127815511003905 7.22
1564.7214 0.132984776684227 7.22
1565.0734 0.136056165592907 7.22
1565.4252 0.136720886170952 7.22
1565.7771 0.141625733583949 7.22
1566.129 0.142825545704207 7.22
1566.481 0.147880243485408 7.22
1566.8329 0.150096881480818 7.22
1567.1847 0.153702528426236 7.22
1567.5366 0.159120715647352 7.22
1567.8885 0.160793192249155 7.22
1568.2405 0.161587335761625 7.22
1568.5924 0.16643934821697 7.22
1568.9443 0.169747288037598 7.22
1569.2961 0.171636292978621 7.22
1569.6481 0.171564137968857 7.22
1570 0.175551054975008 7.22
1570.3519 0.177022689990704 7.22
1570.7039 0.180662545232849 7.22
1571.0557 0.186083615072585 7.22
1571.4076 0.186515007255752 7.22
1571.7595 0.187719660312764 7.22
1572.1115 0.189365507925715 7.22
1572.4634 0.193121048206232 7.22
1572.8153 0.195264370357723 7.22
1573.1671 0.197475541071968 7.22
1573.519 0.202046850807059 7.22
1573.871 0.201864084689151 7.22
1574.2229 0.205232607830697 7.22
1574.5748 0.211149039157746 7.22
1574.9266 0.214442660516989 7.22
1575.2786 0.211302998669339 7.22
1575.6305 0.214719644732466 7.22
1575.9824 0.216333442878997 7.22
1576.3344 0.220275412677039 7.22
1576.6862 0.223171805098773 7.22
1577.0381 0.225094220124534 7.22
1577.39 0.22742205644231 7.22
1577.7419 0.231011887733933 7.22
1578.0939 0.234936527551287 7.22
1578.4458 0.235776463287453 7.22
1578.7976 0.236781610568785 7.22
1579.1495 0.240006781828754 7.22
1579.5015 0.24330128349707 7.22
1579.8534 0.238267558852999 7.22
1580.2053 0.239640341367282 7.22
1580.5571 0.239969275666622 7.22
1580.9091 0.247651212842442 7.22
1581.261 0.247358154543653 7.22
1581.6129 0.250764932543396 7.22
1581.9648 0.24556714597471 7.22
1582.3168 0.246860736666153 7.22
1582.6686 0.249275728004508 7.22
1583.0205 0.251699079728242 7.22
1583.3724 0.245287865098531 7.22
1583.7244 0.246379153329462 7.22
1584.0763 0.256690711238088 7.22
1584.4281 0.250540137625712 7.22
1584.78 0.244120057493484 7.22
1585.132 0.243931963480687 7.22
1585.4839 0.245609725010485 7.22
1585.8358 0.237256120313894 7.22
1586.1877 0.241686756437152 7.22
1586.5396 0.238257157823685 7.22
1586.8915 0.234357129007175 7.22
1587.2434 0.232895342539698 7.22
1587.5953 0.230434747648064 7.22
1587.9473 0.227391245709786 7.22
1588.2991 0.224151664861776 7.22
1588.651 0.219970432044579 7.22
1589.0029 0.216216103966532 7.22
1589.3549 0.212566639918392 7.22
1589.7068 0.214594137645234 7.22
1590.0586 0.210862557213258 7.22
1590.4105 0.202325756001806 7.22
1590.7625 0.20010726140037 7.22
1591.1144 0.19727647807002 7.22
1591.4663 0.192415981621339 7.22
1591.8182 0.190595736677281 7.22
1592.17 0.184688899933789 7.22
1592.522 0.179547095391631 7.22
1592.8739 0.177323419954991 7.22
1593.2258 0.176801777778695 7.22
1593.5778 0.1760859500482 7.22
1593.9296 0.167320898208802 7.22
1594.2815 0.164299313223305 7.22
1594.6334 0.162926754672924 7.22
1594.9854 0.157779550624386 7.22
1595.3373 0.15369029560552 7.22
1595.6892 0.148760006598249 7.22
1596.041 0.144534049080824 7.22
1596.3929 0.142054792234779 7.22
1596.7449 0.13957740777308 7.22
1597.0968 0.138182492115382 7.22
1597.4487 0.130968183264906 7.22
1597.8005 0.127911942154737 7.22
1598.1525 0.125606840616755 7.22
1598.5044 0.124469425556405 7.22
1598.8563 0.125503614621558 7.22
1599.2083 0.121465959006003 7.22
1599.5601 0.119393344684016 7.22
1599.912 0.119944786369768 7.22
1600.2639 0.117393359463651 7.22
1600.6158 0.115202381833549 7.22
1600.9678 0.113391285001266 7.22
1601.3197 0.114026898832889 7.22
1601.6715 0.113608825030782 7.22
1602.0234 0.112732777588265 7.22
1602.3754 0.112559478509395 7.22
1602.7273 0.109799805389059 7.22
1603.0792 0.108902976292014 7.22
1603.431 0.113446604861603 7.22
1603.783 0.115148524271573 7.22
1604.1349 0.11378775297252 7.22
1604.4868 0.117598219266209 7.22
1604.8387 0.122609925345251 7.22
1605.1907 0.125091837109168 7.22
1605.5425 0.125758963833293 7.22
1605.8944 0.126055339712371 7.22
1606.2463 0.130669301251172 7.22
1606.5983 0.134571283192949 7.22
1606.9502 0.135058775817732 7.22
1607.302 0.138522245310017 7.22
1607.6539 0.145435078915143 7.22
1608.0059 0.150519194696619 7.22
1608.3578 0.155569828781867 7.22
1608.7097 0.162543073840334 7.22
1609.0615 0.163315856157463 7.22
1609.4135 0.165165624650611 7.22
1609.7654 0.172739618502436 7.22
1610.1173 0.181389431775244 7.22
1610.4692 0.186160451634893 7.22
1610.8212 0.191788800421468 7.22
1611.173 0.201929583084381 7.22
1611.5249 0.211694888543879 7.22
1611.8768 0.22136984894703 7.22
1612.2288 0.229090384716201 7.22
1612.5807 0.23836207217205 7.22
1612.9325 0.244781649667682 7.22
1613.2844 0.256098604257586 7.22
1613.6364 0.268817364258581 7.22
1613.9883 0.280241034291549 7.22
1614.3402 0.290435808181555 7.22
1614.6921 0.302530248723241 7.22
1615.0439 0.315816981450676 7.22
1615.3959 0.327873048719076 7.22
1615.7478 0.339048112301809 7.22
1616.0997 0.354593395989743 7.22
1616.4517 0.368927668248324 7.22
1616.8035 0.382730619565794 7.22
1617.1554 0.401135178199693 7.22
1617.5073 0.424197477072938 7.22
1617.8593 0.44011214331419 7.22
1618.2112 0.456908565674019 7.22
1618.5631 0.473133800463745 7.22
1618.9149 0.494406603638918 7.22
1619.2668 0.511173593676173 7.22
1619.6188 0.531490017723019 7.22
1619.9707 0.553029756053277 7.22
1620.3226 0.568311180043511 7.22
1620.6744 0.588551574683209 7.22
1621.0264 0.610184661915709 7.22
1621.3783 0.628476575675135 7.22
1621.7302 0.646487142210894 7.22
1622.0822 0.667787006856046 7.22
1622.434 0.694082826161035 7.22
1622.7859 0.712644600661061 7.22
1623.1378 0.731258207557873 7.22
1623.4897 0.747753875980123 7.22
1623.8417 0.768689596196353 7.22
1624.1936 0.789609451143005 7.22
1624.5454 0.803781674272114 7.22
1624.8973 0.824942731040889 7.22
1625.2493 0.843429180738559 7.22
1625.6012 0.855796990983876 7.22
1625.9531 0.86985857052354 7.22
1626.3049 0.893967303298792 7.22
1626.6569 0.90768474282326 7.22
1627.0088 0.919635186979955 7.22
1627.3607 0.939092391556529 7.22
1627.7126 0.948563416757185 7.22
1628.0646 0.951273597308051 7.22
1628.4164 0.961400959977654 7.22
1628.7683 0.966321662174636 7.22
1629.1202 0.977569268197191 7.22
1629.4722 0.97857406406996 7.22
1629.8241 0.989026395846507 7.22
1630.1759 0.988763446855006 7.22
1630.5278 0.996043060191902 7.22
1630.8798 0.99631474059237 7.22
1631.2317 0.997440248630141 7.22
1631.5836 0.998036905810961 7.22
1631.9354 1 7.22
1632.2874 0.994751723493845 7.22
1632.6393 0.988773901604318 7.22
1632.9912 0.985871048469983 7.22
1633.3431 0.973581217944895 7.22
1633.6951 0.968137613937397 7.22
1634.0469 0.963948894395004 7.22
1634.3988 0.956561729728888 7.22
1634.7507 0.944768410311664 7.22
1635.1027 0.935471220135645 7.22
1635.4546 0.924131215775247 7.22
1635.8064 0.91035620974189 7.22
1636.1583 0.901989056151307 7.22
1636.5103 0.891524613003303 7.22
1636.8622 0.886254799597526 7.22
1637.2141 0.86586399082713 7.22
1637.566 0.848441406724265 7.22
1637.9178 0.837447089187257 7.22
1638.2698 0.823824393120672 7.22
1638.6217 0.80592570718472 7.22
1638.9736 0.796034861589601 7.22
1639.3256 0.779391678789757 7.22
1639.6774 0.754949439461737 7.22
1640.0293 0.742491264644907 7.22
1640.3812 0.726338953804184 7.22
1640.7332 0.716886925263521 7.22
1641.0851 0.705986944867323 7.22
1641.4369 0.67798146099765 7.22
1641.7888 0.668298804327558 7.22
1642.1407 0.647846524253762 7.22
1642.4927 0.634480899115583 7.22
1642.8446 0.620759110905222 7.22
1643.1965 0.599540559239049 7.22
1643.5483 0.593063637742409 7.22
1643.9003 0.573927071745889 7.22
1644.2522 0.558554237656381 7.22
1644.6041 0.54794880964269 7.22
1644.9561 0.527365662894547 7.22
1645.3079 0.507829956445983 7.22
1645.6598 0.503008703094067 7.22
1646.0117 0.489805367752243 7.22
1646.3636 0.476186657121231 7.22
1646.7156 0.464885705831019 7.22
1647.0675 0.449646899807032 7.22
1647.4193 0.434004638482572 7.22
1647.7712 0.425024290021591 7.22
1648.1232 0.411346553363448 7.22
1648.4751 0.400830668357411 7.22
1648.827 0.385144963666142 7.22
1649.1788 0.377632181960188 7.22
1649.5308 0.366884200276908 7.22
1649.8827 0.354985841125497 7.22
1650.2346 0.346791357160679 7.22
1650.5865 0.337357865510447 7.22
1650.9385 0.325307585906498 7.22
1651.2903 0.314274411974773 7.22
1651.6422 0.310373366275099 7.22
1651.9941 0.301663050422294 7.22
1652.3461 0.292055911393324 7.22
1652.698 0.280381452727943 7.22
1653.0498 0.270104438846145 7.22
1653.4017 0.26696807496376 7.22
1653.7537 0.258833511657444 7.22
1654.1056 0.249596292780229 7.22
1654.4575 0.240065982394914 7.22
1654.8093 0.232619684796691 7.22
1655.1613 0.227431404397232 7.22
1655.5132 0.217771906883151 7.22
1655.8651 0.215886681672661 7.22
1656.217 0.205655681497919 7.22
1656.569 0.203004653494185 7.22
1656.9208 0.194918793674781 7.22
1657.2727 0.188150767632769 7.22
1657.6246 0.186305601890035 7.22
1657.9766 0.180474035471893 7.22
1658.3285 0.174305555150201 7.22
1658.6803 0.1670622331605 7.22
1659.0322 0.163124493733121 7.22
1659.3842 0.159406225364959 7.22
1659.7361 0.151972756709119 7.22
1660.088 0.146449452949459 7.22
1660.4399 0.146242987264918 7.22
1660.7917 0.140714488347755 7.22
1661.1437 0.135416126765182 7.22
1661.4956 0.131904690540433 7.22
1661.8475 0.125705589145425 7.22
1662.1995 0.126828042696998 7.22
1662.5513 0.121409295550094 7.22
1662.9032 0.119059798724739 7.22
1663.2551 0.112680723331941 7.22
1663.6071 0.10739006714574 7.22
1663.959 0.106334375118288 7.22
1664.3108 0.103910234311995 7.22
1664.6627 0.101592833756659 7.22
1665.0146 0.098046852148918 7.22
1665.3666 0.0972805526399556 7.22
1665.7185 0.0937577731551198 7.22
1666.0704 0.0902749099150589 7.22
1666.4222 0.0884455884707161 7.22
1666.7742 0.0880338947401483 7.22
1667.1261 0.0840832222775945 7.22
1667.478 0.0823976499024703 7.22
1667.83 0.0785703745235502 7.22
1668.1818 0.0761984098491974 7.22
1668.5337 0.0745728622253658 7.22
1668.8856 0.0717041276695386 7.22
1669.2375 0.0691833146755877 7.22
1669.5895 0.0696479866105804 7.22
1669.9414 0.0678865690736942 7.22
1670.2932 0.066522435871294 7.22
1670.6451 0.0640824049352566 7.22
1670.9971 0.0623550577410505 7.22
1671.349 0.0619652465897483 7.22
1671.7009 0.0602141611587038 7.22
1672.0527 0.0575008531539871 7.22
1672.4047 0.0566019936150585 7.22
1672.7566 0.0538532083057298 7.22
1673.1085 0.0514317791704508 7.22
1673.4604 0.0512628350424444 7.22
1673.8123 0.0507681144898675 7.22
1674.1642 0.0497371570712159 7.22
1674.5161 0.0469580457279128 7.22
1674.868 0.045332184445753 7.22
1675.22 0.043625660440739 7.22
1675.5719 0.0431420683137775 7.22
1675.9237 0.0433240773181678 7.22
1676.2756 0.0416737664409396 7.22
1676.6276 0.0398277346591564 7.22
1676.9795 0.0389376041009282 7.22
1677.3314 0.0365804878129897 7.22
1677.6832 0.0358113630268738 7.22
1678.0352 0.0347966346641725 7.22
1678.3871 0.0323844978358939 7.22
1678.739 0.0320391373689419 7.22
1679.0909 0.0312684347255617 7.22
1679.4429 0.030473629546712 7.22
1679.7947 0.0306452090536337 7.22
1680.1466 0.0300640777799941 7.22
1680.4985 0.0291842549797008 7.22
1680.8505 0.0284368193695519 7.22
1681.2024 0.0272977887539776 7.22
1681.5542 0.0253100097002634 7.22
1681.9061 0.0258755717397019 7.22
1682.2581 0.0253430837470485 7.22
1682.61 0.0238289149065386 7.22
1682.9619 0.0245503837540587 7.22
1683.3138 0.0220646346102903 7.22
1683.6656 0.0203919561401508 7.22
1684.0176 0.0205582144010727 7.22
1684.3695 0.0195623451805103 7.22
1684.7214 0.0214346078150515 7.22
1685.0734 0.0209991261795871 7.22
1685.4252 0.0193365535229795 7.22
1685.7771 0.0187265227162553 7.22
1686.129 0.0182150192947772 7.22
1686.481 0.0180912295359423 7.22
1686.8329 0.0175321102022363 7.22
1687.1847 0.0167689291698275 7.22
1687.5366 0.0152237797663205 7.22
1687.8885 0.0143614215763174 7.22
1688.2405 0.0154736289558371 7.22
1688.5924 0.014491265662373 7.22
1688.9443 0.0128887196492729 7.22
1689.2961 0.0145161836726557 7.22
1689.6481 0.0137210548098692 7.22
1690 0.0121076496303577 7.22
1690.3519 0.0118337345151947 7.22
1690.7039 0.0104922787273297 7.22
1691.0557 0.0113933057660111 7.22
1691.4076 0.0102694152517471 7.22
1691.7595 0.0111608740230601 7.22
1692.1115 0.0108764654200722 7.22
1692.4634 0.0113141293375726 7.22
1692.8153 0.0103266687382185 7.22
1693.1671 0.0106813258849271 7.22
1693.519 0.00976047686175681 7.22
1693.871 0.00881083904718223 7.22
1694.2229 0.00978225777649839 7.22
1694.5748 0.0072470480085081 7.22
1694.9266 0.00962297241436428 7.22
1695.2786 0.00919434399853564 7.22
1695.6305 0.00813070023118455 7.22
1695.9824 0.00738659982427553 7.22
1696.3344 0.00625642944228446 7.22
1696.6862 0.00549869517983901 7.22
1697.0381 0.00581234947933271 7.22
1697.39 0.00552283022040134 7.22
1697.7419 0.00598176275056453 7.22
1698.0939 0.00698475258154422 7.22
1698.4458 0.00772722794367204 7.22
1698.7976 0.00638259741458011 7.22
1699.1495 0.00510267692047092 7.22
1699.5015 0.00505173180194832 7.22
1699.8534 0.00638894488892655 7.22
1700.2053 0.00774993442296295 7.22
1700.5571 0.00504436189144429 7.22
1700.9091 0.00419770856128129 7.22
1701.261 0.00439551122375991 7.22
1701.6129 0.00401092627903055 7.22
1701.9648 0.00443227853123705 7.22
1702.3168 0.00395174181044313 7.22
1702.6686 0.00527258548294988 7.22
1703.0205 0.00430448003723371 7.22
1703.3724 0.00283403574056088 7.22
1703.7244 0.00357939320904943 7.22
1704.0763 0.00423130438366875 7.22
1704.4281 0.00365078134771285 7.22
1704.78 0.00192748117496168 7.22
1705.132 0.00318909590369013 7.22
1705.4839 0.00196894808842708 7.22
1705.8358 0.00233697985707666 7.22
1706.1877 0.00204980372611274 7.22
1706.5396 0.00196293352730744 7.22
1706.8915 0.00204959372438275 7.22
1707.2434 0.00256813422696407 7.22
1707.5953 0.00151596118815274 7.22
1707.9473 0.00201122698409418 7.22
1708.2991 0.00250820623914663 7.22
1708.651 0.00310586884529286 7.22
1709.0029 0 7.22
1709.3549 0.0022596481690617 7.22
1709.7068 0.0028720423502985 7.22
1710.0586 0.00245604761192211 7.22
1710.4105 0.00372149275468017 7.22
1710.7625 0.0031199038229385 7.22
1711.1144 0.00402363789521977 7.22
1711.4663 0.00298809270376606 7.22
1711.8182 0.00220702610476421 7.22
1712.17 0.00169185804549781 7.22
1712.522 0.00111711769375447 7.22
1712.8739 0.00148018644539193 7.22
1713.2258 0.00234854444139248 7.22
1713.5778 0.00209228473557297 7.22
1713.9296 0.00131589371368441 7.22
1714.2815 0.0017199958493479 7.22
1714.6334 0.00246233337668991 7.22
1714.9854 0.00270193454640125 7.22
1715.3373 0.00110505839039057 7.22
1715.6892 0.00106541706104061 7.22
1716.041 0.00312407481789903 7.22
1716.3929 0.00182129845977465 7.22
1716.7449 0.0015937019691214 7.22
1717.0968 0.00226280242518342 7.22
1717.4487 0.00268905113038251 7.22
1717.8005 0.00187088053273745 7.22
1718.1525 0.00338466208750976 7.22
1718.5044 0.00248884380398609 7.22
1718.8563 0.00334176236264629 7.22
1719.2083 0.00197353232323657 7.22
1719.5601 0.004206751681438 7.22
1719.912 0.00268347495084895 7.22
1720.2639 0.00226483696945817 7.22
1720.6158 0.00298825760548374 7.22
1720.9678 0.00214744476098518 7.22
1721.3197 0.00213224873001416 7.22
1721.6715 0.00205347250015195 7.22
1722.0234 0.00255058936852703 7.22
1722.3754 0.00300027859999206 7.22
1722.7273 0.00375723203253426 7.22
1723.0792 0.00365068695211946 7.22
1723.431 0.00294414577801274 7.22
1723.783 0.00302737609718437 7.22
1724.1349 0.0024683824589774 7.22
1724.4868 0.00162760047032175 7.22
1724.8387 0.00185452145632167 7.22
1725.1907 0.00342894505343416 7.22
1725.5425 0.00393464318961151 7.22
1725.8944 0.00499667875821496 7.22
1726.2463 0.00365358513096901 7.22
1726.5983 0.0025686544444564 7.22
1726.9502 0.00402943138524668 7.22
1727.302 0.00525133179191075 7.22
1727.6539 0.00566063005732107 7.22
1728.0059 0.00491796792162893 7.22
1728.3578 0.00466269293670509 7.22
1728.7097 0.00462164945437219 7.22
1729.0615 0.00462336453977222 7.22
1729.4135 0.00331469091250753 7.22
1729.7654 0.0023569372831262 7.22
1730.1173 0.00218987333213478 7.22
1730.4692 0.0034940015698024 7.22
1730.8212 0.00498418140955322 7.22
1731.173 0.00389527354666524 7.22
1731.5249 0.00382827519573481 7.22
1731.8768 0.0043095430090442 7.22
1732.2288 0.00435851582341587 7.22
1732.5807 0.00445590308103594 7.22
1732.9325 0.0040821405030357 7.22
1733.2844 0.00463430369188745 7.22
1733.6364 0.00479930287531089 7.22
1733.9883 0.00466446982393977 7.22
1734.3402 0.00365053411584327 7.22
1734.6921 0.00480928816344422 7.22
1735.0439 0.00363195013546306 7.22
1735.3959 0.00515457857376514 7.22
1735.7478 0.00417237534931546 7.22
1736.0997 0.00350016680917166 7.22
1736.4517 0.0034107332314971 7.22
1736.8035 0.00487704079059662 7.22
1737.1554 0.00410533524562598 7.22
1737.5073 0.00382722622085826 7.22
1737.8593 0.00397531077023815 7.22
1738.2112 0.00908020597330338 7.22
1738.5631 0.00331544368165976 7.22
1738.9149 0.00377074594755007 7.22
1739.2668 0.00104962095179714 7.22
1739.6188 0.00295931236042403 7.22
1739.9707 0.00197294707614955 7.22
1740.3226 0.00349327326793581 7.22
1740.6744 0.00333150218510533 7.22
1741.0264 0.00212262346646773 7.22
1741.3783 0.00370787263549307 7.22
1741.7302 0.00405269334713487 7.22
1742.0822 0.00293724470785346 7.22
1742.434 0.00252019298387809 7.22
1742.7859 0.00103495198032496 7.22
1743.1378 0.000739481465813324 7.22
1743.4897 0.00188491291173152 7.22
1743.8417 0.00347540326284067 7.22
1744.1936 0.00317840455912287 7.22
1744.5454 0.00265529908225536 7.22
1744.8973 0.00160602883254257 7.22
1745.2493 0.00290209999851802 7.22
1745.6012 0.00273929406674856 7.22
1745.9531 0.00138533411194221 7.22
1746.3049 0.00287285729120149 7.22
1746.6569 0.00187132964315271 7.22
1747.0088 0.000768850623808132 7.22
1747.3607 0.00136277190496925 7.22
1747.7126 0.00232085336958044 7.22
1748.0646 0.00273563629614207 7.22
1748.4164 0.00170815676975939 7.22
1748.7683 0.00105774963176722 7.22
1749.1202 0.00133511948055714 7.22
1749.4722 0.00225558981136874 7.22
1749.8241 0.00190404177091797 7.22
1750.1759 0.000760272345198672 7.22
1750.5278 0.000392037395243976 7.22
1750.8798 0.00198215106991338 7.22
1751.2317 0.00366343697654717 7.22
1751.5836 0.00309573394887206 7.22
1751.9354 0 7.22
1752.2874 0.000547797287792491 7.22
1752.6393 0.00170776855557612 7.22
1752.9912 0.0021759613678049 7.22
1753.3431 0.00111449837057376 7.22
1753.6951 0.00164796047020861 7.22
1754.0469 0.00272453328566466 7.22
1754.3988 0.00198740302535672 7.22
1754.7507 0.00149606918039884 7.22
1755.1027 0.00264619214656949 7.22
1755.4546 0.00133833835861756 7.22
1755.8064 0.00267869782805379 7.22
1756.1583 0.0018736283145291 7.22
1756.5103 0.00132831916754488 7.22
1756.8622 0.00239167650910709 7.22
1757.2141 0 7.22
1757.566 0.00366999072637747 7.22
1757.9178 0.000800355255060483 7.22
1758.2698 0.00193726467866573 7.22
1758.6217 0.00273567187610012 7.22
1758.9736 0.00118062043250207 7.22
1759.3256 0.000219519427107544 7.22
1759.6774 0.00300026830219422 7.22
1760.0293 0.002544102340652 7.22
1760.3812 0.00188195595244806 7.22
1760.7332 0.00199808654662796 7.22
1761.0851 0.00237483239824305 7.22
1761.4369 0.00228907643128912 7.22
1761.7888 0.00363528718273503 7.22
1762.1407 0.00220242642528648 7.22
1762.4927 0.000827793410468154 7.22
1762.8446 0.00407537946375557 7.22
1763.1965 0.00382183534997302 7.22
1763.5483 0.00139248164422126 7.22
1763.9003 0.00273720618087342 7.22
1764.2522 0.0029105238393464 7.22
1764.6041 0.00361196907871572 7.22
1764.9561 0.00450371942923585 7.22
1765.3079 0.00290388458422409 7.22
1765.6598 0.00314323806249771 7.22
1766.0117 0.00467697495951712 7.22
1766.3636 0.00564358895463227 7.22
1766.7156 0.00475992002162803 7.22
1767.0675 0.00431560862621434 7.22
1767.4193 0.00515696365918135 7.22
1767.7712 0.00376527664428011 7.22
1768.1232 0.00655018416199805 7.22
1768.4751 0.00577044597756117 7.22
1768.827 0.0055380315501499 7.22
1769.1788 0.00502730005759884 7.22
1769.5308 0.00570758167682946 7.22
1769.8827 0.00601269741901019 7.22
1770.2346 0.00645487468944659 7.22
1770.5865 0.0067359432931353 7.22
1770.9385 0.00735488394187897 7.22
1771.2903 0.00793784466609648 7.22
1771.6422 0.00665194930603231 7.22
1771.9941 0.00710054153378294 7.22
1772.3461 0.00980469563818359 7.22
1772.698 0.00791443796895297 7.22
1773.0498 0.00781606692184193 7.22
1773.4017 0.00726202953630601 7.22
1773.7537 0.00825535648933555 7.22
1774.1056 0.00788628299024491 7.22
1774.4575 0.00823421667479366 7.22
1774.8093 0.00925758233633998 7.22
1775.1613 0.0104158291196388 7.22
1775.5132 0.00869730010118908 7.22
1775.8651 0.0102413963164166 7.22
1776.217 0.00829779668018189 7.22
1776.569 0.00742946119951217 7.22
1776.9208 0.00864207454686231 7.22
1777.2727 0.0107650494062658 7.22
1777.6246 0.0105647770802267 7.22
1777.9766 0.00811264034217027 7.22
1778.3285 0.0124722769339172 7.22
1778.6803 0.0109926233566329 7.22
1779.0322 0.00962909254754549 7.22
1779.3842 0.0111613417975414 7.22
1779.7361 0.0114770359890909 7.22
1780.088 0.0115471428708425 7.22
1780.4399 0.012651000287399 7.22
1780.7917 0.0103375068120412 7.22
1781.1437 0.0106103577208341 7.22
1781.4956 0.0124409858316375 7.22
1781.8475 0.0136646220593452 7.22
1782.1995 0.012326868962107 7.22
1782.5513 0.0131073742794115 7.22
1782.9032 0.0155097055630481 7.22
1783.2551 0.013745528516128 7.22
1783.6071 0.0153518111571777 7.22
1783.959 0.0131337504581969 7.22
1784.3108 0.012329169807976 7.22
1784.6627 0.0121175155516453 7.22
1785.0146 0.0114044147235288 7.22
1785.3666 0.012224666729757 7.22
1785.7185 0.0130575505631521 7.22
1786.0704 0.0121914460567767 7.22
1786.4222 0.0120202661750986 7.22
1786.7742 0.0120479136116824 7.22
1787.1261 0.0110406485353382 7.22
1787.478 0.00999037503006147 7.22
1787.83 0.00995447013333331 7.22
1788.1818 0.0127699319622992 7.22
1788.5337 0.0122798837401669 7.22
1788.8856 0.0118786667074743 7.22
1789.2375 0.0111040516090641 7.22
1789.5895 0.0116118340378765 7.22
1789.9414 0.0110787501744454 7.22
1790.2932 0.0108023214530277 7.22
1790.6451 0.0120600834203929 7.22
1790.9971 0.0131348483925884 7.22
1791.349 0.0122110307538321 7.22
1791.7009 0.0126393082339728 7.22
1792.0527 0.0130954636275964 7.22
1792.4047 0.0121815932646111 7.22
1792.7566 0.0104239285666323 7.22
1793.1085 0.0120815948767892 7.22
1793.4604 0.0104925995867194 7.22
1793.8123 0.00680993925289004 7.22
1794.1642 0.0097130611470599 7.22
1794.5161 0.0104436250506747 7.22
1794.868 0.0127438712902198 7.22
1795.22 0.0113949826062171 7.22
1795.5719 0.0106448171028752 7.22
1795.9237 0.0110419660606004 7.22
1796.2756 0.010673880800078 7.22
1796.6276 0.00877287898256869 7.22
1796.9795 0.0101655168955011 7.22
1797.3314 0.00989253169429204 7.22
1797.6832 0.0103542985643071 7.22
1798.0352 0.00890841211649421 7.22
1798.3871 0.00907180012570183 7.22
1798.739 0.00965915823518068 7.22
1799.0909 0.00781854451558746 7.22
1799.4429 0.00735923954605195 7.22
1799.7947 0.00833139583077973 7.22
1800.1466 0.00764930134579693 7.22
1800.4985 0.00669931973289101 7.22
1800.8505 0.00720185733614315 7.22
1801.2024 0.00796746647095287 7.22
1801.5542 0.00856304227532744 7.22
1801.9061 0.00668413073064326 7.22
1802.2581 0.00516600261126757 7.22
1802.61 0.00573329088443383 7.22
1802.9619 0.00625331127721571 7.22
1803.3138 0.00389280529812749 7.22
1803.6656 0.00426113349540749 7.22
1804.0176 0.0028014618356836 7.22
1804.3695 0.00592885946009444 7.22
1804.7214 0.00527217702861164 7.22
1805.0734 0.00459917477820391 7.22
1805.4252 0.00650777017559824 7.22
1805.7771 0.00545908644540941 7.22
1806.129 0.00503947814974028 7.22
1806.481 0.00255080236479822 7.22
1806.8329 0.00469209974014746 7.22
1807.1847 0.00532557950641558 7.22
1807.5366 0.00465763831640473 7.22
1807.8885 0.00313113694181805 7.22
1808.2405 0.00446891086720745 7.22
1808.5924 0.00448260794570423 7.22
1808.9443 0 7.22
1809.2961 0.00207475419041041 7.22
1809.6481 0.00039852558289546 7.22
1810 0 7.22
