w Int P
1450 0 12.47
1450.3519 0.00105156764841355 12.47
1450.7039 0.00184407062650205 12.47
1451.0557 0.00320411351156603 12.47
1451.4076 0.00774588096001085 12.47
1451.7595 0.00674185451217392 12.47
1452.1115 0.00995906156668299 12.47
1452.4634 0.00580225982276539 12.47
1452.8153 0.00522350410139466 12.47
1453.1671 0.00890379695667886 12.47
1453.519 0.00111438445309052 12.47
1453.871 0.00342218548106697 12.47
1454.2229 0.00796557710355175 12.47
1454.5748 0.00851557539876115 12.47
1454.9266 0.00787573429598675 12.47
1455.2786 0.00817564312539419 12.47
1455.6305 0.0117360339219122 12.47
1455.9824 0.00858707441731804 12.47
1456.3344 0.00666511315956017 12.47
1456.6862 0.0143888107589575 12.47
1457.0381 0.0180114271366274 12.47
1457.39 0.0108822836277329 12.47
1457.7419 0.00729099487510413 12.47
1458.0939 0.0101853198857123 12.47
1458.4458 0.0112410371579745 12.47
1458.7976 0.0079941995664042 12.47
1459.1495 0.00682772754966699 12.47
1459.5015 0.010410664800216 12.47
1459.8534 0.0129380996836656 12.47
1460.2053 0.0208826431826413 12.47
1460.5571 0.0174000093182567 12.47
1460.9091 0.0168069979570553 12.47
1461.261 0.0173913292260532 12.47
1461.6129 0.0153336926287974 12.47
1461.9648 0.0128262255403958 12.47
1462.3168 0.0112195981419819 12.47
1462.6686 0 12.47
1463.0205 0.00971816136712773 12.47
1463.3724 0.0170231944184807 12.47
1463.7244 0.0157952328453978 12.47
1464.0763 0.0132979061489254 12.47
1464.4281 0.0169901725853772 12.47
1464.78 0.0187724318256908 12.47
1465.132 0.0132193980544036 12.47
1465.4839 0.0166478750382025 12.47
1465.8358 0.0147670397436492 12.47
1466.1877 0.0167790398102103 12.47
1466.5396 0.0203114827091685 12.47
1466.8915 0.0207609804074904 12.47
1467.2434 0.0168504626950179 12.47
1467.5953 0.0165794936879721 12.47
1467.9473 0.018378598217907 12.47
1468.2991 0.0165476965351708 12.47
1468.651 0.0155466659911436 12.47
1469.0029 0.0163134315363947 12.47
1469.3549 0.016181102095416 12.47
1469.7068 0.0124938942310544 12.47
1470.0586 0.00811300175185067 12.47
1470.4105 0.0141658623361376 12.47
1470.7625 0.009587013787211 12.47
1471.1144 0.0123675110469449 12.47
1471.4663 0.0117822033392161 12.47
1471.8182 0.0181008745570506 12.47
1472.17 0.0149381501612479 12.47
1472.522 0.0100937069094265 12.47
1472.8739 0.00824212552417753 12.47
1473.2258 0.0114296238994963 12.47
1473.5778 0.00862555632705037 12.47
1473.9296 0.0112697892578975 12.47
1474.2815 0.0208111315852826 12.47
1474.6334 0.0141506431270189 12.47
1474.9854 0.00827457709920274 12.47
1475.3373 0.017275426226151 12.47
1475.6892 0.0171494405699998 12.47
1476.041 0.00950820177648352 12.47
1476.3929 0.0109149857765153 12.47
1476.7449 0.0135781602841924 12.47
1477.0968 0.0154860348346768 12.47
1477.4487 0.00980712957070314 12.47
1477.8005 0.0128673012685016 12.47
1478.1525 0.0117132067552411 12.47
1478.5044 0.00768977608795362 12.47
1478.8563 0.00936475534700252 12.47
1479.2083 0.010870879534299 12.47
1479.5601 0.0118472077734925 12.47
1479.912 0.0133881316503344 12.47
1480.2639 0.0139783598045203 12.47
1480.6158 0.0135032142828562 12.47
1480.9678 0.0152810825025065 12.47
1481.3197 0.0150300166686717 12.47
1481.6715 0.0082099809241803 12.47
1482.0234 0.0120117269002873 12.47
1482.3754 0.0117191581383822 12.47
1482.7273 0.00886582751353335 12.47
1483.0792 0.00981415318459862 12.47
1483.431 0.0116786605283295 12.47
1483.783 0.00979565923766521 12.47
1484.1349 0.00942885457395108 12.47
1484.4868 0.0117789363247095 12.47
1484.8387 0.0136081745644323 12.47
1485.1907 0.00918902081565562 12.47
1485.5425 0.0120331679778016 12.47
1485.8944 0.00736015218898722 12.47
1486.2463 0.0100682469620217 12.47
1486.5983 0.0119974544043891 12.47
1486.9502 0.00888995462466326 12.47
1487.302 0.00537212757625202 12.47
1487.6539 0.0136178578222093 12.47
1488.0059 0.0143938078130532 12.47
1488.3578 0.00765719910554703 12.47
1488.7097 0.00617125403344557 12.47
1489.0615 0.00690585260101879 12.47
1489.4135 0.00920675180310009 12.47
1489.7654 0.0118505743479261 12.47
1490.1173 0.0106247224412187 12.47
1490.4692 0.0107444658679084 12.47
1490.8212 0.0119602478218459 12.47
1491.173 0.0119811768054688 12.47
1491.5249 0.01080093320794 12.47
1491.8768 0.00780801749851572 12.47
1492.2288 0.0111743467061826 12.47
1492.5807 0.0132244068973649 12.47
1492.9325 0.00900227977767531 12.47
1493.2844 0.00883972673489364 12.47
1493.6364 0.00881860158008639 12.47
1493.9883 0.0131729047083169 12.47
1494.3402 0.00722730631160614 12.47
1494.6921 0.0132971690877256 12.47
1495.0439 0.0115360223941202 12.47
1495.3959 0.0131774412178048 12.47
1495.7478 0.0122162451850671 12.47
1496.0997 0.000664091884046095 12.47
1496.4517 0.0102397980487936 12.47
1496.8035 0.00926755868919153 12.47
1497.1554 0.00761650177404267 12.47
1497.5073 0.00590001787110749 12.47
1497.8593 0.00458411619261579 12.47
1498.2112 0.00985711036544761 12.47
1498.5631 0.00943189176601726 12.47
1498.9149 0.00330738743064429 12.47
1499.2668 0.0084202549420207 12.47
1499.6188 0.0112968346526494 12.47
1499.9707 0.00892208146063079 12.47
1500.3226 0.00658201799739248 12.47
1500.6744 0.0102568879338632 12.47
1501.0264 0.00859268072418031 12.47
1501.3783 0.00678894206095162 12.47
1501.7302 0.0072606055101938 12.47
1502.0822 0.0115742131032296 12.47
1502.434 0.0103812456750605 12.47
1502.7859 0.00953643626416049 12.47
1503.1378 0.00879206277166161 12.47
1503.4897 0.0089163595186377 12.47
1503.8417 0.0119321112291149 12.47
1504.1936 0.00815254137510743 12.47
1504.5454 0.00830675590121876 12.47
1504.8973 0.00868617940857545 12.47
1505.2493 0.0103889225376438 12.47
1505.6012 0.0143844146390119 12.47
1505.9531 0.0123183202326798 12.47
1506.3049 0.0117198756095838 12.47
1506.6569 0.00518078043003417 12.47
1507.0088 0.00729977882918244 12.47
1507.3607 0.00543684700222972 12.47
1507.7126 0 12.47
1508.0646 0.00646212514891626 12.47
1508.4164 0.00580164526354443 12.47
1508.7683 0.0145053741751551 12.47
1509.1202 0.0117228879438502 12.47
1509.4722 0.0139371783502254 12.47
1509.8241 0.012136819833987 12.47
1510.1759 0.0077450113274761 12.47
1510.5278 0.01041378830799 12.47
1510.8798 0.00792327838084854 12.47
1511.2317 0.00783520299955069 12.47
1511.5836 0.014102727180409 12.47
1511.9354 0.0140305738292049 12.47
1512.2874 0.00937195115914656 12.47
1512.6393 0.00810191832608671 12.47
1512.9912 0.00686786141743455 12.47
1513.3431 0.00359275287258084 12.47
1513.6951 0.00609273830913607 12.47
1514.0469 0.00904070372690438 12.47
1514.3988 0.00905091434576934 12.47
1514.7507 0.00766462632692135 12.47
1515.1027 0.00964282003522667 12.47
1515.4546 0.0129988197888724 12.47
1515.8064 0.00959230285090534 12.47
1516.1583 0.00948231520249698 12.47
1516.5103 0.0147433965076051 12.47
1516.8622 0.0133973466964845 12.47
1517.2141 0.00640881299809228 12.47
1517.566 0.00681307828166573 12.47
1517.9178 0.0145663738342444 12.47
1518.2698 0.0172213035965888 12.47
1518.6217 0.0155014308840943 12.47
1518.9736 0.00919347305004467 12.47
1519.3256 0.00782961416269093 12.47
1519.6774 0.0105809324738196 12.47
1520.0293 0.0121242225624128 12.47
1520.3812 0.0136799709108414 12.47
1520.7332 0.00900792298715495 12.47
1521.0851 0.012096797746758 12.47
1521.4369 0.0120334881640278 12.47
1521.7888 0.0136034222175138 12.47
1522.1407 0.00522616338490798 12.47
1522.4927 0.0145141729864944 12.47
1522.8446 0.0117477031766507 12.47
1523.1965 0.0095166005613131 12.47
1523.5483 0.0184724139191122 12.47
1523.9003 0.0151790174952736 12.47
1524.2522 0.0144239604924679 12.47
1524.6041 0.011502921888405 12.47
1524.9561 0.0178495429146732 12.47
1525.3079 0.0195214708341009 12.47
1525.6598 0.0162546990901016 12.47
1526.0117 0.0159669254081577 12.47
1526.3636 0.0161647985408496 12.47
1526.7156 0.0133885935835282 12.47
1527.0675 0.0132740150616764 12.47
1527.4193 0.0141426809528369 12.47
1527.7712 0.0103478367150791 12.47
1528.1232 0.0146516786599237 12.47
1528.4751 0.0171583198850825 12.47
1528.827 0.0182021529855526 12.47
1529.1788 0.0145464802391683 12.47
1529.5308 0.0156073723696814 12.47
1529.8827 0.0160777781510241 12.47
1530.2346 0.0163611879870767 12.47
1530.5865 0.0183216279319345 12.47
1530.9385 0.0185333305231673 12.47
1531.2903 0.0156023210474455 12.47
1531.6422 0.00953438421637246 12.47
1531.9941 0.00686718617706289 12.47
1532.3461 0.0105281556271947 12.47
1532.698 0.0155575052802594 12.47
1533.0498 0.0138975950627325 12.47
1533.4017 0.0119411562377056 12.47
1533.7537 0.0197820737108085 12.47
1534.1056 0.0216968490167521 12.47
1534.4575 0.0194658308960178 12.47
1534.8093 0.0131588395472859 12.47
1535.1613 0.0111491884072625 12.47
1535.5132 0.017000304406707 12.47
1535.8651 0.0225142775508792 12.47
1536.217 0.024574026819428 12.47
1536.569 0.0174535881655422 12.47
1536.9208 0.0145974315200142 12.47
1537.2727 0.018367642595389 12.47
1537.6246 0.0130696863071904 12.47
1537.9766 0.0206707048250769 12.47
1538.3285 0.00909226467701479 12.47
1538.6803 0.0149976914212981 12.47
1539.0322 0.0163423159210629 12.47
1539.3842 0.0197668037532654 12.47
1539.7361 0.0208959576264435 12.47
1540.088 0.0184187222318272 12.47
1540.4399 0.0164946448398466 12.47
1540.7917 0.0198267133357179 12.47
1541.1437 0.0210406533575916 12.47
1541.4956 0.0184366760580944 12.47
1541.8475 0.0101766300167803 12.47
1542.1995 0.012544897755152 12.47
1542.5513 0.0138791382985308 12.47
1542.9032 0.017369888167788 12.47
1543.2551 0.0171327455297717 12.47
1543.6071 0.0172644411200122 12.47
1543.959 0.0214109254402553 12.47
1544.3108 0.0176259759508925 12.47
1544.6627 0.0225239552724758 12.47
1545.0146 0.0220940428912804 12.47
1545.3666 0.0216414301351524 12.47
1545.7185 0.0257753717009569 12.47
1546.0704 0.0222494362321993 12.47
1546.4222 0.0215694380934758 12.47
1546.7742 0.0244700875503718 12.47
1547.1261 0.0177721871223053 12.47
1547.478 0.0128122374119901 12.47
1547.83 0.0175124247641202 12.47
1548.1818 0.0213645763195979 12.47
1548.5337 0.0207085000503595 12.47
1548.8856 0.0200577844942831 12.47
1549.2375 0.0234534309934334 12.47
1549.5895 0.0241225122603688 12.47
1549.9414 0.0208476102578786 12.47
1550.2932 0.021945359795039 12.47
1550.6451 0.0235251703288164 12.47
1550.9971 0.0209946569011789 12.47
1551.349 0.0206130566564662 12.47
1551.7009 0.0234960556210964 12.47
1552.0527 0.0242509823879879 12.47
1552.4047 0.0233013160457849 12.47
1552.7566 0.0221265180188814 12.47
1553.1085 0.0289240674576623 12.47
1553.4604 0.0283201994649455 12.47
1553.8123 0.0234216397780389 12.47
1554.1642 0.0214738287908331 12.47
1554.5161 0.0265966858048321 12.47
1554.868 0.0294132907878833 12.47
1555.22 0.026524548407317 12.47
1555.5719 0.0304330865365077 12.47
1555.9237 0.0323780728487843 12.47
1556.2756 0.0212341978335464 12.47
1556.6276 0.0274811621694212 12.47
1556.9795 0.0283070179700747 12.47
1557.3314 0.0248720550241538 12.47
1557.6832 0.024617196175847 12.47
1558.0352 0.0273324832497825 12.47
1558.3871 0.031031118007912 12.47
1558.739 0.0287857358046245 12.47
1559.0909 0.0255437585325356 12.47
1559.4429 0.0290070012227639 12.47
1559.7947 0.0328944245809555 12.47
1560.1466 0.0323485104977817 12.47
1560.4985 0.0286105123514353 12.47
1560.8505 0.0361539900445059 12.47
1561.2024 0.0393407752727018 12.47
1561.5542 0.035599312339147 12.47
1561.9061 0.0308636394707354 12.47
1562.2581 0.0345885056175056 12.47
1562.61 0.0335564471403657 12.47
1562.9619 0.0347688469743274 12.47
1563.3138 0.036909711062 12.47
1563.6656 0.0369841840123092 12.47
1564.0176 0.0351239568839958 12.47
1564.3695 0.0389188403835208 12.47
1564.7214 0.0380906861606111 12.47
1565.0734 0.035869873618767 12.47
1565.4252 0.0324466924673805 12.47
1565.7771 0.0316029818491829 12.47
1566.129 0.0363849313039201 12.47
1566.481 0.0376055933408971 12.47
1566.8329 0.040811502514296 12.47
1567.1847 0.0430526893524239 12.47
1567.5366 0.0430009372622359 12.47
1567.8885 0.0415456171525295 12.47
1568.2405 0.0413157885003143 12.47
1568.5924 0.0462893059972066 12.47
1568.9443 0.0473969325231334 12.47
1569.2961 0.0427630939197463 12.47
1569.6481 0.0407695906372337 12.47
1570 0.0449674101230981 12.47
1570.3519 0.0441163296978389 12.47
1570.7039 0.0424462154268468 12.47
1571.0557 0.047438171015352 12.47
1571.4076 0.0491102308793042 12.47
1571.7595 0.0443635737124695 12.47
1572.1115 0.0445800924960878 12.47
1572.4634 0.0428620411117079 12.47
1572.8153 0.0406786779472088 12.47
1573.1671 0.0466865215389251 12.47
1573.519 0.0490996741797281 12.47
1573.871 0.0535587984287748 12.47
1574.2229 0.0544018629636243 12.47
1574.5748 0.0532064013120807 12.47
1574.9266 0.0519253273423874 12.47
1575.2786 0.0502135384554125 12.47
1575.6305 0.0558717814404961 12.47
1575.9824 0.0504456468391613 12.47
1576.3344 0.0473265533935462 12.47
1576.6862 0.0494947556710412 12.47
1577.0381 0.0517971171103998 12.47
1577.39 0.0576743419422497 12.47
1577.7419 0.0606520030273921 12.47
1578.0939 0.0561754756156352 12.47
1578.4458 0.0645698322315763 12.47
1578.7976 0.0616565384576701 12.47
1579.1495 0.0594899897192185 12.47
1579.5015 0.0601471948002521 12.47
1579.8534 0.0673366208206354 12.47
1580.2053 0.0683403283728491 12.47
1580.5571 0.0642796354399118 12.47
1580.9091 0.0694981220766907 12.47
1581.261 0.0616922345278663 12.47
1581.6129 0.0699244084470061 12.47
1581.9648 0.0692805369537933 12.47
1582.3168 0.0745340794626333 12.47
1582.6686 0.0690840229918134 12.47
1583.0205 0.0800191511041781 12.47
1583.3724 0.0776236595440654 12.47
1583.7244 0.0790429777815816 12.47
1584.0763 0.0974814144286788 12.47
1584.4281 0.0779695689302684 12.47
1584.78 0.0828111058568781 12.47
1585.132 0.0826573786773269 12.47
1585.4839 0.0764599303960441 12.47
1585.8358 0.0881914295323662 12.47
1586.1877 0.0860259322823106 12.47
1586.5396 0.088699938539937 12.47
1586.8915 0.0841218105534369 12.47
1587.2434 0.0922968004027523 12.47
1587.5953 0.0919189085322935 12.47
1587.9473 0.0968016042274521 12.47
1588.2991 0.096944930891124 12.47
1588.651 0.0909408532035324 12.47
1589.0029 0.0870364194653543 12.47
1589.3549 0.0920526729633896 12.47
1589.7068 0.0884356241474565 12.47
1590.0586 0.103904150088018 12.47
1590.4105 0.100906606314853 12.47
1590.7625 0.104943933504456 12.47
1591.1144 0.108444465971112 12.47
1591.4663 0.112004154048336 12.47
1591.8182 0.103127447615896 12.47
1592.17 0.11285573880151 12.47
1592.522 0.113570034069476 12.47
1592.8739 0.118424188856838 12.47
1593.2258 0.117282597209013 12.47
1593.5778 0.121808659960416 12.47
1593.9296 0.124895741048297 12.47
1594.2815 0.121601996749281 12.47
1594.6334 0.126912375452768 12.47
1594.9854 0.128420995097634 12.47
1595.3373 0.12744147348714 12.47
1595.6892 0.134070043107702 12.47
1596.041 0.138320652435547 12.47
1596.3929 0.14451597128378 12.47
1596.7449 0.141980162861005 12.47
1597.0968 0.145746346360292 12.47
1597.4487 0.147485663928434 12.47
1597.8005 0.147631994844666 12.47
1598.1525 0.149184598624671 12.47
1598.5044 0.162508257734974 12.47
1598.8563 0.161911703219583 12.47
1599.2083 0.157593180715911 12.47
1599.5601 0.162227085728984 12.47
1599.912 0.168107699733253 12.47
1600.2639 0.160623417420992 12.47
1600.6158 0.159929243473975 12.47
1600.9678 0.170514179517484 12.47
1601.3197 0.177330158168064 12.47
1601.6715 0.184111352698495 12.47
1602.0234 0.180145669761247 12.47
1602.3754 0.178651172828974 12.47
1602.7273 0.184741051800635 12.47
1603.0792 0.191656076902807 12.47
1603.431 0.196544592320351 12.47
1603.783 0.195064224763399 12.47
1604.1349 0.202258476364457 12.47
1604.4868 0.208480748991128 12.47
1604.8387 0.204429228925264 12.47
1605.1907 0.206363175626332 12.47
1605.5425 0.207163372723989 12.47
1605.8944 0.207934382138841 12.47
1606.2463 0.212349991158737 12.47
1606.5983 0.20451877451399 12.47
1606.9502 0.205805229173559 12.47
1607.302 0.213863540855595 12.47
1607.6539 0.209687926382418 12.47
1608.0059 0.218894614622517 12.47
1608.3578 0.232088828000636 12.47
1608.7097 0.231160444401688 12.47
1609.0615 0.225006350731689 12.47
1609.4135 0.224072062407278 12.47
1609.7654 0.224808832731234 12.47
1610.1173 0.222724093545311 12.47
1610.4692 0.220277736234039 12.47
1610.8212 0.221017830520865 12.47
1611.173 0.225409836873111 12.47
1611.5249 0.228063508096221 12.47
1611.8768 0.238402592500654 12.47
1612.2288 0.241269397174802 12.47
1612.5807 0.235323489327406 12.47
1612.9325 0.245062154572642 12.47
1613.2844 0.244590004278109 12.47
1613.6364 0.235114372441412 12.47
1613.9883 0.233737604147864 12.47
1614.3402 0.243425535586466 12.47
1614.6921 0.242013007299163 12.47
1615.0439 0.24744431604801 12.47
1615.3959 0.247363366886728 12.47
1615.7478 0.240305744767742 12.47
1616.0997 0.240159067684943 12.47
1616.4517 0.246044920863089 12.47
1616.8035 0.244534697529371 12.47
1617.1554 0.252075085966803 12.47
1617.5073 0.249310324825603 12.47
1617.8593 0.250681650128471 12.47
1618.2112 0.25302509472159 12.47
1618.5631 0.253454267136545 12.47
1618.9149 0.25776937401154 12.47
1619.2668 0.258696529453205 12.47
1619.6188 0.257320587837586 12.47
1619.9707 0.246775967325204 12.47
1620.3226 0.25163959489642 12.47
1620.6744 0.249307229684752 12.47
1621.0264 0.257421693741745 12.47
1621.3783 0.261057483291632 12.47
1621.7302 0.261328566303899 12.47
1622.0822 0.256887939710235 12.47
1622.434 0.259547459329073 12.47
1622.7859 0.257962543274554 12.47
1623.1378 0.248846304030179 12.47
1623.4897 0.252888681610924 12.47
1623.8417 0.255289000968796 12.47
1624.1936 0.261276510034471 12.47
1624.5454 0.255921979406774 12.47
1624.8973 0.251449122307639 12.47
1625.2493 0.254556023091078 12.47
1625.6012 0.254886383761672 12.47
1625.9531 0.24958395864779 12.47
1626.3049 0.258272384139448 12.47
1626.6569 0.251391309308291 12.47
1627.0088 0.248931883498383 12.47
1627.3607 0.24767103241221 12.47
1627.7126 0.248036279965659 12.47
1628.0646 0.254986201847449 12.47
1628.4164 0.255400474538889 12.47
1628.7683 0.250173296563349 12.47
1629.1202 0.250457926877004 12.47
1629.4722 0.256810368642608 12.47
1629.8241 0.243500080164807 12.47
1630.1759 0.252937493984575 12.47
1630.5278 0.248028710450674 12.47
1630.8798 0.252784176049911 12.47
1631.2317 0.247493307920097 12.47
1631.5836 0.247830024462513 12.47
1631.9354 0.250623345979748 12.47
1632.2874 0.251191625185002 12.47
1632.6393 0.25168714464009 12.47
1632.9912 0.232900066191998 12.47
1633.3431 0.246232606623933 12.47
1633.6951 0.242429886119969 12.47
1634.0469 0.240286647995251 12.47
1634.3988 0.233144596991036 12.47
1634.7507 0.244039439954227 12.47
1635.1027 0.244389056514548 12.47
1635.4546 0.245264754742832 12.47
1635.8064 0.24741689365742 12.47
1636.1583 0.243017978724421 12.47
1636.5103 0.24198086046785 12.47
1636.8622 0.252649370553792 12.47
1637.2141 0.251037744816355 12.47
1637.566 0.246357021604926 12.47
1637.9178 0.254196604924006 12.47
1638.2698 0.255312653253865 12.47
1638.6217 0.255276880031981 12.47
1638.9736 0.259677974756696 12.47
1639.3256 0.257032914811914 12.47
1639.6774 0.2634993012272 12.47
1640.0293 0.257941862012409 12.47
1640.3812 0.268783820742252 12.47
1640.7332 0.274540256353081 12.47
1641.0851 0.271713983140712 12.47
1641.4369 0.267619971169225 12.47
1641.7888 0.280306756901647 12.47
1642.1407 0.286769379121418 12.47
1642.4927 0.287285966406059 12.47
1642.8446 0.286523445713299 12.47
1643.1965 0.307624354250373 12.47
1643.5483 0.307884433679164 12.47
1643.9003 0.30765020191929 12.47
1644.2522 0.305898934767542 12.47
1644.6041 0.314793152068044 12.47
1644.9561 0.327515829738745 12.47
1645.3079 0.33447007860493 12.47
1645.6598 0.346368529688992 12.47
1646.0117 0.351022206947701 12.47
1646.3636 0.363682799353114 12.47
1646.7156 0.363969777247557 12.47
1647.0675 0.364752137104113 12.47
1647.4193 0.380905970606799 12.47
1647.7712 0.395101820565046 12.47
1648.1232 0.404151696209795 12.47
1648.4751 0.417529225323818 12.47
1648.827 0.433507488937706 12.47
1649.1788 0.431175790294575 12.47
1649.5308 0.43368216915611 12.47
1649.8827 0.450996489601517 12.47
1650.2346 0.457434101418725 12.47
1650.5865 0.458848030269737 12.47
1650.9385 0.475285231523819 12.47
1651.2903 0.493755428244975 12.47
1651.6422 0.503574119776257 12.47
1651.9941 0.531369751659791 12.47
1652.3461 0.540304226453074 12.47
1652.698 0.548516816400838 12.47
1653.0498 0.562602184462711 12.47
1653.4017 0.568081486654681 12.47
1653.7537 0.581432710290699 12.47
1654.1056 0.591542204081512 12.47
1654.4575 0.613091394042006 12.47
1654.8093 0.62499815325358 12.47
1655.1613 0.6376284126049 12.47
1655.5132 0.645096483050236 12.47
1655.8651 0.664596791541293 12.47
1656.217 0.675633200518091 12.47
1656.569 0.68522515598416 12.47
1656.9208 0.703962609135409 12.47
1657.2727 0.711357619913798 12.47
1657.6246 0.724336259394148 12.47
1657.9766 0.736199251418187 12.47
1658.3285 0.75233664653487 12.47
1658.6803 0.768057801950871 12.47
1659.0322 0.775407889765197 12.47
1659.3842 0.779247790620153 12.47
1659.7361 0.796089363760355 12.47
1660.088 0.812154393943496 12.47
1660.4399 0.834281423719064 12.47
1660.7917 0.849839138407504 12.47
1661.1437 0.846799591936709 12.47
1661.4956 0.860254048692849 12.47
1661.8475 0.876115005632553 12.47
1662.1995 0.877726511539315 12.47
1662.5513 0.894160529146391 12.47
1662.9032 0.898537073494716 12.47
1663.2551 0.908697648967341 12.47
1663.6071 0.927432643403756 12.47
1663.959 0.925463079750357 12.47
1664.3108 0.939946680265656 12.47
1664.6627 0.950107537386958 12.47
1665.0146 0.952721242662729 12.47
1665.3666 0.960010785908154 12.47
1665.7185 0.963217267767197 12.47
1666.0704 0.972910775849614 12.47
1666.4222 0.982660237627488 12.47
1666.7742 0.98396962838617 12.47
1667.1261 0.982599507001411 12.47
1667.478 0.982825300906334 12.47
1667.83 0.991708224603343 12.47
1668.1818 0.985320249871537 12.47
1668.5337 0.985974994712312 12.47
1668.8856 0.991424902170639 12.47
1669.2375 0.984955249830829 12.47
1669.5895 0.986677255902068 12.47
1669.9414 0.995596699535786 12.47
1670.2932 1 12.47
1670.6451 0.993587616224618 12.47
1670.9971 0.998593551992767 12.47
1671.349 0.997131613139139 12.47
1671.7009 0.98976828954558 12.47
1672.0527 0.98524032268007 12.47
1672.4047 0.984507384995213 12.47
1672.7566 0.989398032062892 12.47
1673.1085 0.984390887422515 12.47
1673.4604 0.973086360001624 12.47
1673.8123 0.972064825796733 12.47
1674.1642 0.964588091669029 12.47
1674.5161 0.95231347231989 12.47
1674.868 0.941005471231976 12.47
1675.22 0.936708081767407 12.47
1675.5719 0.939882455677214 12.47
1675.9237 0.928081944426747 12.47
1676.2756 0.926481809955353 12.47
1676.6276 0.921751432590553 12.47
1676.9795 0.909965285931114 12.47
1677.3314 0.897849798084771 12.47
1677.6832 0.887719839023526 12.47
1678.0352 0.872455143939491 12.47
1678.3871 0.854135780673568 12.47
1678.739 0.847729780934876 12.47
1679.0909 0.846086835864499 12.47
1679.4429 0.835261111703855 12.47
1679.7947 0.831267714028265 12.47
1680.1466 0.814638468146361 12.47
1680.4985 0.798128979282136 12.47
1680.8505 0.786130507581485 12.47
1681.2024 0.772362042423395 12.47
1681.5542 0.764396271800161 12.47
1681.9061 0.764297615816878 12.47
1682.2581 0.745926457867634 12.47
1682.61 0.730810660542637 12.47
1682.9619 0.721361127641582 12.47
1683.3138 0.705853557006163 12.47
1683.6656 0.696495540640246 12.47
1684.0176 0.69378891229456 12.47
1684.3695 0.679645863783667 12.47
1684.7214 0.665467637352953 12.47
1685.0734 0.654318430297896 12.47
1685.4252 0.6471626718829 12.47
1685.7771 0.636241815678806 12.47
1686.129 0.631675235288084 12.47
1686.481 0.611410027535723 12.47
1686.8329 0.599582084212541 12.47
1687.1847 0.594481966835242 12.47
1687.5366 0.581593193768207 12.47
1687.8885 0.562236340045507 12.47
1688.2405 0.553820467687689 12.47
1688.5924 0.550594459895616 12.47
1688.9443 0.537682197328876 12.47
1689.2961 0.534727970613838 12.47
1689.6481 0.511106674773388 12.47
1690 0.500700090277855 12.47
1690.3519 0.497426803061115 12.47
1690.7039 0.485287197208162 12.47
1691.0557 0.470073357470047 12.47
1691.4076 0.465327770568187 12.47
1691.7595 0.457976905234463 12.47
1692.1115 0.44653018329306 12.47
1692.4634 0.435215028328737 12.47
1692.8153 0.425276196568528 12.47
1693.1671 0.423153706563054 12.47
1693.519 0.410123170328338 12.47
1693.871 0.400328740353564 12.47
1694.2229 0.387654959110365 12.47
1694.5748 0.387263144406948 12.47
1694.9266 0.378944524320525 12.47
1695.2786 0.368981508835682 12.47
1695.6305 0.362709517537751 12.47
1695.9824 0.352135671280931 12.47
1696.3344 0.344151434909691 12.47
1696.6862 0.334624457502135 12.47
1697.0381 0.324223261884631 12.47
1697.39 0.322916830654147 12.47
1697.7419 0.312430333040514 12.47
1698.0939 0.307945036966597 12.47
1698.4458 0.297774427121373 12.47
1698.7976 0.296847066337479 12.47
1699.1495 0.283094739648611 12.47
1699.5015 0.278967146783425 12.47
1699.8534 0.275062196689338 12.47
1700.2053 0.269275185637506 12.47
1700.5571 0.265755474096047 12.47
1700.9091 0.254771322554301 12.47
1701.261 0.245660012161782 12.47
1701.6129 0.240861362649079 12.47
1701.9648 0.240430042024496 12.47
1702.3168 0.231177109797109 12.47
1702.6686 0.225779890618191 12.47
1703.0205 0.219582357842305 12.47
1703.3724 0.212404640727227 12.47
1703.7244 0.21582186202355 12.47
1704.0763 0.211933275717626 12.47
1704.4281 0.203837261357621 12.47
1704.78 0.19787976836129 12.47
1705.132 0.191930453073371 12.47
1705.4839 0.188407390421124 12.47
1705.8358 0.189350843932929 12.47
1706.1877 0.181272282911115 12.47
1706.5396 0.176297602974965 12.47
1706.8915 0.171141879268911 12.47
1707.2434 0.165874500638801 12.47
1707.5953 0.160579022858964 12.47
1707.9473 0.162661088599536 12.47
1708.2991 0.154970366686472 12.47
1708.651 0.150315029409177 12.47
1709.0029 0.14777680768759 12.47
1709.3549 0.142459436925696 12.47
1709.7068 0.144787672490229 12.47
1710.0586 0.139293293905858 12.47
1710.4105 0.136214409994627 12.47
1710.7625 0.132435845558905 12.47
1711.1144 0.125310975124018 12.47
1711.4663 0.126470687878706 12.47
1711.8182 0.115099175014013 12.47
1712.17 0.110778933436458 12.47
1712.522 0.114003169058948 12.47
1712.8739 0.11140972541999 12.47
1713.2258 0.110610083431534 12.47
1713.5778 0.110503466687442 12.47
1713.9296 0.104764654604146 12.47
1714.2815 0.0984682068127176 12.47
1714.6334 0.0970314942923055 12.47
1714.9854 0.0927722494469607 12.47
1715.3373 0.0923816082796999 12.47
1715.6892 0.0962779604094435 12.47
1716.041 0.0918127918107297 12.47
1716.3929 0.0814564064978183 12.47
1716.7449 0.081840778504945 12.47
1717.0968 0.0778636043016545 12.47
1717.4487 0.0786642056042244 12.47
1717.8005 0.0772790906130577 12.47
1718.1525 0.0759770536104181 12.47
1718.5044 0.0730429183428509 12.47
1718.8563 0.0702899488929494 12.47
1719.2083 0.0738032123883041 12.47
1719.5601 0.0695597576285285 12.47
1719.912 0.0706343185997153 12.47
1720.2639 0.0619565687930708 12.47
1720.6158 0.0588891573713045 12.47
1720.9678 0.0573916092450246 12.47
1721.3197 0.0596018527902579 12.47
1721.6715 0.062031500146799 12.47
1722.0234 0.0653498434722612 12.47
1722.3754 0.0587688559187053 12.47
1722.7273 0.0572964960640093 12.47
1723.0792 0.0542039146387626 12.47
1723.431 0.0501302377017919 12.47
1723.783 0.0500901745401957 12.47
1724.1349 0.0472757493488608 12.47
1724.4868 0.041763317592736 12.47
1724.8387 0.0478572523053537 12.47
1725.1907 0.0493219535331065 12.47
1725.5425 0.0426858087632544 12.47
1725.8944 0.0439713339821877 12.47
1726.2463 0.0459918777548268 12.47
1726.5983 0.0440255441814049 12.47
1726.9502 0.0412409925264649 12.47
1727.302 0.0390705189746316 12.47
1727.6539 0.039597667576204 12.47
1728.0059 0.0404013299695445 12.47
1728.3578 0.0369722534809836 12.47
1728.7097 0.0390963594723442 12.47
1729.0615 0.0371624708096219 12.47
1729.4135 0.0344408024245563 12.47
1729.7654 0.0342939094111045 12.47
1730.1173 0.0331238524702725 12.47
1730.4692 0.0336914270453573 12.47
1730.8212 0.0336966529911052 12.47
1731.173 0.0309175835886125 12.47
1731.5249 0.0279106984676437 12.47
1731.8768 0.0277515349601416 12.47
1732.2288 0.031129269111877 12.47
1732.5807 0.0297198859014729 12.47
1732.9325 0.0287817755263872 12.47
1733.2844 0.026385551679713 12.47
1733.6364 0.0270310401757621 12.47
1733.9883 0.0246630750797316 12.47
1734.3402 0.0251772396772707 12.47
1734.6921 0.0259001434980039 12.47
1735.0439 0.0227889070335415 12.47
1735.3959 0.0240082828748912 12.47
1735.7478 0.0222881379020085 12.47
1736.0997 0.0180098530975888 12.47
1736.4517 0.0212995532610229 12.47
1736.8035 0.0198648587143247 12.47
1737.1554 0.0216887366037457 12.47
1737.5073 0.0230819548886707 12.47
1737.8593 0.0243137702132772 12.47
1738.2112 0.0373971923899512 12.47
1738.5631 0.0173842850144307 12.47
1738.9149 0.0175760740272134 12.47
1739.2668 0.0237704164933645 12.47
1739.6188 0.0230923627474658 12.47
1739.9707 0.0195149794536158 12.47
1740.3226 0.0184582391640366 12.47
1740.6744 0.019767535022877 12.47
1741.0264 0.0166309136412314 12.47
1741.3783 0.0130585812469982 12.47
1741.7302 0.0174667829066756 12.47
1742.0822 0.0177196155931145 12.47
1742.434 0.0126663176143072 12.47
1742.7859 0.0176611089746411 12.47
1743.1378 0.0126205983542678 12.47
1743.4897 0.0131035844432062 12.47
1743.8417 0.0171990533081373 12.47
1744.1936 0.0158300491297994 12.47
1744.5454 0.0159004100094169 12.47
1744.8973 0.0106569809051848 12.47
1745.2493 0.00949403140779036 12.47
1745.6012 0.00978366567961601 12.47
1745.9531 0.0137212699523261 12.47
1746.3049 0.0180107186327998 12.47
1746.6569 0.0149590800454492 12.47
1747.0088 0.0138201922249286 12.47
1747.3607 0.0112295181312994 12.47
1747.7126 0.0112637533823562 12.47
1748.0646 0.0126241507165367 12.47
1748.4164 0.012832012480516 12.47
1748.7683 0.0141070979218028 12.47
1749.1202 0.0149846080899122 12.47
1749.4722 0.0146403455800235 12.47
1749.8241 0.0145850728813666 12.47
1750.1759 0.0112038667712188 12.47
1750.5278 0.0125217158700413 12.47
1750.8798 0.0114019243383311 12.47
1751.2317 0.0102098988006532 12.47
1751.5836 0.0108940008219143 12.47
1751.9354 0.0114136852250577 12.47
1752.2874 0.0120911126811367 12.47
1752.6393 0.0136226861847454 12.47
1752.9912 0.0116587179517397 12.47
1753.3431 0.00989472966805745 12.47
1753.6951 0.0115950206262606 12.47
1754.0469 0.00287099543342585 12.47
1754.3988 0.00347760651521392 12.47
1754.7507 0.0104813321742235 12.47
1755.1027 0.0125342191118053 12.47
1755.4546 0.00594633065717543 12.47
1755.8064 0.00721008392486198 12.47
1756.1583 0.0105286056278199 12.47
1756.5103 0.0153560042992935 12.47
1756.8622 0.0102639331943568 12.47
1757.2141 0.00933818770468894 12.47
1757.566 0.00307528427075207 12.47
1757.9178 0.0109275136154518 12.47
1758.2698 0.0110718458430234 12.47
1758.6217 0.0128528568037269 12.47
1758.9736 0.0109306289047286 12.47
1759.3256 0 12.47
1759.6774 0.0107435735297092 12.47
1760.0293 0.0111936169538848 12.47
1760.3812 0.00774626230837028 12.47
1760.7332 0.00956906754604031 12.47
1761.0851 0.00317440970297984 12.47
1761.4369 0.00108068999545418 12.47
1761.7888 0.0130266372770517 12.47
1762.1407 0.00618134154997035 12.47
1762.4927 0.0117499897039606 12.47
1762.8446 0.00866793339318059 12.47
1763.1965 0.014884442452469 12.47
1763.5483 0.0127230237911584 12.47
1763.9003 0.00661196416078172 12.47
1764.2522 0.0040684107331174 12.47
1764.6041 0.00643699800706554 12.47
1764.9561 0.00749313676796658 12.47
1765.3079 0.0118354930380518 12.47
1765.6598 0.00821570368387457 12.47
1766.0117 0.00754216603884732 12.47
1766.3636 0.0121477760988106 12.47
1766.7156 0.0120173383696384 12.47
1767.0675 0.00808811100176688 12.47
1767.4193 0.00685874292066101 12.47
1767.7712 0.00958355005363844 12.47
1768.1232 0.00888378768774138 12.47
1768.4751 0.00809551575978456 12.47
1768.827 0.00793862506049802 12.47
1769.1788 0.00613391444925775 12.47
1769.5308 0.00549901577379193 12.47
1769.8827 0.00855158686108052 12.47
1770.2346 0.00940729826376738 12.47
1770.5865 0.0103499921663595 12.47
1770.9385 0.0127171116381912 12.47
1771.2903 0.0103058612116374 12.47
1771.6422 0.0121621670943463 12.47
1771.9941 0.012717218533788 12.47
1772.3461 0.0149446120967055 12.47
1772.698 0.0129785605057031 12.47
1773.0498 0.0069621882304038 12.47
1773.4017 0.00640296239528986 12.47
1773.7537 0.0087795546509753 12.47
1774.1056 0.00815955841954328 12.47
1774.4575 0.0109734979706643 12.47
1774.8093 0.0090367598476952 12.47
1775.1613 0.0119809117417264 12.47
1775.5132 0.00803627819119492 12.47
1775.8651 0.00692156605771125 12.47
1776.217 0.0071191771605211 12.47
1776.569 0.0120189003171287 12.47
1776.9208 0.0141600595129784 12.47
1777.2727 0.0128939518270422 12.47
1777.6246 0.00784532117868432 12.47
1777.9766 0.00172257312819083 12.47
1778.3285 0.0125800233775144 12.47
1778.6803 0.00701007364436253 12.47
1779.0322 0.00967381934405509 12.47
1779.3842 0.0113122667457144 12.47
1779.7361 0.00552720930026311 12.47
1780.088 0.00912816913924812 12.47
1780.4399 0.014960856769111 12.47
1780.7917 0.00857340297289894 12.47
1781.1437 0.00813483220223823 12.47
1781.4956 0.01060319821434 12.47
1781.8475 0.0129112310226229 12.47
1782.1995 0.00942265855830564 12.47
1782.5513 0.00882473742389476 12.47
1782.9032 0.0116090005926952 12.47
1783.2551 0.00929376097131215 12.47
1783.6071 0.01228292032401 12.47
1783.959 0.0119818536667045 12.47
1784.3108 0.00823206790026985 12.47
1784.6627 0.00741972439867496 12.47
1785.0146 0.00845993446171133 12.47
1785.3666 0.0128657772740105 12.47
1785.7185 0.0115391996170123 12.47
1786.0704 0.00733988055569499 12.47
1786.4222 0.00878795868592063 12.47
1786.7742 0.0137852261678402 12.47
1787.1261 0.00824607618272558 12.47
1787.478 0.00274848815412266 12.47
1787.83 0.00822780673589505 12.47
1788.1818 0.00761058327878526 12.47
1788.5337 0.0115198639250438 12.47
1788.8856 0.0124066693417281 12.47
1789.2375 0.010625219682257 12.47
1789.5895 0.00658102948352057 12.47
1789.9414 0.0129504362215415 12.47
1790.2932 0.0112653042504841 12.47
1790.6451 0.0102330400731977 12.47
1790.9971 0.00896545519685586 12.47
1791.349 0.0144644266970228 12.47
1791.7009 0.00973748577983104 12.47
1792.0527 0.00656303315524157 12.47
1792.4047 0.00962543994067125 12.47
1792.7566 0.00818140539686084 12.47
1793.1085 0.0107133489037666 12.47
1793.4604 0.0137743225099343 12.47
1793.8123 0.00884481047558595 12.47
1794.1642 0.00288887677748753 12.47
1794.5161 0.00806073211530156 12.47
1794.868 0.00767949885608659 12.47
1795.22 0.0111841879481043 12.47
1795.5719 0.0109486327731883 12.47
1795.9237 0.00716419483113036 12.47
1796.2756 0.00881824879851719 12.47
1796.6276 0.015892731606831 12.47
1796.9795 0.00839053728089668 12.47
1797.3314 0.00794086339304606 12.47
1797.6832 0.00744312469322658 12.47
1798.0352 0.0102506112606392 12.47
1798.3871 0.0147280523957556 12.47
1798.739 0.0111114832247913 12.47
1799.0909 0.0132469592766511 12.47
1799.4429 0.0147557262388941 12.47
1799.7947 0.0147883319988317 12.47
1800.1466 0.0136468444644058 12.47
1800.4985 0.00875237891382929 12.47
1800.8505 0.00788292321973063 12.47
1801.2024 0.0101929463453346 12.47
1801.5542 0.00919597597633397 12.47
1801.9061 0.0149350811389485 12.47
1802.2581 0.015288525226033 12.47
1802.61 0.0103917313797224 12.47
1802.9619 0 12.47
1803.3138 0.00343686835373351 12.47
1803.6656 0.00858589449083136 12.47
1804.0176 0.00794403327181828 12.47
1804.3695 0.00836900699796244 12.47
1804.7214 0.00946679247323936 12.47
1805.0734 0.0164574320373337 12.47
1805.4252 0.00964345876193307 12.47
1805.7771 0.0161270522963743 12.47
1806.129 0.0121686337714908 12.47
1806.481 0 12.47
1806.8329 0.00407612710472332 12.47
1807.1847 0.0127016797259765 12.47
1807.5366 0.007291654053119 12.47
1807.8885 0.00545814411166031 12.47
1808.2405 0.00275222602149761 12.47
1808.5924 0.0031040281688632 12.47
1808.9443 0.00492928476092699 12.47
1809.2961 0.00512725177074236 12.47
1809.6481 0 12.47
1810 0 12.47
