w Int P
1450 0 13.02
1450.3519 0 13.02
1450.7039 0.000928016149503028 13.02
1451.0557 0 13.02
1451.4076 0.00216341085600682 13.02
1451.7595 0.00200367279497808 13.02
1452.1115 0 13.02
1452.4634 0.00192263340292118 13.02
1452.8153 0.0033980389006823 13.02
1453.1671 0.000390200200720406 13.02
1453.519 0.00385254265655192 13.02
1453.871 0.000816243476210198 13.02
1454.2229 0.00108858822032608 13.02
1454.5748 0.00409493154711928 13.02
1454.9266 0.00437252105662085 13.02
1455.2786 0.00260261729385531 13.02
1455.6305 0.00400998244576549 13.02
1455.9824 0.00528817519192438 13.02
1456.3344 0.00211401860488572 13.02
1456.6862 0.00134995669238428 13.02
1457.0381 0.00197251286449734 13.02
1457.39 0.00426100323863431 13.02
1457.7419 0.00401287500193131 13.02
1458.0939 0.00403862653833644 13.02
1458.4458 0.00321486093304333 13.02
1458.7976 0.00164182932963216 13.02
1459.1495 0.00368945201961847 13.02
1459.5015 0.0041744321258465 13.02
1459.8534 0.00625264828035294 13.02
1460.2053 0.0032599761349161 13.02
1460.5571 0.00499844080788388 13.02
1460.9091 0.00631912755287666 13.02
1461.261 0.00488817221093941 13.02
1461.6129 0.00455192674894498 13.02
1461.9648 0.00182190794887338 13.02
1462.3168 0.00115672637760911 13.02
1462.6686 0 13.02
1463.0205 0.0059498795261114 13.02
1463.3724 0.00435158658381597 13.02
1463.7244 0.00216864571780721 13.02
1464.0763 0.0046221069031945 13.02
1464.4281 0.00371755218529129 13.02
1464.78 0.00596548141239466 13.02
1465.132 0.00874493949336981 13.02
1465.4839 0.0102802858180294 13.02
1465.8358 0.00651586898480983 13.02
1466.1876 0.00717123606569836 13.02
1466.5396 0.00584066115434641 13.02
1466.8915 0.00431053397307804 13.02
1467.2434 0.00408386239392387 13.02
1467.5953 0.0062143742752189 13.02
1467.9473 0.0025900629184438 13.02
1468.2991 0.00045741928081452 13.02
1468.651 0.00362505718650876 13.02
1469.0029 0.0046704116437743 13.02
1469.3549 0.00487924269865711 13.02
1469.7068 0.00481538092061111 13.02
1470.0586 0.00912628945971798 13.02
1470.4105 0.00832364868432008 13.02
1470.7625 0.00512745509524635 13.02
1471.1144 0 13.02
1471.4663 0.00601428322719616 13.02
1471.8182 0.00429769281538443 13.02
1472.17 0.00824148442251108 13.02
1472.522 0.00142606105556916 13.02
1472.8739 0.00634697739033355 13.02
1473.2258 0.00739356026653929 13.02
1473.5778 0.00791862183638092 13.02
1473.9296 0.00519232749212306 13.02
1474.2815 0.00211650046581032 13.02
1474.6334 0.00375295272027746 13.02
1474.9854 0.00469668150173802 13.02
1475.3373 0.00442606013714969 13.02
1475.6891 0.0028392279881731 13.02
1476.041 0.00334798617138317 13.02
1476.3929 0.00456789282096048 13.02
1476.7449 0.00433984932239676 13.02
1477.0968 0.00271859795976735 13.02
1477.4487 0.00241229336476212 13.02
1477.8005 0.00321659299671576 13.02
1478.1525 0.00174281100520613 13.02
1478.5044 0.00400843723156154 13.02
1478.8563 0.00390910686936538 13.02
1479.2083 0.00252256419691489 13.02
1479.5601 0.00386343698291928 13.02
1479.912 0.00495271850095513 13.02
1480.2639 0.00602650079347777 13.02
1480.6158 0.00231128107124078 13.02
1480.9678 0.00227785057219169 13.02
1481.3197 0.00291711369739954 13.02
1481.6715 0.00462599641514277 13.02
1482.0234 0.00390707066513322 13.02
1482.3754 0.00284373335275942 13.02
1482.7273 0.00539640356341584 13.02
1483.0792 0.00638072041750363 13.02
1483.431 0.00633598282259947 13.02
1483.783 0.00151126148182684 13.02
1484.1349 0.00517916001779913 13.02
1484.4868 0.00735047925735889 13.02
1484.8387 0.00430764948644156 13.02
1485.1906 0.00372819847633699 13.02
1485.5425 0.00477019847298279 13.02
1485.8944 0.0047629333013094 13.02
1486.2463 0.00593943846150728 13.02
1486.5983 0.00484392170519901 13.02
1486.9502 0.00308583454699487 13.02
1487.302 0.00355951887221702 13.02
1487.6539 0.00318637321398242 13.02
1488.0059 0.00567347944225426 13.02
1488.3578 0.00444190087021888 13.02
1488.7097 0.00223248891110243 13.02
1489.0615 0.00302897360989521 13.02
1489.4135 0.00530535882697196 13.02
1489.7654 0.00528375452016437 13.02
1490.1173 0.00201495011725857 13.02
1490.4692 0.00121606435403616 13.02
1490.8212 0.0032832048010532 13.02
1491.173 0.0047280937987363 13.02
1491.5249 0.00538937251298211 13.02
1491.8768 0.00395571873845417 13.02
1492.2288 0.00284589681362187 13.02
1492.5807 0.00304364887544714 13.02
1492.9325 0.00213010548655218 13.02
1493.2844 0.00375553165678719 13.02
1493.6364 0.00398630651590799 13.02
1493.9883 0.00149454580314573 13.02
1494.3402 0.00427401107006751 13.02
1494.692 0.00347355036495689 13.02
1495.0439 0.00493772397252004 13.02
1495.3959 0.00625260067793815 13.02
1495.7478 0.00366561849272133 13.02
1496.0997 0.00262171850608865 13.02
1496.4517 0.00200057681493365 13.02
1496.8035 0 13.02
1497.1554 0.00595591648371484 13.02
1497.5073 0.00287119116244406 13.02
1497.8593 0.000210135216788279 13.02
1498.2112 0.00461454839540695 13.02
1498.563 0.00403375150803935 13.02
1498.9149 0.00361982074632302 13.02
1499.2668 0.00485488529940819 13.02
1499.6188 0.00288237957307586 13.02
1499.9707 0.00249195631842998 13.02
1500.3226 0.00269605848045823 13.02
1500.6744 0.0060806438566823 13.02
1501.0264 0.00703744472164249 13.02
1501.3783 0.00506339097428927 13.02
1501.7302 0.00475454506606469 13.02
1502.0822 0.00386139892468339 13.02
1502.434 0.00322542197264753 13.02
1502.7859 0.00288268783871404 13.02
1503.1378 0.00259692616134054 13.02
1503.4897 0.00443263534656708 13.02
1503.8417 0.00504557915245254 13.02
1504.1935 0.00412120477734026 13.02
1504.5454 0.00336485139262587 13.02
1504.8973 0.0010842881805143 13.02
1505.2493 0.0033466375133397 13.02
1505.6012 0.00625325904884361 13.02
1505.9531 0.00450822647713152 13.02
1506.3049 0.00356134007790914 13.02
1506.6569 0.00211946073602753 13.02
1507.0088 0.00512965953009381 13.02
1507.3607 0.00282357432964568 13.02
1507.7126 0.00104851004888978 13.02
1508.0645 0.00194375434388092 13.02
1508.4164 0.00534628316258494 13.02
1508.7683 0.00326681795971887 13.02
1509.1202 0.00792880516907101 13.02
1509.4722 0.00311273241402435 13.02
1509.8241 0.00304474896431781 13.02
1510.1759 0.0023006170997919 13.02
1510.5278 0.00244187058169658 13.02
1510.8798 0.000584488148576415 13.02
1511.2317 0.00658518568860778 13.02
1511.5836 0 13.02
1511.9354 0.00416090398651356 13.02
1512.2874 0.00281103165990372 13.02
1512.6393 0.00126712743969589 13.02
1512.9912 0.00206904876805182 13.02
1513.3431 0.00337401298056476 13.02
1513.6949 0.00391613521953856 13.02
1514.0469 0.00259435589237536 13.02
1514.3988 0.00214239980541965 13.02
1514.7507 0.00237157092705196 13.02
1515.1027 0.00411048887786016 13.02
1515.4546 0.00626374827743898 13.02
1515.8064 0.0062612446629298 13.02
1516.1583 0.00176328003104654 13.02
1516.5103 0.000482333794968841 13.02
1516.8622 0.00267587759423776 13.02
1517.2141 0.00296790523444214 13.02
1517.5659 0.00339475263686603 13.02
1517.9178 0.00401304785769699 13.02
1518.2698 0.00481837523760984 13.02
1518.6217 0.00416410095625782 13.02
1518.9736 0.00432573600555977 13.02
1519.3256 0.00506655556708186 13.02
1519.6774 0.00616022500956973 13.02
1520.0293 0.00362894017200008 13.02
1520.3812 0.00553790909824747 13.02
1520.7332 0.00453459025699854 13.02
1521.0851 0.00629097855743829 13.02
1521.4369 0.00725018725424894 13.02
1521.7888 0.00460479812177297 13.02
1522.1407 0.00577304411543887 13.02
1522.4927 0.00422698848679699 13.02
1522.8446 0.00463284085057765 13.02
1523.1964 0.00635997189628667 13.02
1523.5483 0.00564228456651861 13.02
1523.9003 0.00227052625276522 13.02
1524.2522 0.00124484799147113 13.02
1524.6041 0.00510373549630948 13.02
1524.9561 0.00684996410675789 13.02
1525.3079 0.00526323950308724 13.02
1525.6598 0.00584125293704429 13.02
1526.0117 0.00779113595167844 13.02
1526.3636 0.0053377051974896 13.02
1526.7156 0.00701216497341427 13.02
1527.0674 0.00649655129404981 13.02
1527.4193 0.00627809736246471 13.02
1527.7712 0.00878123636238727 13.02
1528.1232 0.00919515865458611 13.02
1528.4751 0.00817729271363664 13.02
1528.827 0.00499653493536362 13.02
1529.1788 0.00289025444934934 13.02
1529.5308 0.006580739665751 13.02
1529.8827 0.00780095196019757 13.02
1530.2346 0.00644119118511609 13.02
1530.5865 0.00728258171451745 13.02
1530.9384 0.00655850082358441 13.02
1531.2903 0.00606447317067917 13.02
1531.6422 0.00584174467184195 13.02
1531.9941 0.00454562164736703 13.02
1532.3461 0.00703824561429933 13.02
1532.6979 0.00935619187772283 13.02
1533.0498 0.007810429945219 13.02
1533.4017 0.00762544880157199 13.02
1533.7537 0.00960530759538327 13.02
1534.1056 0.0115228256561349 13.02
1534.4575 0.00962533686225596 13.02
1534.8093 0.00953249774152776 13.02
1535.1613 0.0104187257484742 13.02
1535.5132 0.0061074912497244 13.02
1535.8651 0.00873681359370151 13.02
1536.217 0.00976865490646065 13.02
1536.5688 0.00996919846205888 13.02
1536.9208 0.0120566399616193 13.02
1537.2727 0.0125992967671805 13.02
1537.6246 0.0110256404092589 13.02
1537.9766 0.0112456525494925 13.02
1538.3285 0.0118478894021502 13.02
1538.6803 0.0132872736160088 13.02
1539.0322 0.0165477739618756 13.02
1539.3842 0.0105409539624918 13.02
1539.7361 0.0109180209305412 13.02
1540.088 0.00634326563145778 13.02
1540.4398 0.00789433467245043 13.02
1540.7917 0.0101892557390676 13.02
1541.1437 0.00929990532628423 13.02
1541.4956 0.00847906140135698 13.02
1541.8475 0.0083711139168138 13.02
1542.1993 0.0123001200170844 13.02
1542.5513 0.0101814918532184 13.02
1542.9032 0.0105240487453106 13.02
1543.2551 0.0114466273115241 13.02
1543.6071 0.0107825173293857 13.02
1543.959 0.011590529132231 13.02
1544.3108 0.011413008639473 13.02
1544.6627 0.0138753380636556 13.02
1545.0146 0.0135629690677002 13.02
1545.3666 0.0129861872403705 13.02
1545.7185 0.0133162496455437 13.02
1546.0703 0.0135536783269965 13.02
1546.4222 0.013703432901179 13.02
1546.7742 0.0130930633219999 13.02
1547.1261 0.0118606120147417 13.02
1547.478 0.01138512490537 13.02
1547.83 0.0134539788307058 13.02
1548.1818 0.0126848749522797 13.02
1548.5337 0.0140716725671985 13.02
1548.8856 0.0165354939094134 13.02
1549.2375 0.015465967367175 13.02
1549.5895 0.0151050720886061 13.02
1549.9413 0.0157917405436686 13.02
1550.2932 0.0175519931992219 13.02
1550.6451 0.0176908627812454 13.02
1550.9971 0.0159467008178712 13.02
1551.349 0.0169992826653781 13.02
1551.7008 0.0166445479159733 13.02
1552.0527 0.0166863226363491 13.02
1552.4047 0.0169143221556106 13.02
1552.7566 0.0149156154761698 13.02
1553.1085 0.0169510342537209 13.02
1553.4604 0.0172201213679635 13.02
1553.8123 0.0164177526661656 13.02
1554.1642 0.0148658924207239 13.02
1554.5161 0.0161077989278197 13.02
1554.868 0.0180439463678546 13.02
1555.22 0.0212824979971766 13.02
1555.5718 0.0208967856992748 13.02
1555.9237 0.0192673718443117 13.02
1556.2756 0.0183349031870223 13.02
1556.6276 0.0193303155560293 13.02
1556.9795 0.0219469108724483 13.02
1557.3314 0.0159069666504041 13.02
1557.6832 0.0189853338675054 13.02
1558.0352 0.0193300295953127 13.02
1558.3871 0.0238342905322856 13.02
1558.739 0.0217558380905577 13.02
1559.0909 0.0220213378082006 13.02
1559.4427 0.0239610919952756 13.02
1559.7947 0.0219617963714696 13.02
1560.1466 0.0254470459385416 13.02
1560.4985 0.0226362028349944 13.02
1560.8505 0.0261256788779003 13.02
1561.2023 0.0249763423136978 13.02
1561.5542 0.0238149517677817 13.02
1561.9061 0.0267978978776724 13.02
1562.2581 0.0230178713606518 13.02
1562.61 0.0260500089605519 13.02
1562.9619 0.0257124341270164 13.02
1563.3137 0.0264423107230618 13.02
1563.6656 0.025650795659629 13.02
1564.0176 0.0260056186629065 13.02
1564.3695 0.0260790868434095 13.02
1564.7214 0.0284794036886424 13.02
1565.0732 0.0281447641083917 13.02
1565.4252 0.0271361412503201 13.02
1565.7771 0.0269409858005119 13.02
1566.129 0.0290428876854774 13.02
1566.481 0.0317143040500224 13.02
1566.8329 0.0313374272356763 13.02
1567.1847 0.0305413094508813 13.02
1567.5366 0.0329044224066872 13.02
1567.8885 0.031485449991589 13.02
1568.2405 0.0306075175854632 13.02
1568.5924 0.0337472248270316 13.02
1568.9442 0.0337541038353844 13.02
1569.2961 0.0351190635327647 13.02
1569.6481 0.03629087757259 13.02
1570 0.0361754574338041 13.02
1570.3519 0.0348973079717542 13.02
1570.7037 0.0336078277867074 13.02
1571.0557 0.0352411252567093 13.02
1571.4076 0.0382069365181652 13.02
1571.7595 0.0397833644921648 13.02
1572.1115 0.0402879332157067 13.02
1572.4634 0.0388165659979763 13.02
1572.8152 0.0376356065196832 13.02
1573.1671 0.0399159663617918 13.02
1573.519 0.0418389478211523 13.02
1573.871 0.0413444932184844 13.02
1574.2229 0.0400786239924277 13.02
1574.5747 0.0433452080350625 13.02
1574.9266 0.0445341396943365 13.02
1575.2786 0.0432094340130643 13.02
1575.6305 0.0454696438168793 13.02
1575.9824 0.0443571808665396 13.02
1576.3344 0.0467289281190561 13.02
1576.6862 0.0470170245316536 13.02
1577.0381 0.0474273108444727 13.02
1577.39 0.0477511782625097 13.02
1577.7419 0.0498415341128254 13.02
1578.0939 0.0500937178585451 13.02
1578.4457 0.0506392367585383 13.02
1578.7976 0.0523828640648097 13.02
1579.1495 0.0540106208124448 13.02
1579.5015 0.0547908233520788 13.02
1579.8534 0.0550931454879881 13.02
1580.2052 0.0575570515010476 13.02
1580.5571 0.0602808532776874 13.02
1580.9091 0.0573498796644216 13.02
1581.261 0.0574833981989314 13.02
1581.6129 0.0595171891920094 13.02
1581.9648 0.0624392488467193 13.02
1582.3167 0.0612560412857939 13.02
1582.6686 0.0626268223375982 13.02
1583.0205 0.061894270696646 13.02
1583.3724 0.0670795491039278 13.02
1583.7244 0.0690059836455363 13.02
1584.0762 0.0797991034258841 13.02
1584.4281 0.0689760020588497 13.02
1584.78 0.0704870051159833 13.02
1585.132 0.0684962429497845 13.02
1585.4839 0.0691376537552605 13.02
1585.8358 0.0711888591681034 13.02
1586.1876 0.0759147532973193 13.02
1586.5396 0.0756220185541451 13.02
1586.8915 0.0758240320645193 13.02
1587.2434 0.0757567399995621 13.02
1587.5953 0.0786169255545794 13.02
1587.9471 0.0811560702220347 13.02
1588.2991 0.0803141528739792 13.02
1588.651 0.0823802853055942 13.02
1589.0029 0.0860276966953647 13.02
1589.3549 0.0851250052432236 13.02
1589.7067 0.0831576952235938 13.02
1590.0586 0.0888854700391811 13.02
1590.4105 0.0932074844355661 13.02
1590.7625 0.0957452474146301 13.02
1591.1144 0.0903556827804998 13.02
1591.4663 0.096257826495926 13.02
1591.8181 0.0999367939272939 13.02
1592.17 0.101944255571839 13.02
1592.522 0.106134674421157 13.02
1592.8739 0.102726123490842 13.02
1593.2258 0.103246782997079 13.02
1593.5776 0.103674879325631 13.02
1593.9296 0.112104537539638 13.02
1594.2815 0.111856485626493 13.02
1594.6334 0.112244761575906 13.02
1594.9854 0.116743077295368 13.02
1595.3373 0.115727220610052 13.02
1595.6891 0.117764647091148 13.02
1596.041 0.120011863360156 13.02
1596.3929 0.12009032985799 13.02
1596.7449 0.125847226061867 13.02
1597.0968 0.131448875015356 13.02
1597.4486 0.131014044386297 13.02
1597.8005 0.129780237027447 13.02
1598.1525 0.13320819431366 13.02
1598.5044 0.141069822127671 13.02
1598.8563 0.141220917076548 13.02
1599.2081 0.141256659865117 13.02
1599.5601 0.143507768169489 13.02
1599.912 0.147164204226307 13.02
1600.2639 0.149041550238463 13.02
1600.6158 0.154270953885203 13.02
1600.9678 0.158094167550162 13.02
1601.3196 0.159388989871035 13.02
1601.6715 0.164644370136125 13.02
1602.0234 0.170183617201055 13.02
1602.3754 0.169077627748454 13.02
1602.7273 0.170823601363645 13.02
1603.0791 0.177714963566927 13.02
1603.431 0.181704656487622 13.02
1603.783 0.180252978391813 13.02
1604.1349 0.179043532930921 13.02
1604.4868 0.184866011881361 13.02
1604.8387 0.192442474325896 13.02
1605.1906 0.19439260294525 13.02
1605.5425 0.194706612207883 13.02
1605.8944 0.198989802768816 13.02
1606.2463 0.201602463184085 13.02
1606.5983 0.200208580581928 13.02
1606.9501 0.201697414954597 13.02
1607.302 0.208019124690404 13.02
1607.6539 0.209515145859626 13.02
1608.0059 0.210306387547573 13.02
1608.3578 0.216209079954395 13.02
1608.7096 0.216814129257977 13.02
1609.0615 0.21942778254339 13.02
1609.4135 0.220467790458766 13.02
1609.7654 0.220963076907187 13.02
1610.1173 0.225555180723754 13.02
1610.4692 0.227404898817743 13.02
1610.821 0.227338219212496 13.02
1611.173 0.231062059640108 13.02
1611.5249 0.234486234629235 13.02
1611.8768 0.235575466449141 13.02
1612.2288 0.238036872488489 13.02
1612.5806 0.240103269875264 13.02
1612.9325 0.241689668355764 13.02
1613.2844 0.246400420154555 13.02
1613.6364 0.245019235838978 13.02
1613.9883 0.24436331548344 13.02
1614.3402 0.248190857032702 13.02
1614.692 0.25403588303459 13.02
1615.0439 0.253764412450124 13.02
1615.3959 0.252653497839045 13.02
1615.7478 0.255389848971744 13.02
1616.0997 0.255646872713735 13.02
1616.4515 0.254898352601086 13.02
1616.8035 0.254158980449207 13.02
1617.1554 0.258461401337142 13.02
1617.5073 0.257471406306265 13.02
1617.8593 0.257855989285705 13.02
1618.2111 0.261742787953585 13.02
1618.563 0.260614757844511 13.02
1618.9149 0.260966835838723 13.02
1619.2668 0.269485323024746 13.02
1619.6188 0.264646259406935 13.02
1619.9707 0.270533196532259 13.02
1620.3225 0.273892964050737 13.02
1620.6744 0.269006424011051 13.02
1621.0264 0.267275096200698 13.02
1621.3783 0.267586989082233 13.02
1621.7302 0.266822715240176 13.02
1622.082 0.27251146870701 13.02
1622.434 0.273147378473723 13.02
1622.7859 0.275706972592605 13.02
1623.1378 0.272200443668777 13.02
1623.4897 0.269538246289887 13.02
1623.8417 0.269772984262048 13.02
1624.1935 0.265292526559223 13.02
1624.5454 0.268972757532889 13.02
1624.8973 0.267573909027923 13.02
1625.2493 0.275026342641016 13.02
1625.6012 0.273060695924558 13.02
1625.953 0.277353996531976 13.02
1626.3049 0.278296649364814 13.02
1626.6569 0.27834940469082 13.02
1627.0088 0.270246958254289 13.02
1627.3607 0.275411608477918 13.02
1627.7125 0.279870274220657 13.02
1628.0645 0.280300163432463 13.02
1628.4164 0.275371583180621 13.02
1628.7683 0.281969336944659 13.02
1629.1202 0.282799926092019 13.02
1629.4722 0.282294296474597 13.02
1629.824 0.280806636795965 13.02
1630.1759 0.273550037337749 13.02
1630.5278 0.281066326625918 13.02
1630.8798 0.280561768263126 13.02
1631.2317 0.279978196787301 13.02
1631.5835 0.281729410159637 13.02
1631.9354 0.278135012228054 13.02
1632.2874 0.279038761780228 13.02
1632.6393 0.282064691328911 13.02
1632.9912 0.280455275968904 13.02
1633.343 0.279729905407511 13.02
1633.6949 0.282100619045551 13.02
1634.0469 0.282511277930355 13.02
1634.3988 0.27741699287709 13.02
1634.7507 0.278835988225657 13.02
1635.1027 0.275591186649544 13.02
1635.4545 0.281943804448539 13.02
1635.8064 0.2790576103395 13.02
1636.1583 0.285083732182135 13.02
1636.5103 0.276527153719398 13.02
1636.8622 0.284272325703951 13.02
1637.214 0.284128698662535 13.02
1637.5659 0.288802871034963 13.02
1637.9178 0.281501670804746 13.02
1638.2698 0.295530641099117 13.02
1638.6217 0.296632440564795 13.02
1638.9736 0.285885406114882 13.02
1639.3254 0.289401602937384 13.02
1639.6774 0.291438975040702 13.02
1640.0293 0.293202339560312 13.02
1640.3812 0.297526760360389 13.02
1640.7332 0.300886687752015 13.02
1641.085 0.294331836908318 13.02
1641.4369 0.302865818094223 13.02
1641.7888 0.306900555965668 13.02
1642.1407 0.305489662378163 13.02
1642.4927 0.312641491491039 13.02
1642.8445 0.311267646084719 13.02
1643.1964 0.315465214659802 13.02
1643.5483 0.313261200724268 13.02
1643.9003 0.322172813783133 13.02
1644.2522 0.324096422318374 13.02
1644.6041 0.328983878874659 13.02
1644.9559 0.332982741228018 13.02
1645.3079 0.338275917431078 13.02
1645.6598 0.344689154117277 13.02
1646.0117 0.34664173878383 13.02
1646.3636 0.352690696639779 13.02
1646.7155 0.356860882901413 13.02
1647.0674 0.357719403053617 13.02
1647.4193 0.368052647837821 13.02
1647.7712 0.372715924766826 13.02
1648.1232 0.388981256676369 13.02
1648.4751 0.38486395584493 13.02
1648.8269 0.391949468579265 13.02
1649.1788 0.402055633510241 13.02
1649.5308 0.407160791461797 13.02
1649.8827 0.408913338922468 13.02
1650.2346 0.419060525067294 13.02
1650.5864 0.434855337936988 13.02
1650.9384 0.435722795472578 13.02
1651.2903 0.444942092211389 13.02
1651.6422 0.454848167680161 13.02
1651.9941 0.459726897430442 13.02
1652.3459 0.471585136947621 13.02
1652.6979 0.477726302638255 13.02
1653.0498 0.4888491143405 13.02
1653.4017 0.498959799443448 13.02
1653.7537 0.503091291449712 13.02
1654.1056 0.511399133396209 13.02
1654.4574 0.521869079170274 13.02
1654.8093 0.5462989374919 13.02
1655.1613 0.552858885358065 13.02
1655.5132 0.553474491991058 13.02
1655.8651 0.569966405766669 13.02
1656.2169 0.581366853762918 13.02
1656.5688 0.588867831948337 13.02
1656.9208 0.60267343258844 13.02
1657.2727 0.616301438561462 13.02
1657.6246 0.618219899848851 13.02
1657.9766 0.632935648873183 13.02
1658.3284 0.643367369146699 13.02
1658.6803 0.654346528215984 13.02
1659.0322 0.66662010254344 13.02
1659.3842 0.677849518697459 13.02
1659.7361 0.691060493081784 13.02
1660.0879 0.706669874387981 13.02
1660.4398 0.713608025842486 13.02
1660.7917 0.726283686450153 13.02
1661.1437 0.734532898353912 13.02
1661.4956 0.7492443869358 13.02
1661.8474 0.757443481921264 13.02
1662.1993 0.768275591696572 13.02
1662.5513 0.767591323837691 13.02
1662.9032 0.787427903590944 13.02
1663.2551 0.798629308803545 13.02
1663.6071 0.807233576296478 13.02
1663.9589 0.821430652078969 13.02
1664.3108 0.831610158759803 13.02
1664.6627 0.834866721591703 13.02
1665.0146 0.839704613025266 13.02
1665.3666 0.858248372890301 13.02
1665.7184 0.873851196027913 13.02
1666.0703 0.879626226236729 13.02
1666.4222 0.880294716268978 13.02
1666.7742 0.888036493144601 13.02
1667.1261 0.899024326763567 13.02
1667.478 0.911172355274113 13.02
1667.8298 0.915244533249167 13.02
1668.1818 0.917645609363178 13.02
1668.5337 0.912150701206756 13.02
1668.8856 0.924337765190863 13.02
1669.2375 0.95065932854684 13.02
1669.5894 0.95935564400131 13.02
1669.9413 0.952673681203092 13.02
1670.2932 0.951355333564285 13.02
1670.6451 0.954164451627284 13.02
1670.9971 0.969516970080107 13.02
1671.3489 0.982455922621012 13.02
1671.7008 0.976785903524958 13.02
1672.0527 0.978025450659054 13.02
1672.4047 0.989801076033154 13.02
1672.7566 0.991215394440779 13.02
1673.1085 0.983691921939085 13.02
1673.4603 0.986879452615718 13.02
1673.8123 0.992934081834842 13.02
1674.1642 1 13.02
1674.5161 0.997416370003305 13.02
1674.868 0.996474450789933 13.02
1675.2198 0.997275618075144 13.02
1675.5718 0.995313552468927 13.02
1675.9237 0.995475051651788 13.02
1676.2756 0.994834834321424 13.02
1676.6276 0.987417104042169 13.02
1676.9795 0.983971061812649 13.02
1677.3313 0.98823841715551 13.02
1677.6832 0.990724512755564 13.02
1678.0352 0.988098556689024 13.02
1678.3871 0.986773990547736 13.02
1678.739 0.982596777841547 13.02
1679.0908 0.971009460159668 13.02
1679.4427 0.967713445834559 13.02
1679.7947 0.96508038290804 13.02
1680.1466 0.957296308121673 13.02
1680.4985 0.955287001247036 13.02
1680.8503 0.950396305277552 13.02
1681.2023 0.939894354536358 13.02
1681.5542 0.93087838918274 13.02
1681.9061 0.933783841777881 13.02
1682.2581 0.923794029133928 13.02
1682.61 0.918418134753993 13.02
1682.9618 0.908442898520084 13.02
1683.3137 0.906108583442213 13.02
1683.6656 0.898308831758834 13.02
1684.0176 0.89460312941055 13.02
1684.3695 0.883766632135018 13.02
1684.7213 0.875735879822069 13.02
1685.0732 0.869931614231264 13.02
1685.4252 0.864547046853737 13.02
1685.7771 0.854527420425209 13.02
1686.129 0.840856932092222 13.02
1686.481 0.8375135228339 13.02
1686.8328 0.827472835554963 13.02
1687.1847 0.817123419469613 13.02
1687.5366 0.806887216708856 13.02
1687.8885 0.788148283059043 13.02
1688.2405 0.797090021888334 13.02
1688.5923 0.782465096384968 13.02
1688.9442 0.765020708634133 13.02
1689.2961 0.758655837206157 13.02
1689.6481 0.749023483942254 13.02
1690 0.740301852330047 13.02
1690.3518 0.731269346297992 13.02
1690.7037 0.715382066342935 13.02
1691.0557 0.714463455001878 13.02
1691.4076 0.710757411435403 13.02
1691.7595 0.696398811836208 13.02
1692.1115 0.685307906202413 13.02
1692.4633 0.665536464435098 13.02
1692.8152 0.656135082568424 13.02
1693.1671 0.661068472432956 13.02
1693.519 0.647287331335221 13.02
1693.871 0.634431990942655 13.02
1694.2228 0.618147038814623 13.02
1694.5747 0.616237097338884 13.02
1694.9266 0.607326768142969 13.02
1695.2786 0.601510354509068 13.02
1695.6305 0.594564810815744 13.02
1695.9824 0.578403211291129 13.02
1696.3342 0.575943401100583 13.02
1696.6862 0.570191158231787 13.02
1697.0381 0.555030633094074 13.02
1697.39 0.542658766653288 13.02
1697.7419 0.535404544857786 13.02
1698.0938 0.532503875747173 13.02
1698.4457 0.516371957814234 13.02
1698.7976 0.49663769797309 13.02
1699.1495 0.498787576388546 13.02
1699.5015 0.483250728890134 13.02
1699.8533 0.480090501069226 13.02
1700.2052 0.469530779410452 13.02
1700.5571 0.463883361174259 13.02
1700.9091 0.455267550168976 13.02
1701.261 0.443996907358842 13.02
1701.6129 0.432492286860794 13.02
1701.9647 0.426355852398364 13.02
1702.3167 0.417637122564194 13.02
1702.6686 0.407986634803991 13.02
1703.0205 0.407670772472818 13.02
1703.3724 0.399966911142832 13.02
1703.7242 0.387720850248484 13.02
1704.0762 0.382887247416465 13.02
1704.4281 0.373461723128393 13.02
1704.78 0.368084470084049 13.02
1705.132 0.354232079041481 13.02
1705.4839 0.352144596707074 13.02
1705.8357 0.346232211231116 13.02
1706.1876 0.343005985225874 13.02
1706.5396 0.33387119054499 13.02
1706.8915 0.320402463876554 13.02
1707.2434 0.312322121864811 13.02
1707.5952 0.310712966234331 13.02
1707.9471 0.304362021116535 13.02
1708.2991 0.294900154107643 13.02
1708.651 0.29189962316306 13.02
1709.0029 0.286031317447958 13.02
1709.3547 0.280676402429769 13.02
1709.7067 0.273069713285189 13.02
1710.0586 0.26729821240914 13.02
1710.4105 0.263788835515689 13.02
1710.7625 0.256858787374335 13.02
1711.1144 0.251915105045038 13.02
1711.4662 0.242497783447646 13.02
1711.8181 0.237658535380614 13.02
1712.17 0.235780235108678 13.02
1712.522 0.23028773229522 13.02
1712.8739 0.224288524490063 13.02
1713.2257 0.217096956474199 13.02
1713.5776 0.210835239028566 13.02
1713.9296 0.204879039729636 13.02
1714.2815 0.198384337466233 13.02
1714.6334 0.19866884803432 13.02
1714.9854 0.192192541548835 13.02
1715.3372 0.181423766916309 13.02
1715.6891 0.18553213394739 13.02
1716.041 0.186564092836876 13.02
1716.3929 0.176584155085952 13.02
1716.7449 0.173717976700856 13.02
1717.0967 0.1694978782908 13.02
1717.4486 0.164357477032156 13.02
1717.8005 0.164025509302118 13.02
1718.1525 0.157736562638463 13.02
1718.5044 0.152991033674589 13.02
1718.8562 0.146189775976465 13.02
1719.2081 0.144618458089014 13.02
1719.5601 0.140650635409863 13.02
1719.912 0.137690271288242 13.02
1720.2639 0.131482704457706 13.02
1720.6158 0.129046735153973 13.02
1720.9677 0.131761622001845 13.02
1721.3196 0.119017021657688 13.02
1721.6715 0.120866128352692 13.02
1722.0234 0.115833322863878 13.02
1722.3754 0.114495283981697 13.02
1722.7272 0.110395207895169 13.02
1723.0791 0.109144017470349 13.02
1723.431 0.104805288307055 13.02
1723.783 0.10313774717783 13.02
1724.1349 0.100179023904763 13.02
1724.4868 0.0980143851088919 13.02
1724.8386 0.100129025533407 13.02
1725.1906 0.0963553951903678 13.02
1725.5425 0.0905962842885914 13.02
1725.8944 0.0896760488366042 13.02
1726.2463 0.0853883688756158 13.02
1726.5981 0.0847039620461165 13.02
1726.9501 0.0820316075900517 13.02
1727.302 0.0817462054697742 13.02
1727.6539 0.0802038166829443 13.02
1728.0059 0.078512336931981 13.02
1728.3577 0.0732374472474089 13.02
1728.7096 0.0733663437101162 13.02
1729.0615 0.070257046454059 13.02
1729.4135 0.0684677115119431 13.02
1729.7654 0.068330398586479 13.02
1730.1173 0.0678719026206529 13.02
1730.4691 0.0644255243985738 13.02
1730.821 0.0593745702886513 13.02
1731.173 0.0592131765886488 13.02
1731.5249 0.0593400611829061 13.02
1731.8768 0.059160295220332 13.02
1732.2286 0.0555301236704931 13.02
1732.5806 0.0512932697617087 13.02
1732.9325 0.0496937386852677 13.02
1733.2844 0.048165736064263 13.02
1733.6364 0.0503891093250036 13.02
1733.9883 0.0457015012699587 13.02
1734.3401 0.0431807471422764 13.02
1734.692 0.0429552124788739 13.02
1735.0439 0.0409082549232443 13.02
1735.3959 0.0432402246624075 13.02
1735.7478 0.0422989795556072 13.02
1736.0996 0.0399597691209633 13.02
1736.4515 0.0408774199158825 13.02
1736.8035 0.0358895485788116 13.02
1737.1554 0.0356322943271203 13.02
1737.5073 0.0392467398152894 13.02
1737.8591 0.0371402764321433 13.02
1738.2111 0.0298386257368187 13.02
1738.563 0.0313221680960185 13.02
1738.9149 0.0286139381218674 13.02
1739.2668 0.0233399122187201 13.02
1739.6188 0.0268156918792693 13.02
1739.9706 0.0255503123105632 13.02
1740.3225 0.0288453253452033 13.02
1740.6744 0.0262541991789203 13.02
1741.0264 0.0248458232854756 13.02
1741.3783 0.0241488451366612 13.02
1741.7301 0.0213989261284484 13.02
1742.082 0.0207203343670136 13.02
1742.434 0.0228512452891738 13.02
1742.7859 0.0203585621976815 13.02
1743.1378 0.0229694093185293 13.02
1743.4897 0.0219438643108598 13.02
1743.8416 0.0187569272223476 13.02
1744.1935 0.0170525203177085 13.02
1744.5454 0.0185436633591433 13.02
1744.8973 0.0204053194102066 13.02
1745.2493 0.0200594922424829 13.02
1745.6011 0.0177418218643344 13.02
1745.953 0.0163923320696123 13.02
1746.3049 0.0171030661136782 13.02
1746.6569 0.0158124132655335 13.02
1747.0088 0.0174951802447859 13.02
1747.3606 0.015327971498532 13.02
1747.7125 0.0144372948358621 13.02
1748.0645 0.0133181106616091 13.02
1748.4164 0.0120850688578968 13.02
1748.7683 0.0128088147264831 13.02
1749.1202 0.0112725503807527 13.02
1749.472 0.0105478513131149 13.02
1749.824 0.0112374100342219 13.02
1750.1759 0.0122309056568881 13.02
1750.5278 0.0114819925610871 13.02
1750.8798 0.0106715178428066 13.02
1751.2316 0.0114863318668663 13.02
1751.5835 0.0106452412294473 13.02
1751.9354 0.00759433518912979 13.02
1752.2874 0.0101297779874359 13.02
1752.6393 0.0119257844194427 13.02
1752.9912 0.0135511164736731 13.02
1753.343 0.00764998439695421 13.02
1753.6949 0.00713575967506439 13.02
1754.0469 0.00714442111540624 13.02
1754.3988 0.0072180016470045 13.02
1754.7507 0.00846566941375249 13.02
1755.1025 0.00679782731930623 13.02
1755.4545 0.00294389207131963 13.02
1755.8064 0.00922581384250886 13.02
1756.1583 0.00321798896962728 13.02
1756.5103 0.00756036136887226 13.02
1756.8621 0.00339707603358999 13.02
1757.214 0.00795032727372732 13.02
1757.5659 0.00598222451007126 13.02
1757.9178 0.00567301963449628 13.02
1758.2698 0.00538182384004547 13.02
1758.6217 0.00383288733589658 13.02
1758.9735 0.00751596211428174 13.02
1759.3254 0.00576832094049794 13.02
1759.6774 0.00330086614120418 13.02
1760.0293 0.00397902881891016 13.02
1760.3812 0.00673619103239285 13.02
1760.733 0.00483584487835245 13.02
1761.085 0.00329126549084592 13.02
1761.4369 0.00648686087026428 13.02
1761.7888 0.00456390495718839 13.02
1762.1407 0.00448022792203691 13.02
1762.4927 0.00619948443117512 13.02
1762.8445 0.00611500893500315 13.02
1763.1964 0.00448728557210119 13.02
1763.5483 0.00429215363763852 13.02
1763.9003 0.00401320149975457 13.02
1764.2522 0.00446587552927958 13.02
1764.604 0.00404729661679089 13.02
1764.9559 0.00275130945875674 13.02
1765.3079 0.00378665349727105 13.02
1765.6598 0.000743768802591665 13.02
1766.0117 0.00136743858628178 13.02
1766.3635 0.00448339900241937 13.02
1766.7155 0.00452484083441461 13.02
1767.0674 0.00356724211121397 13.02
1767.4193 0.00251516134253445 13.02
1767.7712 0.00462884180278874 13.02
1768.1232 0.00336194467925053 13.02
1768.475 0.00372216004373845 13.02
1768.8269 0.00286523835315283 13.02
1769.1788 0.0063169811656765 13.02
1769.5308 0.00629279689396076 13.02
1769.8827 0 13.02
1770.2345 0.00388062885370871 13.02
1770.5864 0.00398061334654031 13.02
1770.9384 0.00557544618698235 13.02
1771.2903 0.00105444058315464 13.02
1771.6422 0.00283172764116014 13.02
1771.9941 0.00168735320798295 13.02
1772.3459 0.00284773734332706 13.02
1772.6979 0.00453233087043103 13.02
1773.0498 0.00194770161899154 13.02
1773.4017 0.00499973204223244 13.02
1773.7537 0.00413045192051821 13.02
1774.1055 0.00317053050927357 13.02
1774.4574 0.000936967076718463 13.02
1774.8093 0.00246744490660581 13.02
1775.1613 0.00487423911247083 13.02
1775.5132 0.00430625715175652 13.02
1775.865 0.00343505913915479 13.02
1776.2169 0.00328296957928818 13.02
1776.5688 0.00529524809788047 13.02
1776.9208 0.00375297446431159 13.02
1777.2727 0.00324702859789238 13.02
1777.6246 0.00274500456854249 13.02
1777.9764 0.00482585509916623 13.02
1778.3284 0.00392953755573756 13.02
1778.6803 0.00216390075803119 13.02
1779.0322 0.00185219425841447 13.02
1779.3842 0.0044682018805452 13.02
1779.736 0.00273464911707344 13.02
1780.0879 0.00237773305928849 13.02
1780.4398 0.00167663072759154 13.02
1780.7917 0.00389450391205578 13.02
1781.1437 0.00689132426515232 13.02
1781.4956 0.00400215822516191 13.02
1781.8474 0.00730730386643448 13.02
1782.1993 0.00437770188341619 13.02
1782.5513 0.0049188460577654 13.02
1782.9032 0 13.02
1783.2551 0.00214712999338528 13.02
1783.6069 0.00360203247149187 13.02
1783.9589 0.00216688021000476 13.02
1784.3108 0.002936969859515 13.02
1784.6627 0.00366640147662298 13.02
1785.0146 0.00291082334731386 13.02
1785.3665 0.00216849742161271 13.02
1785.7184 0.00419903571909903 13.02
1786.0703 0.00398937417446023 13.02
1786.4222 0.00419435349172433 13.02
1786.7742 0.00373156076744477 13.02
1787.1261 0.00449954448712299 13.02
1787.4779 0.0032764567099463 13.02
1787.8298 0.00584461851358328 13.02
1788.1818 0.00633704786526032 13.02
1788.5337 0.00364312332017171 13.02
1788.8856 0.00170402046371123 13.02
1789.2374 0.00176547411240287 13.02
1789.5894 0.00377229694113103 13.02
1789.9413 0.00102801036438939 13.02
1790.2932 0.00362688843490641 13.02
1790.6451 0.0036125976064712 13.02
1790.9971 0.00487292579170108 13.02
1791.3489 0.00509197144761206 13.02
1791.7008 0.00529770848156507 13.02
1792.0527 0.00383963292022358 13.02
1792.4047 0 13.02
1792.7566 0.00510891885537522 13.02
1793.1084 0.00526725447580154 13.02
1793.4603 0.00350962711924638 13.02
1793.8123 0.00673413536569401 13.02
1794.1642 0.0059976017935263 13.02
1794.5161 0.00370740673010695 13.02
1794.8679 0.00411741402954156 13.02
1795.2198 0.00286674616858033 13.02
1795.5718 0.00016825360359603 13.02
1795.9237 0.00244256738971571 13.02
1796.2756 0.00283462147193478 13.02
1796.6276 0.00368152971239026 13.02
1796.9794 0.00392791723770419 13.02
1797.3313 0.00120523577794927 13.02
1797.6832 0.0042712642170002 13.02
1798.0352 0.00393819593466152 13.02
1798.3871 0.000606197905901141 13.02
1798.7389 0 13.02
1799.0908 0.000531988050141527 13.02
1799.4427 0.00154276943757764 13.02
1799.7947 0.00246059914743201 13.02
1800.1466 0.00340494445814482 13.02
1800.4985 0.00503981266438862 13.02
1800.8503 0.00148768498815884 13.02
1801.2023 0.00292626725016215 13.02
1801.5542 0.00111758745085699 13.02
1801.9061 0.0027876006473869 13.02
1802.2581 0.00301993190720283 13.02
1802.6099 0.00595162774331833 13.02
1802.9618 0.00522938826078155 13.02
1803.3137 0.00148198841298485 13.02
1803.6656 0.00221521556444491 13.02
1804.0176 0.00120325321865635 13.02
1804.3694 0.00279377483844539 13.02
1804.7213 0.00269824282933355 13.02
1805.0732 0.00185169077911905 13.02
1805.4252 0.00171633087076881 13.02
1805.7771 0.00202401126563757 13.02
1806.129 0.00178046844619728 13.02
1806.4808 0.00151888226067324 13.02
1806.8328 0.00125049604272245 13.02
1807.1847 0 13.02
