w Int P
1450 0 7.83
1450.3519 0 7.83
1450.7039 0.000455771840804968 7.83
1451.0557 0.00287739195051822 7.83
1451.4076 0.0026326163059846 7.83
1451.7595 0.00417837415125262 7.83
1452.1115 0.00383884132182308 7.83
1452.4634 0.00249633293795489 7.83
1452.8153 0.00177987323934595 7.83
1453.1671 0.00621944472852115 7.83
1453.519 0.00546446919743225 7.83
1453.871 0.0057271407476305 7.83
1454.2229 0.00313652723498971 7.83
1454.5748 0.00324837545576786 7.83
1454.9266 0.00499101163011394 7.83
1455.2786 0.00500853463362445 7.83
1455.6305 0 7.83
1455.9824 0.00150526652408162 7.83
1456.3344 0.00412953437607695 7.83
1456.6862 0.00645794140156693 7.83
1457.0381 0.00552233256756282 7.83
1457.39 0.00475716032756779 7.83
1457.7419 0.00474823581285337 7.83
1458.0939 0.00463865279619097 7.83
1458.4458 0.00541010162938501 7.83
1458.7976 0.0055780079580761 7.83
1459.1495 0.00418310992760153 7.83
1459.5015 0.00385753694778688 7.83
1459.8534 0.00522635089337077 7.83
1460.2053 0.00385319113418338 7.83
1460.5571 0.00602773467242808 7.83
1460.9091 0.00587840448495728 7.83
1461.261 0.00481587710530482 7.83
1461.6129 0.00570275199308271 7.83
1461.9648 0.0056668533289958 7.83
1462.3168 0.00316710426440611 7.83
1462.6686 0.00527476199657588 7.83
1463.0205 0.00355274764038062 7.83
1463.3724 0.00637313884017683 7.83
1463.7244 0.00367726878608508 7.83
1464.0763 0.00533435425312146 7.83
1464.4281 0.00360552300825306 7.83
1464.78 0.00279316022643114 7.83
1465.132 0.00481267032431257 7.83
1465.4839 0.00700363703489307 7.83
1465.8358 0.00722589206388309 7.83
1466.1877 0.00615185220889864 7.83
1466.5396 0.00617409853973192 7.83
1466.8915 0.00691673313369201 7.83
1467.2434 0.00721603981190967 7.83
1467.5953 0.00474950234645163 7.83
1467.9473 0.00480943511024192 7.83
1468.2991 0.00556529396132982 7.83
1468.651 0.00475866820153206 7.83
1469.0029 0.00524119833045685 7.83
1469.3549 0.00553156814555136 7.83
1469.7068 0.0065361857256919 7.83
1470.0586 0.0067237196795718 7.83
1470.4105 0.00621660582307027 7.83
1470.7625 0.00570636437628304 7.83
1471.1144 0.0078794774497283 7.83
1471.4663 0.00437230229718642 7.83
1471.8182 0.00610651473876642 7.83
1472.17 0.00522703638421503 7.83
1472.522 0.00559714957564447 7.83
1472.8739 0.00479446379104713 7.83
1473.2258 0.00682981147334497 7.83
1473.5778 0.00369368800620324 7.83
1473.9296 0.00582368200043389 7.83
1474.2815 0.00683698658793203 7.83
1474.6334 0.00941768187156561 7.83
1474.9854 0.00754108377344761 7.83
1475.3373 0.00399570331319762 7.83
1475.6892 0.00517359986508644 7.83
1476.041 0.00872852439869366 7.83
1476.3929 0.00841700271723109 7.83
1476.7449 0.00627893814938501 7.83
1477.0968 0.00533006283626284 7.83
1477.4487 0.00718592873763031 7.83
1477.8005 0.00709132787743189 7.83
1478.1525 0.0051802584551258 7.83
1478.5044 0.00536559331853314 7.83
1478.8563 0.00698646268110345 7.83
1479.2083 0.00680253972658818 7.83
1479.5601 0.00741403837825328 7.83
1479.912 0.00830645813163707 7.83
1480.2639 0.0065174887930563 7.83
1480.6158 0.00758627278164029 7.83
1480.9678 0.00902420533845776 7.83
1481.3197 0.00839925501726146 7.83
1481.6715 0.00826468408480945 7.83
1482.0234 0.00506861017346309 7.83
1482.3754 0.00537658151647209 7.83
1482.7273 0.00386198848442512 7.83
1483.0792 0.00578876932764604 7.83
1483.431 0.00967954638637463 7.83
1483.783 0.0065724815814309 7.83
1484.1349 0.00754082617880553 7.83
1484.4868 0.0067546166541372 7.83
1484.8387 0.00801996743511367 7.83
1485.1907 0.00466718068873003 7.83
1485.5425 0.00918998172870082 7.83
1485.8944 0.00773895711432363 7.83
1486.2463 0.0085362548289047 7.83
1486.5983 0.00846629446569167 7.83
1486.9502 0.00986113561381876 7.83
1487.302 0.00883199507995141 7.83
1487.6539 0.00860450263157706 7.83
1488.0059 0.00682540008834037 7.83
1488.3578 0.00643552316850856 7.83
1488.7097 0.00654690394415094 7.83
1489.0615 0.00724168318749864 7.83
1489.4135 0.00809467316005526 7.83
1489.7654 0.00975885150480321 7.83
1490.1173 0.00896480814727444 7.83
1490.4692 0.00818217426923746 7.83
1490.8212 0.00856429646818373 7.83
1491.173 0.00862498720173124 7.83
1491.5249 0.00899072158512267 7.83
1491.8768 0.00845472892483065 7.83
1492.2288 0.00915381544160698 7.83
1492.5807 0.00914518300464834 7.83
1492.9325 0.00920097451815539 7.83
1493.2844 0.00874424714902959 7.83
1493.6364 0.0107459159077865 7.83
1493.9883 0.0085780756024112 7.83
1494.3402 0.0121145692085809 7.83
1494.6921 0.00937628413639109 7.83
1495.0439 0.0079022569139162 7.83
1495.3959 0.00975037885920521 7.83
1495.7478 0.00892901239624834 7.83
1496.0997 0.00944515145135599 7.83
1496.4517 0.00799768629004926 7.83
1496.8035 0.00940422366746599 7.83
1497.1554 0.0116252713123897 7.83
1497.5073 0.00951248766398002 7.83
1497.8593 0.00919480693257698 7.83
1498.2112 0.00917192263838734 7.83
1498.5631 0.0092805071538309 7.83
1498.9149 0.0102184549641324 7.83
1499.2668 0.00978935815070394 7.83
1499.6188 0.00981873189498231 7.83
1499.9707 0.0111791201659374 7.83
1500.3226 0.0118035708763985 7.83
1500.6744 0.00996566549950895 7.83
1501.0264 0.0101299607199442 7.83
1501.3783 0.00977777412861953 7.83
1501.7302 0.00772318312992178 7.83
1502.0822 0.00897805979642887 7.83
1502.434 0.0107257670513736 7.83
1502.7859 0.0103722661101479 7.83
1503.1378 0.00919714583014269 7.83
1503.4897 0.00950588200811819 7.83
1503.8417 0.0113946119849695 7.83
1504.1936 0.0106574546135084 7.83
1504.5454 0.0100733898501641 7.83
1504.8973 0.011822040156388 7.83
1505.2493 0.0111206368929417 7.83
1505.6012 0.00981826140924331 7.83
1505.9531 0.0101215634037098 7.83
1506.3049 0.0137353646638781 7.83
1506.6569 0.0120234323182154 7.83
1507.0088 0.0111497116861596 7.83
1507.3607 0.00969786003055815 7.83
1507.7126 0.0125793154655811 7.83
1508.0646 0.0115627018880907 7.83
1508.4164 0.0110632213055707 7.83
1508.7683 0.0123394942573622 7.83
1509.1202 0.0118009774303597 7.83
1509.4722 0.011076707553138 7.83
1509.8241 0.0102903581385971 7.83
1510.1759 0.0125764969010709 7.83
1510.5278 0.0151080739296894 7.83
1510.8798 0.0137197114708916 7.83
1511.2317 0.0137184163346085 7.83
1511.5836 0.0117296058582678 7.83
1511.9354 0.0126028707436735 7.83
1512.2874 0.0125728973624789 7.83
1512.6393 0.0105570097409254 7.83
1512.9912 0.0122357781382005 7.83
1513.3431 0.0128608406746974 7.83
1513.6951 0.0123614921909497 7.83
1514.0469 0.0118793779368881 7.83
1514.3988 0.0129301484141969 7.83
1514.7507 0.013453295798192 7.83
1515.1027 0.0121731435361588 7.83
1515.4546 0.0135518281726369 7.83
1515.8064 0.0150098465603879 7.83
1516.1583 0.0147834148154425 7.83
1516.5103 0.0139805944689306 7.83
1516.8622 0.0133050255354052 7.83
1517.2141 0.014690577073647 7.83
1517.566 0.0151275169393963 7.83
1517.9178 0.0139246854504199 7.83
1518.2698 0.0133995434263335 7.83
1518.6217 0.0125145270713855 7.83
1518.9736 0.0143519659408656 7.83
1519.3256 0.0150338444660722 7.83
1519.6774 0.0166791123658061 7.83
1520.0293 0.0163794121471961 7.83
1520.3812 0.0142125848904579 7.83
1520.7332 0.0168742755892262 7.83
1521.0851 0.0155711022720791 7.83
1521.4369 0.0144934629954892 7.83
1521.7888 0.0150168071476566 7.83
1522.1407 0.016091315860254 7.83
1522.4927 0.0153621483002432 7.83
1522.8446 0.0147034399394835 7.83
1523.1965 0.0160830161817424 7.83
1523.5483 0.0174198007793234 7.83
1523.9003 0.0165061538342556 7.83
1524.2522 0.0185753717754652 7.83
1524.6041 0.0146356294666046 7.83
1524.9561 0.0178459790061083 7.83
1525.3079 0.0162054105845357 7.83
1525.6598 0.0160607575367076 7.83
1526.0117 0.0155986052075809 7.83
1526.3636 0.0164073508329375 7.83
1526.7156 0.0156329973068553 7.83
1527.0675 0.0160779032090808 7.83
1527.4193 0.015385468374832 7.83
1527.7712 0.0187621754643193 7.83
1528.1232 0.0214888319422311 7.83
1528.4751 0.0215080191428853 7.83
1528.827 0.0212133657204451 7.83
1529.1788 0.0198921443562892 7.83
1529.5308 0.0209797650018226 7.83
1529.8827 0.0195402620862855 7.83
1530.2346 0.0225506160466907 7.83
1530.5865 0.0235600360000369 7.83
1530.9385 0.0222313849952812 7.83
1531.2903 0.0209116270944069 7.83
1531.6422 0.0219951241156258 7.83
1531.9941 0.0224955555364776 7.83
1532.3461 0.0227326611296762 7.83
1532.698 0.0246236363145404 7.83
1533.0498 0.0253391699883137 7.83
1533.4017 0.0271623662240709 7.83
1533.7537 0.025813251329394 7.83
1534.1056 0.0267571444068553 7.83
1534.4575 0.0284447427758632 7.83
1534.8093 0.0258173727466035 7.83
1535.1613 0.0220631404974057 7.83
1535.5132 0.0267464927841818 7.83
1535.8651 0.0260261129739136 7.83
1536.217 0.0251662306784766 7.83
1536.569 0.0274826962306655 7.83
1536.9208 0.0284087949075902 7.83
1537.2727 0.0296105603611321 7.83
1537.6246 0.0280035016606087 7.83
1537.9766 0.0303040259163371 7.83
1538.3285 0.0336380804299716 7.83
1538.6803 0.0343815536469629 7.83
1539.0322 0.0300535400793254 7.83
1539.3842 0.0330555198106002 7.83
1539.7361 0.0367059283532804 7.83
1540.088 0.0347153638731536 7.83
1540.4399 0.0362116405513624 7.83
1540.7917 0.0364816480399682 7.83
1541.1437 0.0372141851460387 7.83
1541.4956 0.0344819506951477 7.83
1541.8475 0.0337790494326862 7.83
1542.1995 0.0365489595517271 7.83
1542.5513 0.0351701850344194 7.83
1542.9032 0.0359609617287897 7.83
1543.2551 0.0402524486631415 7.83
1543.6071 0.0382380113858114 7.83
1543.959 0.0401826381799108 7.83
1544.3108 0.0404041653728102 7.83
1544.6627 0.0400133784001814 7.83
1545.0146 0.0399304167861293 7.83
1545.3666 0.0411276741976766 7.83
1545.7185 0.0429693912376532 7.83
1546.0704 0.0413215092903791 7.83
1546.4222 0.0424303056780505 7.83
1546.7742 0.0433954458225721 7.83
1547.1261 0.0439297782473625 7.83
1547.478 0.0465132298226599 7.83
1547.83 0.046099649203273 7.83
1548.1818 0.0433170336978077 7.83
1548.5337 0.0448197468474032 7.83
1548.8856 0.0485925897735548 7.83
1549.2375 0.0491384900147257 7.83
1549.5895 0.0472839514734263 7.83
1549.9414 0.0476081769959665 7.83
1550.2932 0.0498929368439826 7.83
1550.6451 0.0509709551014035 7.83
1550.9971 0.0499409351549225 7.83
1551.349 0.0469614968522939 7.83
1551.7009 0.0490855839058048 7.83
1552.0527 0.0530341108858576 7.83
1552.4047 0.0503572965994539 7.83
1552.7566 0.0528512955189135 7.83
1553.1085 0.050292292384979 7.83
1553.4604 0.0500453229620478 7.83
1553.8123 0.0548910228262491 7.83
1554.1642 0.0556007156611106 7.83
1554.5161 0.0547694508367353 7.83
1554.868 0.0604435262593828 7.83
1555.22 0.0594519929376063 7.83
1555.5719 0.0579802969043762 7.83
1555.9237 0.0594600274301415 7.83
1556.2756 0.0610029274044305 7.83
1556.6276 0.0608285553925294 7.83
1556.9795 0.0626376780922117 7.83
1557.3314 0.066595527680632 7.83
1557.6832 0.0641970097965386 7.83
1558.0352 0.0635560589422831 7.83
1558.3871 0.0657713080751289 7.83
1558.739 0.0708274791701494 7.83
1559.0909 0.0700476876698516 7.83
1559.4429 0.0702486693936649 7.83
1559.7947 0.0735482564786615 7.83
1560.1466 0.0758092726585875 7.83
1560.4985 0.0737273139741726 7.83
1560.8505 0.0818795130712292 7.83
1561.2024 0.0823162346472873 7.83
1561.5542 0.0852530227283143 7.83
1561.9061 0.0837601249245168 7.83
1562.2581 0.0836494427731419 7.83
1562.61 0.0900882392504904 7.83
1562.9619 0.0937007683827479 7.83
1563.3138 0.0939579543740785 7.83
1563.6656 0.0963461128221456 7.83
1564.0176 0.0990423132763855 7.83
1564.3695 0.104546276465058 7.83
1564.7214 0.100407246428922 7.83
1565.0734 0.106496468054585 7.83
1565.4252 0.110070293093494 7.83
1565.7771 0.113560610743726 7.83
1566.129 0.116082905848716 7.83
1566.481 0.118341297119546 7.83
1566.8329 0.122714581198031 7.83
1567.1847 0.126605325974482 7.83
1567.5366 0.129094570175527 7.83
1567.8885 0.134593229847055 7.83
1568.2405 0.138237868264386 7.83
1568.5924 0.13579405752283 7.83
1568.9443 0.138547924170618 7.83
1569.2961 0.142867746542831 7.83
1569.6481 0.145946845562393 7.83
1570 0.150587165572234 7.83
1570.3519 0.154345641347303 7.83
1570.7039 0.158214610853591 7.83
1571.0557 0.160904039820494 7.83
1571.4076 0.165145381615931 7.83
1571.7595 0.169515668054291 7.83
1572.1115 0.170462476476509 7.83
1572.4634 0.171466428426817 7.83
1572.8153 0.175011672067649 7.83
1573.1671 0.17965829870356 7.83
1573.519 0.181870837662282 7.83
1573.871 0.185087966480223 7.83
1574.2229 0.18632287507279 7.83
1574.5748 0.186382339795967 7.83
1574.9266 0.190564655035258 7.83
1575.2786 0.194328860862299 7.83
1575.6305 0.197406441898578 7.83
1575.9824 0.200926336264711 7.83
1576.3344 0.204174871127656 7.83
1576.6862 0.20438048623187 7.83
1577.0381 0.208371624998193 7.83
1577.39 0.210044112186468 7.83
1577.7419 0.210104191810183 7.83
1578.0939 0.213832057015399 7.83
1578.4458 0.220222537682935 7.83
1578.7976 0.223911794925434 7.83
1579.1495 0.223005988783279 7.83
1579.5015 0.225864584469736 7.83
1579.8534 0.225104771087934 7.83
1580.2053 0.228496458691791 7.83
1580.5571 0.230501872299671 7.83
1580.9091 0.23518564650952 7.83
1581.261 0.233067533210692 7.83
1581.6129 0.234723233614266 7.83
1581.9648 0.233512867235394 7.83
1582.3168 0.236012176537208 7.83
1582.6686 0.239404974857583 7.83
1583.0205 0.242410597158345 7.83
1583.3724 0.236249020898473 7.83
1583.7244 0.249248156580463 7.83
1584.0763 0.253297849250564 7.83
1584.4281 0.24242254159321 7.83
1584.78 0.243792128776221 7.83
1585.132 0.2471360500852 7.83
1585.4839 0.244536976957674 7.83
1585.8358 0.252742382682123 7.83
1586.1877 0.253490274675687 7.83
1586.5396 0.252678256238167 7.83
1586.8915 0.249797404938875 7.83
1587.2434 0.252124699710594 7.83
1587.5953 0.250152717524741 7.83
1587.9473 0.252089546558965 7.83
1588.2991 0.249636024284451 7.83
1588.651 0.248490991087795 7.83
1589.0029 0.250545177785341 7.83
1589.3549 0.248348307204496 7.83
1589.7068 0.248751870269015 7.83
1590.0586 0.243918006519929 7.83
1590.4105 0.243341894674002 7.83
1590.7625 0.245315095075078 7.83
1591.1144 0.236980291214512 7.83
1591.4663 0.236400182515086 7.83
1591.8182 0.235799336294998 7.83
1592.17 0.235692335965441 7.83
1592.522 0.23491520923793 7.83
1592.8739 0.231233403869707 7.83
1593.2258 0.22586604851787 7.83
1593.5778 0.223074768958974 7.83
1593.9296 0.224572843505054 7.83
1594.2815 0.220792300482862 7.83
1594.6334 0.217969065364027 7.83
1594.9854 0.213309840949286 7.83
1595.3373 0.210529402907931 7.83
1595.6892 0.207206637964136 7.83
1596.041 0.204987531147411 7.83
1596.3929 0.197636890971222 7.83
1596.7449 0.195279946407692 7.83
1597.0968 0.19029931737703 7.83
1597.4487 0.185862829205396 7.83
1597.8005 0.186942463935029 7.83
1598.1525 0.183381682469745 7.83
1598.5044 0.176563500042354 7.83
1598.8563 0.177462795921009 7.83
1599.2083 0.173655577692409 7.83
1599.5601 0.169853947477296 7.83
1599.912 0.16834933581824 7.83
1600.2639 0.165708434081584 7.83
1600.6158 0.16296871782839 7.83
1600.9678 0.15726067293765 7.83
1601.3197 0.15437885317001 7.83
1601.6715 0.157060119332265 7.83
1602.0234 0.153804424664706 7.83
1602.3754 0.148153780739234 7.83
1602.7273 0.145751137588731 7.83
1603.0792 0.148055235237636 7.83
1603.431 0.14795041780499 7.83
1603.783 0.143381030358924 7.83
1604.1349 0.140502715524354 7.83
1604.4868 0.140624976965025 7.83
1604.8387 0.138807596147063 7.83
1605.1907 0.137239338386723 7.83
1605.5425 0.139354711583399 7.83
1605.8944 0.138564552860022 7.83
1606.2463 0.137443762117096 7.83
1606.5983 0.141450300246358 7.83
1606.9502 0.14228000475657 7.83
1607.302 0.13908731054473 7.83
1607.6539 0.140859304012646 7.83
1608.0059 0.144373445163194 7.83
1608.3578 0.145604925685259 7.83
1608.7097 0.14318414296887 7.83
1609.0615 0.146599016218578 7.83
1609.4135 0.152106157621987 7.83
1609.7654 0.154357389197095 7.83
1610.1173 0.15714432212134 7.83
1610.4692 0.156674741793708 7.83
1610.8212 0.15945055649517 7.83
1611.173 0.163434566310797 7.83
1611.5249 0.171242254366946 7.83
1611.8768 0.176629478688385 7.83
1612.2288 0.179893032496982 7.83
1612.5807 0.182975286777354 7.83
1612.9325 0.188089576017818 7.83
1613.2844 0.198205016539971 7.83
1613.6364 0.201223424876383 7.83
1613.9883 0.204258593148019 7.83
1614.3402 0.212734801069622 7.83
1614.6921 0.222508741205207 7.83
1615.0439 0.22918819827636 7.83
1615.3959 0.237283071733464 7.83
1615.7478 0.246395855437545 7.83
1616.0997 0.253707134288966 7.83
1616.4517 0.261515879152994 7.83
1616.8035 0.272303210016599 7.83
1617.1554 0.282894998613412 7.83
1617.5073 0.287832207975752 7.83
1617.8593 0.305724322457746 7.83
1618.2112 0.317644649785521 7.83
1618.5631 0.329604653570542 7.83
1618.9149 0.343106001685936 7.83
1619.2668 0.357097975045445 7.83
1619.6188 0.371940167483984 7.83
1619.9707 0.383199246145173 7.83
1620.3226 0.395755165414565 7.83
1620.6744 0.410500426574309 7.83
1621.0264 0.428472847066631 7.83
1621.3783 0.445366997242709 7.83
1621.7302 0.462736680750233 7.83
1622.0822 0.474841474344007 7.83
1622.434 0.492400105310048 7.83
1622.7859 0.512645340440823 7.83
1623.1378 0.524721007017136 7.83
1623.4897 0.542411622488215 7.83
1623.8417 0.569085623480907 7.83
1624.1936 0.585556307028636 7.83
1624.5454 0.598889971767181 7.83
1624.8973 0.607539289562884 7.83
1625.2493 0.636492788341836 7.83
1625.6012 0.653239700583971 7.83
1625.9531 0.676986655928863 7.83
1626.3049 0.702146933312012 7.83
1626.6569 0.716317746597593 7.83
1627.0088 0.739001246833669 7.83
1627.3607 0.752786613612243 7.83
1627.7126 0.762762410222104 7.83
1628.0646 0.782352787756345 7.83
1628.4164 0.80438963173666 7.83
1628.7683 0.819888418865755 7.83
1629.1202 0.84865479193388 7.83
1629.4722 0.858109810009624 7.83
1629.8241 0.873037539008618 7.83
1630.1759 0.887070699227243 7.83
1630.5278 0.899441164494224 7.83
1630.8798 0.919823733764723 7.83
1631.2317 0.914446463141703 7.83
1631.5836 0.932305853438086 7.83
1631.9354 0.942282560921791 7.83
1632.2874 0.94608862610299 7.83
1632.6393 0.959183136754051 7.83
1632.9912 0.965353790479075 7.83
1633.3431 0.982737970266794 7.83
1633.6951 0.985237894469146 7.83
1634.0469 0.988973730427436 7.83
1634.3988 0.992015447389807 7.83
1634.7507 0.995881500014086 7.83
1635.1027 0.994485983187523 7.83
1635.4546 1 7.83
1635.8064 0.998084700166832 7.83
1636.1583 0.991487758953192 7.83
1636.5103 0.995123066254851 7.83
1636.8622 0.998276864212876 7.83
1637.2141 0.991202913906497 7.83
1637.566 0.993267723010845 7.83
1637.9178 0.981392940645705 7.83
1638.2698 0.975076636142284 7.83
1638.6217 0.975061205979873 7.83
1638.9736 0.973819126105728 7.83
1639.3256 0.953823021714783 7.83
1639.6774 0.936870728898036 7.83
1640.0293 0.935087751765202 7.83
1640.3812 0.929347705196983 7.83
1640.7332 0.918741301126527 7.83
1641.0851 0.902251609461854 7.83
1641.4369 0.885060166453172 7.83
1641.7888 0.883025741117634 7.83
1642.1407 0.867475725083378 7.83
1642.4927 0.852522389263615 7.83
1642.8446 0.837916414653599 7.83
1643.1965 0.823581272985763 7.83
1643.5483 0.810703234274526 7.83
1643.9003 0.802556416985542 7.83
1644.2522 0.779429750241067 7.83
1644.6041 0.766770274030689 7.83
1644.9561 0.759430221620725 7.83
1645.3079 0.742126420911146 7.83
1645.6598 0.72499915425062 7.83
1646.0117 0.717878502248342 7.83
1646.3636 0.701439555250608 7.83
1646.7156 0.682062701819469 7.83
1647.0675 0.671362852135225 7.83
1647.4193 0.655052023560237 7.83
1647.7712 0.63915538809243 7.83
1648.1232 0.624973076057888 7.83
1648.4751 0.614163466627522 7.83
1648.827 0.597131832373245 7.83
1649.1788 0.582480835566848 7.83
1649.5308 0.56468087919417 7.83
1649.8827 0.554852850865919 7.83
1650.2346 0.537518378096432 7.83
1650.5865 0.527259965508775 7.83
1650.9385 0.505248509230394 7.83
1651.2903 0.4966550974714 7.83
1651.6422 0.492485137938177 7.83
1651.9941 0.481980104117042 7.83
1652.3461 0.464968834547553 7.83
1652.698 0.455190505555326 7.83
1653.0498 0.444437516987592 7.83
1653.4017 0.435607994898778 7.83
1653.7537 0.417361221049802 7.83
1654.1056 0.40562792340302 7.83
1654.4575 0.395745215044383 7.83
1654.8093 0.389524151052962 7.83
1655.1613 0.381302761701171 7.83
1655.5132 0.364898525838836 7.83
1655.8651 0.356859181687017 7.83
1656.217 0.343318553004973 7.83
1656.569 0.334562845830256 7.83
1656.9208 0.325270614981774 7.83
1657.2727 0.31994247491178 7.83
1657.6246 0.310674451876451 7.83
1657.9766 0.303607200090391 7.83
1658.3285 0.2935473235141 7.83
1658.6803 0.286613159368185 7.83
1659.0322 0.279896543137239 7.83
1659.3842 0.270618754660312 7.83
1659.7361 0.264400899628654 7.83
1660.088 0.254555346635056 7.83
1660.4399 0.249984794773516 7.83
1660.7917 0.240621850363107 7.83
1661.1437 0.232211855643646 7.83
1661.4956 0.229595503810989 7.83
1661.8475 0.221414901632964 7.83
1662.1995 0.216155641900245 7.83
1662.5513 0.20721352004587 7.83
1662.9032 0.203695047633184 7.83
1663.2551 0.195050364646243 7.83
1663.6071 0.19179780207588 7.83
1663.959 0.1884077977582 7.83
1664.3108 0.186108876851578 7.83
1664.6627 0.178552936758099 7.83
1665.0146 0.168923828754051 7.83
1665.3666 0.164356362872168 7.83
1665.7185 0.159111388100006 7.83
1666.0704 0.15872308225105 7.83
1666.4222 0.153989923837655 7.83
1666.7742 0.148941159931777 7.83
1667.1261 0.145504192585469 7.83
1667.478 0.142284254384224 7.83
1667.83 0.140149565620334 7.83
1668.1818 0.134000076051594 7.83
1668.5337 0.126256176236009 7.83
1668.8856 0.124425513566416 7.83
1669.2375 0.122925052485995 7.83
1669.5895 0.117133381122019 7.83
1669.9414 0.113618183054701 7.83
1670.2932 0.111554507721594 7.83
1670.6451 0.109523802534314 7.83
1670.9971 0.107809936326458 7.83
1671.349 0.105280439194863 7.83
1671.7009 0.103361123240132 7.83
1672.0527 0.0985724239355979 7.83
1672.4047 0.095611539435671 7.83
1672.7566 0.0946371872559875 7.83
1673.1085 0.0910814826156962 7.83
1673.4604 0.0864030771997046 7.83
1673.8123 0.0852596273719347 7.83
1674.1642 0.0840078013242547 7.83
1674.5161 0.0811570494063226 7.83
1674.868 0.0789140805531538 7.83
1675.22 0.0765328627908673 7.83
1675.5719 0.0742249758133467 7.83
1675.9237 0.0733444459788745 7.83
1676.2756 0.0715886320773295 7.83
1676.6276 0.068996531100863 7.83
1676.9795 0.067315950280203 7.83
1677.3314 0.065021594189032 7.83
1677.6832 0.0635282759994132 7.83
1678.0352 0.0634484910628463 7.83
1678.3871 0.0592980238766943 7.83
1678.739 0.0573167951239932 7.83
1679.0909 0.0562686886992198 7.83
1679.4429 0.0540580320483015 7.83
1679.7947 0.0534301586960921 7.83
1680.1466 0.0546154678739725 7.83
1680.4985 0.0514323406934642 7.83
1680.8505 0.0494684282561311 7.83
1681.2024 0.048529010113291 7.83
1681.5542 0.0485828139608073 7.83
1681.9061 0.0470895948714785 7.83
1682.2581 0.0451979101886485 7.83
1682.61 0.0429527384543005 7.83
1682.9619 0.0432424649821284 7.83
1683.3138 0.042523256557386 7.83
1683.6656 0.0394033742555608 7.83
1684.0176 0.0381224610541112 7.83
1684.3695 0.0361885120038151 7.83
1684.7214 0.0365731714885301 7.83
1685.0734 0.0335944610219921 7.83
1685.4252 0.0330586321313902 7.83
1685.7771 0.033122179794143 7.83
1686.129 0.0326071198854327 7.83
1686.481 0.0314554987457101 7.83
1686.8329 0.0298253028751745 7.83
1687.1847 0.0309320916125876 7.83
1687.5366 0.0282107701090036 7.83
1687.8885 0.0272483838937993 7.83
1688.2405 0.0269950202214717 7.83
1688.5924 0.028089654628694 7.83
1688.9443 0.0255756314691506 7.83
1689.2961 0.0261341087846325 7.83
1689.6481 0.0269854754197675 7.83
1690 0.0235089453728129 7.83
1690.3519 0.0245144361117181 7.83
1690.7039 0.0228281651027782 7.83
1691.0557 0.0226660742967258 7.83
1691.4076 0.0210528973358444 7.83
1691.7595 0.0211364123563335 7.83
1692.1115 0.0215901151269661 7.83
1692.4634 0.0201220792891914 7.83
1692.8153 0.0174247112360845 7.83
1693.1671 0.0166853149104594 7.83
1693.519 0.0196309475146852 7.83
1693.871 0.0165662170745656 7.83
1694.2229 0.0169157011739759 7.83
1694.5748 0.0171108406264695 7.83
1694.9266 0.0166320007177755 7.83
1695.2786 0.0163263382173974 7.83
1695.6305 0.0170453760031927 7.83
1695.9824 0.0164142812883655 7.83
1696.3344 0.0125258024163518 7.83
1696.6862 0.0150493973197767 7.83
1697.0381 0.0127344851036038 7.83
1697.39 0.0092365811139311 7.83
1697.7419 0.0104264774498287 7.83
1698.0939 0.0128595312186192 7.83
1698.4458 0.0137964067436849 7.83
1698.7976 0.0106593348973061 7.83
1699.1495 0.0117098332811265 7.83
1699.5015 0.010495349322102 7.83
1699.8534 0.0100651825817366 7.83
1700.2053 0.0094945110683247 7.83
1700.5571 0.00869946778121697 7.83
1700.9091 0.0093850433959112 7.83
1701.261 0.00940095625119798 7.83
1701.6129 0.00779200211976472 7.83
1701.9648 0.00795587849162989 7.83
1702.3168 0.00732198362105372 7.83
1702.6686 0.00733075983938732 7.83
1703.0205 0.00816837504502627 7.83
1703.3724 0.00679536747372217 7.83
1703.7244 0.00846047195998447 7.83
1704.0763 0.00695263361035289 7.83
1704.4281 0.00549085059485081 7.83
1704.78 0.00649550506902365 7.83
1705.132 0.00563991703280068 7.83
1705.4839 0.00588391187032923 7.83
1705.8358 0.00646972684270526 7.83
1706.1877 0.00623885705312322 7.83
1706.5396 0.00411766771435226 7.83
1706.8915 0.00492229350610088 7.83
1707.2434 0.00464914622999453 7.83
1707.5953 0.0040367214327674 7.83
1707.9473 0.00372555249806704 7.83
1708.2991 0.00463612186189199 7.83
1708.651 0.00335719253572648 7.83
1709.0029 0.00190346543348259 7.83
1709.3549 0.00252984611058714 7.83
1709.7068 0.00373521488128465 7.83
1710.0586 0.00353003799449976 7.83
1710.4105 0.00309834322629616 7.83
1710.7625 0.00297403641623947 7.83
1711.1144 0.00454668835308356 7.83
1711.4663 0.00407853152019846 7.83
1711.8182 0.00303323057913197 7.83
1712.17 0.00169595569916733 7.83
1712.522 0.00281876249076483 7.83
1712.8739 0.00141752022398431 7.83
1713.2258 0.00308193376818823 7.83
1713.5778 0.00384537731257496 7.83
1713.9296 0.00323523615464444 7.83
1714.2815 0.00293038460677322 7.83
1714.6334 0.00227301826643873 7.83
1714.9854 0.00215072986739966 7.83
1715.3373 0.00239363633097508 7.83
1715.6892 0.00252444950088528 7.83
1716.041 0.00272221078797174 7.83
1716.3929 0.000683399674343129 7.83
1716.7449 0.00326030020060674 7.83
1717.0968 0.00291022425538046 7.83
1717.4487 0.000735252641009914 7.83
1717.8005 0.0018626928130085 7.83
1718.1525 0.00136059572385365 7.83
1718.5044 0.00118089027082856 7.83
1718.8563 0.000687607064689151 7.83
1719.2083 0.000351985072824126 7.83
1719.5601 0.00299276003461893 7.83
1719.912 0.00227731480117211 7.83
1720.2639 0.00163806650520442 7.83
1720.6158 0.00163759687289431 7.83
1720.9678 0.00290872382338253 7.83
1721.3197 0.00298975157119337 7.83
1721.6715 0.00318895787454528 7.83
1722.0234 0.00372373917672879 7.83
1722.3754 0.00263647506461654 7.83
1722.7273 0.00203476644652405 7.83
1723.0792 0.00169211235079742 7.83
1723.431 0.00237404632189594 7.83
1723.783 0.00251241579837683 7.83
1724.1349 0.0029378155182699 7.83
1724.4868 0.0034122581678621 7.83
1724.8387 0.00381273596892992 7.83
1725.1907 0.00257499339703682 7.83
1725.5425 0.00223376822885827 7.83
1725.8944 0.00245727304319278 7.83
1726.2463 0.00398808714739759 7.83
1726.5983 0.00233691619844641 7.83
1726.9502 0.00112785033421352 7.83
1727.302 0.00239180764926642 7.83
1727.6539 0.00340447581470721 7.83
1728.0059 0.00277671611425388 7.83
1728.3578 0.000676948372992791 7.83
1728.7097 0.00199369715273083 7.83
1729.0615 0.00374961486711584 7.83
1729.4135 0.00262499708454126 7.83
1729.7654 0.0023413503817401 7.83
1730.1173 0.00398963662207061 7.83
1730.4692 0.00431528871386014 7.83
1730.8212 0.00374378780092518 7.83
1731.173 0.00417527893169952 7.83
1731.5249 0.00338361985100877 7.83
1731.8768 0.00370645723558332 7.83
1732.2288 0.00373620453193882 7.83
1732.5807 0.00440300036798348 7.83
1732.9325 0.00442090632206243 7.83
1733.2844 0.00330873494743444 7.83
1733.6364 0.00474952832900727 7.83
1733.9883 0.00520801892137954 7.83
1734.3402 0.00483940372491758 7.83
1734.6921 0.00518426223502706 7.83
1735.0439 0.00465059933157203 7.83
1735.3959 0.00377310238916242 7.83
1735.7478 0.00249060817712499 7.83
1736.0997 0.0024113805465929 7.83
1736.4517 0.00292710218553827 7.83
1736.8035 0.00392255703145131 7.83
1737.1554 0.00346628776322668 7.83
1737.5073 0.00238256476201226 7.83
1737.8593 0.0050375007783651 7.83
1738.2112 0.0110730593178298 7.83
1738.5631 0.00637355820161377 7.83
1738.9149 0.00487958360567005 7.83
1739.2668 0.0038702374363408 7.83
1739.6188 0.00266518297707417 7.83
1739.9707 0.00509714304395353 7.83
1740.3226 0.00413513191807772 7.83
1740.6744 0.0033324131349982 7.83
1741.0264 0.00217867212566909 7.83
1741.3783 0.00563084442099479 7.83
1741.7302 0.0050698468303048 7.83
1742.0822 0.00381589086846289 7.83
1742.434 0.00355041222311903 7.83
1742.7859 0.00359931449229613 7.83
1743.1378 0.0037851750956639 7.83
1743.4897 0.00430648238979759 7.83
1743.8417 0.00453127767421551 7.83
1744.1936 0.00321816756436635 7.83
1744.5454 0.00482330551770665 7.83
1744.8973 0.00388193660290817 7.83
1745.2493 0.00394959866646736 7.83
1745.6012 0.00230850060938421 7.83
1745.9531 0.00274959720277374 7.83
1746.3049 0.00442133195893589 7.83
1746.6569 0.00354253142738469 7.83
1747.0088 0.0018267291038796 7.83
1747.3607 0.00158800549716963 7.83
1747.7126 0.00201019543625174 7.83
1748.0646 0.00171502313906037 7.83
1748.4164 0.00160193836867476 7.83
1748.7683 0.000866178358687366 7.83
1749.1202 0.0032607970531152 7.83
1749.4722 0.00425695585530128 7.83
1749.8241 0.00284619185368215 7.83
1750.1759 0.00187293501800467 7.83
1750.5278 0.00227064576664925 7.83
1750.8798 0.00293830932865711 7.83
1751.2317 0.00323723015678685 7.83
1751.5836 0.00328616931999626 7.83
1751.9354 0.00252936977188031 7.83
1752.2874 0.00288024733721421 7.83
1752.6393 0.00289704257477373 7.83
1752.9912 0.00321898835356749 7.83
1753.3431 0.00366802177565766 7.83
1753.6951 0.00209013006113047 7.83
1754.0469 0.000526760864914709 7.83
1754.3988 0.0022440281849051 7.83
1754.7507 0.00314154238925032 7.83
1755.1027 0.00144069055129136 7.83
1755.4546 0.000223846195246478 7.83
1755.8064 0.00272862053043935 7.83
1756.1583 0.00163373247269715 7.83
1756.5103 0.00150974541092048 7.83
1756.8622 0.00334324430520014 7.83
1757.2141 0.00296136109236879 7.83
1757.566 0.003253628696672 7.83
1757.9178 0.00350260043785577 7.83
1758.2698 0.00347839943546629 7.83
1758.6217 0.00281408010729276 7.83
1758.9736 0.000479040659243521 7.83
1759.3256 0.00300406356432555 7.83
1759.6774 0.00306880802967309 7.83
1760.0293 0.000693620188214068 7.83
1760.3812 0.00120984379214575 7.83
1760.7332 0.00244172317851309 7.83
1761.0851 0.00277727363172107 7.83
1761.4369 0.00258761683452785 7.83
1761.7888 0.00350481707961306 7.83
1762.1407 0.00424844627519418 7.83
1762.4927 0.000904723162747983 7.83
1762.8446 0.00332745203529317 7.83
1763.1965 0.00478506223038998 7.83
1763.5483 0.00610753962969157 7.83
1763.9003 0.00199509707179273 7.83
1764.2522 0.00272960729238796 7.83
1764.6041 0.00218370550991805 7.83
1764.9561 0.00223579368008848 7.83
1765.3079 0 7.83
1765.6598 0.00157914633300285 7.83
1766.0117 0.00514047835564594 7.83
1766.3636 0.00413521463511321 7.83
1766.7156 0.00515982728139384 7.83
1767.0675 0.00523946025145447 7.83
1767.4193 0.00371058206046045 7.83
1767.7712 0.00474359371943828 7.83
1768.1232 0.00428839441603018 7.83
1768.4751 0.00525402066224549 7.83
1768.827 0.00554129017164297 7.83
1769.1788 0.00613634146792076 7.83
1769.5308 0.00578141553257661 7.83
1769.8827 0.00488818054115245 7.83
1770.2346 0.00413391307142856 7.83
1770.5865 0.00477951586963482 7.83
1770.9385 0.00472981580084087 7.83
1771.2903 0.00424165062224663 7.83
1771.6422 0.00430588494557196 7.83
1771.9941 0.00491440770405555 7.83
1772.3461 0.00654783183625014 7.83
1772.698 0.0061457686342175 7.83
1773.0498 0.0059413154895828 7.83
1773.4017 0.0075657615452567 7.83
1773.7537 0.00725965410091512 7.83
1774.1056 0.00707515500741328 7.83
1774.4575 0.00702117009045872 7.83
1774.8093 0.00854181733207302 7.83
1775.1613 0.00799703316921137 7.83
1775.5132 0.00675674523935716 7.83
1775.8651 0.00496620126461873 7.83
1776.217 0.00604446652872715 7.83
1776.569 0.0093408215282261 7.83
1776.9208 0.00985508719175614 7.83
1777.2727 0.00834227073148635 7.83
1777.6246 0.00790381310383145 7.83
1777.9766 0.00803642643294772 7.83
1778.3285 0.00489903352646225 7.83
1778.6803 0.00927895751132545 7.83
1779.0322 0.00834795686607818 7.83
1779.3842 0.00937775773565245 7.83
1779.7361 0.0107255661880621 7.83
1780.088 0.00918275334227312 7.83
1780.4399 0.00889145217423984 7.83
1780.7917 0.0097917954388757 7.83
1781.1437 0.00739036521756452 7.83
1781.4956 0.00915335605081839 7.83
1781.8475 0.0104810111380788 7.83
1782.1995 0.00849311075241465 7.83
1782.5513 0.0102784342445679 7.83
1782.9032 0.00982331281231984 7.83
1783.2551 0.0131963453803105 7.83
1783.6071 0.0122978735022085 7.83
1783.959 0.0105123117590832 7.83
1784.3108 0.0100061038614381 7.83
1784.6627 0.0123095061819549 7.83
1785.0146 0.0103529744186034 7.83
1785.3666 0.0101309623091579 7.83
1785.7185 0.00957469588733255 7.83
1786.0704 0.0109476030424723 7.83
1786.4222 0.0118589714737634 7.83
1786.7742 0.011906954504515 7.83
1787.1261 0.0109115706983845 7.83
1787.478 0.0100402169426228 7.83
1787.83 0.010772278359703 7.83
1788.1818 0.0121849413805006 7.83
1788.5337 0.0127509330059877 7.83
1788.8856 0.0101762924605801 7.83
1789.2375 0.00992317815323887 7.83
1789.5895 0.00941377690461366 7.83
1789.9414 0.0101536931474145 7.83
1790.2932 0.00899519414677833 7.83
1790.6451 0.0114464016469849 7.83
1790.9971 0.0120716517660255 7.83
1791.349 0.0112741014473969 7.83
1791.7009 0.0115863005618763 7.83
1792.0527 0.0109330484239579 7.83
1792.4047 0.00939530903627013 7.83
1792.7566 0.0129278836979792 7.83
1793.1085 0.00969944246875853 7.83
1793.4604 0.0117751179120945 7.83
1793.8123 0.0064623037472436 7.83
1794.1642 0.00936230101722579 7.83
1794.5161 0.00787363477560537 7.83
1794.868 0.00971893926944507 7.83
1795.22 0.0118955419413258 7.83
1795.5719 0.00983782829436475 7.83
1795.9237 0.0104995901500639 7.83
1796.2756 0.00827930448698112 7.83
1796.6276 0.00843315033169159 7.83
1796.9795 0.00925486525587728 7.83
1797.3314 0.00865023229494506 7.83
1797.6832 0.00843886459375499 7.83
1798.0352 0.00732071642377235 7.83
1798.3871 0.00843699945092474 7.83
1798.739 0.00821770006144669 7.83
1799.0909 0.00935835928319641 7.83
1799.4429 0.008385652000333 7.83
1799.7947 0.00865060316602706 7.83
1800.1466 0.00807322567146371 7.83
1800.4985 0.0075736392440256 7.83
1800.8505 0.00803181166324871 7.83
1801.2024 0.00783215219697032 7.83
1801.5542 0.00637279004910459 7.83
1801.9061 0.00636982650433176 7.83
1802.2581 0.00568644222284167 7.83
1802.61 0.000639514125339339 7.83
1802.9619 0.00119992245393686 7.83
1803.3138 0.00599954733000948 7.83
1803.6656 0.00755754824208601 7.83
1804.0176 0.00685231039545784 7.83
1804.3695 0.00421561408770519 7.83
1804.7214 0.00509886979503494 7.83
1805.0734 0.00554711464506402 7.83
1805.4252 0.00478033188347168 7.83
1805.7771 0.00284733236372838 7.83
1806.129 0.0028875117779878 7.83
1806.481 0.000611104671415059 7.83
1806.8329 0.00335785642919312 7.83
1807.1847 0.00423517320591363 7.83
1807.5366 0.00368241632891175 7.83
1807.8885 0.00351286546750075 7.83
1808.2405 0.00253261335502999 7.83
1808.5924 9.66288613981851e-06 7.83
1808.9443 0 7.83
1809.2961 0.00126872008738469 7.83
1809.6481 0.00126986799608111 7.83
1810 0 7.83
