0.0019196879	0
0.0057590637	0
0.0095984399	0
0.013437815	0
0.017277192	0
0.021116567	0
0.024955943	0
0.02879532	0
0.032634693	0
0.03647407	0
0.040313447	0
0.044152823	0
0.047992197	0
0.051831573	0
0.055670947	0
0.059510326	0
0.0633497	0
0.06718908	0
0.071028453	0
0.074867827	0
0.078707206	0
0.08254658	0
0.086385953	0
0.090225333	0
0.094064707	0
0.097904086	0
0.10174346	0
0.10558283	0
0.10942221	0
0.11326159	0
0.11710097	0
0.12094034	0
0.12477971	0
0.12861909	0
0.13245846	0
0.13629785	0
0.14013722	0
0.14397659	0
0.14781597	0
0.15165534	0
0.15549473	0
0.1593341	0
0.16317347	0
0.16701285	0
0.17085222	0
0.17469161	0
0.17853098	0
0.18237035	0
0.18620973	0
0.1900491	0
0.19388847	0
0.19772786	0
0.20156722	0
0.20540662	0
0.20924599	0
0.21308537	0
0.21692474	0
0.22076411	0
0.22460349	0
0.22844286	0
0.23228223	0
0.23612161	0
0.23996098	0
0.24380035	0
0.24763975	0
0.25147913	0
0.2553185	0
0.25915787	0
0.26299725	0
0.26683662	0
0.27067599	0
0.27451537	0
0.27835474	0
0.28219411	0
0.28603349	0
0.28987288	0
0.29371226	0
0.29755163	0
0.30139101	0
0.30523038	0
0.30906975	0
0.31290913	0
0.3167485	0
0.32058787	0
0.32442725	0
0.32826664	0
0.33210602	0
0.33594539	0
0.33978477	0
0.34362414	0
0.34746351	0
0.35130289	0
0.35514226	0
0.35898163	0
0.36282101	0
0.36666038	0
0.37049978	0
0.37433915	0
0.37817852	0
0.3820179	0
0.38585727	0
0.38969665	0
0.39353602	0
0.39737539	0
0.40121479	0
0.40505414	0
0.40889354	0
0.41273289	0
0.41657228	0
0.42041163	0
0.42425103	0
0.42809038	85.093735
0.43192978	99.421555
0.43576918	140.63722
0.43960853	127.92256
0.44344792	109.18571
0.44728727	88.797607
0.45112667	57.557911
0.45496602	64.367546
0.45880542	74.347786
0.46264477	78.463181
0.46648417	95.476242
0.47032351	104.30966
0.47416291	125.73087
0.47800231	140.09944
0.48184166	158.34312
0.48568106	168.26561
0.48952041	204.52682
0.4933598	215.86865
0.49719915	233.16417
0.50103855	258.37891
0.5048779	245.55397
0.5087173	288.82712
0.5125567	286.67545
0.51639605	309.8717
0.52023544	342.91586
0.52407479	351.98599
0.52791419	381.9122
0.53175354	379.37982
0.53559294	399.22803
0.53943229	393.5809
0.54327168	399.11682
0.54711103	410.82867
0.55095043	414.33698
0.55478983	448.409
0.55862918	474.90396
0.56246858	512.41412
0.56630793	529.50146
0.57014732	552.13263
0.57398667	553.5683
0.57782607	549.40173
0.58166542	552.43451
0.58550482	554.95709
0.58934417	561.07574
0.59318357	567.84369
0.59702296	561.20642
0.60086231	563.92706
0.60470171	559.22253
0.60854106	550.35736
0.61238046	538.70435
0.61621981	525.38275
0.6200592	528.58868
0.62389855	532.48706
0.62773795	541.51514
0.6315773	536.04486
0.6354167	540.74408
0.6392561	563.62158
0.64309545	585.65082
0.64693484	599.75092
0.65077419	594.50214
0.65461359	585.69043
0.65845294	567.41992
0.66229234	558.02686
0.66613169	552.75128
0.66997108	550.11829
0.67381043	560.84192
0.67764983	569.06641
0.68148923	568.91132
0.68532858	558.76483
0.68916798	553.33215
0.69300733	548.52454
0.69684672	555.16638
0.70068607	555.7171
0.70452547	555.77606
0.70836482	553.88257
0.71220422	546.59296
0.71604357	549.58826
0.71988297	548.07605
0.72372236	548.70691
0.72756171	552.71808
0.73140111	543.72485
0.73524046	547.09882
0.73907986	549.36414
0.74291921	556.14136
0.7467586	566.08478
0.75059795	560.36877
0.75443735	558.54419
0.75827675	542.34821
0.7621161	547.84778
0.7659555	557.03357
0.76979485	557.02094
0.77363424	563.87921
0.77747359	561.81195
0.78131299	568.29645
0.78515234	574.82129
0.78899174	575.16547
0.79283109	566.47626
0.79667048	560.76147
0.80050983	558.57056
0.80434923	562.77173
0.80818863	571.61346
0.81202803	575.69238
0.81586733	578.41736
0.81970673	573.39215
0.82354612	584.13782
0.82738552	576.25189
0.83122482	579.27051
0.83506422	582.59943
0.83890362	575.14526
0.84274302	582.38452
0.84658241	583.48724
0.85042171	587.13446
0.85426111	591.43042
0.85810051	594.11267
0.86193991	597.89227
0.86577921	588.96021
0.86961861	595.05518
0.873458	592.68304
0.8772974	595.0191
0.8811368	600.33612
0.8849761	591.05878
0.8888155	593.09772
0.8926549	595.01593
0.89649429	586.89368
0.9003336	590.47241
0.90417299	591.57874
0.90801239	593.85571
0.91185179	604.16046
0.91569109	608.16211
0.91953049	605.71368
0.92336988	596.92523
0.92720928	595.05884
0.93104868	589.84912
0.93488798	589.44244
0.93872738	606.37341
0.94256678	612.99231
0.94640617	615.94324
0.95024548	617.07928
0.95408487	604.95587
0.95792427	592.29767
0.96176367	594.32581
0.96560307	596.73724
0.96944237	597.8277
0.97328176	607.98975
0.97712116	612.56628
0.98096056	611.31952
0.98479986	612.0448
0.98863926	610.28027
0.99247866	607.0542
0.99631805	604.64905
1.0001574	606.15118
1.0039968	611.6925
1.0078362	624.85193
1.0116755	629.67285
1.0155149	621.44897
1.0193542	621.04529
1.0231936	619.87946
1.027033	617.6582
1.0308724	626.71246
1.0347117	617.23395
1.0385511	621.89069
1.0423905	628.12054
1.0462299	630.43713
1.0500693	637.44836
1.0539086	635.00146
1.057748	633.01996
1.0615874	631.10541
1.0654268	631.91327
1.0692661	637.58911
1.0731055	629.5744
1.0769449	630.37903
1.0807843	627.40753
1.0846236	623.78516
1.088463	630.45624
1.0923024	627.55255
1.0961418	626.25208
1.0999812	626.1806
1.1038205	622.92004
1.1076599	620.99591
1.1114993	621.58105
1.1153387	625.52197
1.119178	632.63477
1.1230174	637.53052
1.1268568	637.97125
1.1306962	638.06171
1.1345356	635.00055
1.1383749	636.67151
1.1422143	638.49146
1.1460537	644.70532
1.1498931	645.25452
1.1537324	645.41998
1.1575718	652.41357
1.1614112	647.35773
1.1652506	648.86206
1.16909	645.87231
1.1729293	646.19751
1.1767687	653.28156
1.1806081	655.95361
1.1844475	658.76147
1.1882868	645.98254
1.1921262	640.52783
1.1959656	638.06531
1.199805	644.10657
1.2036443	652.09027
1.2074837	660.87665
1.2113231	660.95898
1.2151625	656.41382
1.2190019	656.62872
1.2228412	646.09668
1.2266806	642.66223
1.23052	641.42535
1.2343594	653.88947
1.2381987	662.0437
1.2420381	669.69983
1.2458775	661.02252
1.2497169	652.32739
1.2535563	653.6676
1.2573956	650.65253
1.261235	654.74762
1.2650743	656.36298
1.2689137	656.4895
1.272753	668.16736
1.2765924	670.06982
1.2804318	670.85974
1.2842712	674.85785
1.2881105	670.0329
1.2919499	666.87268
1.2957893	668.72626
1.2996287	675.58649
1.3034681	676.99445
1.3073074	687.21045
1.3111468	694.50214
1.3149862	693.58984
1.3188256	701.71448
1.3226649	705.07263
1.3265043	693.95776
1.3303437	697.51215
1.3341831	701.74231
1.3380225	699.92023
1.3418618	704.57629
1.3457012	702.94525
1.3495406	701.01013
1.35338	701.56073
1.3572193	704.45569
1.3610587	709.54126
1.3648981	712.77777
1.3687375	721.37805
1.3725769	724.65723
1.3764162	728.45306
1.3802556	738.3233
1.384095	740.28021
1.3879344	746.71753
1.3917737	747.46338
1.3956131	745.14972
1.3994525	742.61896
1.4032919	740.46808
1.4071312	738.38544
1.4109706	736.91016
1.41481	731.19763
1.4186494	731.84784
1.4224888	735.36597
1.4263281	732.38281
1.4301675	734.80536
1.4340069	731.5387
1.4378463	730.72577
1.4416856	739.54297
1.445525	734.61035
1.4493644	743.0033
1.4532038	744.01367
1.4570432	747.56909
1.4608825	755.32776
1.4647219	748.51941
1.4685613	745.29974
1.4724007	737.06067
1.47624	742.82324
1.4800794	748.74237
1.4839188	756.28589
1.4877582	764.76599
1.4915975	760.15906
1.4954369	759.24323
1.4992763	764.63763
1.5031157	770.79871
1.5069551	778.06799
1.5107944	785.78436
1.5146338	783.34943
1.5184731	786.36426
1.5223125	788.19092
1.5261518	793.73376
1.5299912	791.95032
1.5338306	797.67743
1.53767	805.59882
1.5415094	802.80707
1.5453487	807.90137
1.5491881	802.11176
1.5530275	797.36224
1.5568669	802.4538
1.5607062	801.05829
1.5645456	801.00769
1.568385	806.53918
1.5722244	805.28143
1.5760637	806.6062
1.5799031	810.30353
1.5837425	809.54193
1.5875819	814.56055
1.5914213	822.62177
1.5952606	825.60492
1.5991	828.77228
1.6029394	831.08167
1.6067787	830.76007
1.6106182	834.48218
1.6144575	833.34894
1.618297	836.29852
1.6221363	839.79645
1.6259756	845.6402
1.6298151	858.42505
1.6336544	865.15558
1.6374937	871.05896
1.6413332	870.08759
1.6451725	866.71558
1.649012	870.23456
1.6528513	870.30579
1.6566906	871.54749
1.6605301	867.69391
1.6643694	868.89496
1.6682089	873.42822
1.6720482	886.07202
1.6758875	892.7735
1.679727	898.6203
1.6835663	906.6438
1.6874056	907.14166
1.6912451	913.07135
1.6950844	915.27521
1.6989239	921.36731
1.7027632	929.95197
1.7066025	941.53925
1.710442	949.83978
1.7142813	953.42896
1.7181208	965.54614
1.7219601	969.42871
1.7257994	972.51746
1.7296389	982.53607
1.7334782	988.92926
1.7373175	1003.9559
1.741157	1006.4888
1.7449963	1006.3416
1.7488358	1004.701
1.7526751	1009.2929
1.7565144	1018.7982
1.7603539	1022.7526
1.7641932	1034.6421
1.7680326	1038.1548
1.7718719	1043.5894
1.7757113	1055.8179
1.7795507	1055.311
1.78339	1058.5291
1.7872295	1063.5508
1.7910688	1077.8907
1.7949081	1088.7462
1.7987476	1113.0697
1.8025869	1125.7727
1.8064262	1133.4597
1.8102657	1138.579
1.814105	1140.0466
1.8179445	1142.3884
1.8217838	1145.55
1.8256231	1162.9648
1.8294626	1167.1763
1.8333019	1184.9827
1.8371414	1200.3964
1.8409807	1209.2787
1.84482	1222.0381
1.8486595	1227.5885
1.8524988	1233.6771
1.8563381	1243.097
1.8601776	1257.2913
1.8640169	1269.6631
1.8678564	1281.9629
1.8716957	1297.5581
1.875535	1308.2305
1.8793745	1322.9728
1.8832138	1336.7372
1.8870533	1353.8601
1.8908926	1371.3088
1.8947319	1388.9045
1.8985714	1403.9358
1.9024107	1407.8193
1.9062502	1401.1477
1.9100895	1398.986
1.9139288	1400.743
1.9177683	1404.6105
1.9216076	1423.3446
1.9254469	1431.0192
1.9292864	1435.4808
1.9331257	1444.9246
1.9369652	1436.4647
1.9408045	1441.4918
1.9446438	1445.2831
1.9484833	1448.0516
1.9523226	1457.5079
1.9561621	1454.4448
1.9600014	1457.0366
1.9638407	1454.3876
1.9676802	1456.647
1.9715195	1461.7163
1.9753588	1457.3502
1.9791983	1461.2871
1.9830376	1454.1029
1.9868771	1450.601
1.9907164	1442.9631
1.9945557	1434.4021
1.9983952	1424.7494
2.0022345	1416.7142
2.006074	1422.0082
2.0099133	1418.8381
2.0137526	1422.2944
2.017592	1413.2638
2.0214314	1406.4806
2.0252707	1391.0179
2.0291101	1385.0444
2.0329494	1377.8958
2.0367889	1365.5564
2.0406282	1365.6566
2.0444675	1347.8423
2.048307	1342.0381
2.0521463	1332.9149
2.0559858	1318.9445
2.0598251	1310.3164
2.0636644	1294.7629
2.0675039	1278.3027
2.0713432	1264.1779
2.0751827	1261.0287
2.079022	1242.5939
2.0828613	1225.8917
2.0867008	1211.472
2.0905401	1185.0525
2.0943794	1176.6527
2.0982189	1171.4039
2.1020582	1162.1134
2.1058977	1149.9956
2.109737	1137.7389
2.1135763	1114.9052
2.1174158	1102.5441
2.1212551	1099.8872
2.1250946	1087.4176
2.1289339	1085.068
2.1327732	1071.8342
2.1366127	1058.0183
2.140452	1044.5927
2.1442913	1028.7607
2.1481308	1018.0812
2.1519701	994.45026
2.1558096	984.17249
2.1596489	971.04443
2.1634882	961.78534
2.1673277	956.69647
2.171167	949.66064
2.1750065	942.14795
2.1788458	931.66486
2.1826851	924.33929
2.1865246	908.05603
2.1903639	897.16553
2.1942034	892.18195
2.1980427	880.92218
2.201882	871.62799
2.2057215	861.19611
2.2095608	852.78381
2.2134001	848.77814
2.2172396	850.19635
2.2210789	851.96674
2.2249184	842.48615
2.2287577	833.33777
2.232597	818.98676
2.2364365	804.13965
2.2402758	795.01642
2.2441153	794.37439
2.2479546	792.1333
2.2517939	782.59131
2.2556334	781.88507
2.2594727	776.21631
2.263312	773.91602
2.2671515	782.13348
2.2709908	780.83466
2.2748302	782.49487
2.2786695	782.9856
2.2825089	781.82697
2.2863483	775.12866
2.2901876	766.22308
2.2940271	767.84546
2.2978664	764.46863
2.3017057	766.37842
2.3055452	764.8266
2.3093845	763.34045
2.3132238	756.19952
2.3170633	758.71143
2.3209026	754.48743
2.3247421	742.88702
2.3285814	730.69196
2.3324207	727.2326
2.3362602	724.98877
2.3400995	731.3847
2.343939	738.95471
2.3477783	734.16498
2.3516176	730.68225
2.3554571	734.5177
2.3592964	737.66669
2.3631359	744.82489
2.3669752	742.95453
2.3708145	736.80298
2.374654	726.59949
2.3784933	729.04102
2.3823326	733.96936
2.3861721	730.06824
2.3900114	734.74921
2.3938509	731.84564
2.3976902	732.37457
2.4015295	732.26465
2.405369	741.35492
2.4092083	740.61066
2.4130478	735.3103
2.4168871	734.91113
2.4207264	729.15149
2.4245659	733.68671
2.4284052	742.57642
2.4322445	746.36115
2.436084	735.68011
2.4399233	725.68817
2.4437628	721.73639
2.4476021	719.17572
2.4514414	724.66022
2.4552809	723.47595
2.4591202	720.91138
2.4629597	711.60327
2.466799	711.00098
2.4706383	711.75116
2.4744778	708.17303
2.4783171	707.48932
2.4821566	702.23804
2.4859959	696.33258
2.4898352	698.33331
2.4936747	697.26849
2.497514	701.58765
2.5013533	695.51093
2.5051928	694.72516
2.5090321	699.27319
2.5128716	700.04926
2.5167109	701.37512
2.5205502	695.90656
2.5243896	688.93884
2.528229	689.53021
2.5320684	700.27985
2.5359077	704.82605
2.539747	702.46307
2.5435865	698.15271
2.5474258	693.14502
2.5512651	695.56366
2.5551046	700.60925
2.5589439	705.11267
2.5627834	706.74121
2.5666227	703.64404
2.570462	700.93933
2.5743015	696.32178
2.5781408	696.15997
2.5819803	705.4549
2.5858196	702.14008
2.5896589	698.65747
2.5934984	697.02478
2.5973377	696.5639
2.6011772	701.27435
2.6050165	703.40002
2.6088558	702.09851
2.6126953	703.44354
2.6165346	708.97729
2.6203739	716.43427
2.6242134	714.84851
2.6280527	717.1532
2.6318922	718.93988
2.6357315	713.81055
2.6395708	711.17249
2.6434103	708.58417
2.6472496	706.71057
2.6510891	702.52216
2.6549284	705.26038
2.6587677	704.65784
2.6626072	687.31622
2.6664465	683.63055
2.6702858	683.49561
2.6741253	687.55292
2.6779646	697.46497
2.6818041	702.59576
2.6856434	701.2337
2.6894827	696.62646
2.6933222	692.81982
2.6971615	687.25201
2.701001	685.2453
2.7048403	684.89966
2.7086796	682.6123
2.7125191	679.79584
2.7163584	674.31708
2.7201977	677.3562
2.7240372	678.12567
2.7278765	678.3999
2.731716	686.88434
2.7355553	690.56451
2.7393946	695.0769
2.7432341	693.5412
2.7470734	689.8631
2.7509129	680.57654
2.7547522	682.09967
2.7585915	682.28857
2.762431	682.71771
2.7662703	688.85938
2.7701097	691.38281
2.7739491	689.59753
2.7777884	689.58997
2.7816278	682.77789
2.7854671	677.79395
2.7893064	685.01892
2.7931459	689.90784
2.7969852	693.91705
2.8008247	692.39563
2.804664	687.26788
2.8085033	685.47156
2.8123428	683.00079
2.8161821	683.93225
2.8200216	678.24652
2.8238609	682.44116
2.8277002	689.28564
2.8315397	693.3053
2.835379	690.24518
2.8392183	687.86194
2.8430578	686.69574
2.8468971	685.72668
2.8507366	700.28888
2.8545759	707.39905
2.8584152	701.06573
2.8622547	697.08765
2.866094	688.03845
2.8699335	689.90387
2.8737728	689.49872
2.8776121	691.66187
2.8814516	696.18378
2.8852909	694.61823
2.8891304	698.58832
2.8929697	703.5799
2.896809	703.60028
2.9006485	705.1214
2.9044878	703.05359
2.9083271	702.38416
2.9121666	714.3584
2.9160059	715.62805
2.9198454	716.62677
2.9236847	705.37012
2.927524	703.05505
2.9313635	705.18567
2.9352028	710.42584
2.9390423	720.68604
2.9428816	726.69781
2.9467209	730.75549
2.9505604	732.79327
2.9543997	731.90643
2.958239	736.4939
2.9620785	739.44958
2.9659178	745.15857
2.9697573	737.97845
2.9735966	732.841
2.9774359	729.19592
2.9812754	733.5188
2.9851147	740.03534
2.9889542	750.29156
2.9927935	751.6947
2.9966328	750.5097
3.0004723	746.10876
3.0043116	743.67181
3.0081509	739.36121
3.0119904	743.01892
3.0158297	750.2641
3.0196692	752.71503
3.0235085	757.06122
3.0273478	754.10248
3.0311872	751.58984
3.0350266	755.44525
3.038866	758.05298
3.0427053	764.05121
3.0465446	757.8717
3.0503841	757.65045
3.0542234	750.49286
3.0580629	748.76245
3.0619022	753.11224
3.0657415	750.08612
3.069581	740.8493
3.0734203	732.10034
3.0772596	725.4798
3.0810991	725.47955
3.0849384	732.78644
3.0887779	730.24829
3.0926172	723.70715
3.0964565	712.33875
3.100296	703.75519
3.1041353	705.66071
3.1079748	714.56647
3.1118141	716.76184
3.1156534	717.33295
3.1194929	717.28082
3.1233322	718.40564
3.1271715	726.07141
3.131011	720.59119
3.1348503	716.76691
3.1386898	712.31775
3.1425291	706.97241
3.1463684	710.33575
3.1502079	700.61664
3.1540472	694.62201
3.1578867	685.53271
3.161726	684.80994
3.1655653	683.4928
3.1694048	681.65771
3.1732441	680.38397
3.1770836	675.82892
3.1809229	676.30835
3.1847622	678.2608
3.1886017	682.89642
3.192441	684.65326
3.1962803	694.59326
3.2001198	697.88721
3.2039593	695.65442
3.2077984	688.2406
3.2116379	686.02026
3.2154774	680.82098
3.2193165	680.49133
3.223156	681.97644
3.2269955	687.12482
3.2308346	686.29895
3.2346741	683.97546
3.2385136	692.37024
3.2423531	688.73505
3.2461922	696.08398
3.2500317	691.75952
3.2538712	685.3255
3.2577103	679.76752
3.2615498	675.87329
3.2653893	672.02026
3.2692284	664.43384
3.2730679	664.5094
3.2769073	663.81238
3.2807465	659.21454
3.284586	663.02661
3.2884254	671.75049
3.2922649	678.19019
3.296104	687.49567
3.2999435	691.09869
3.303783	689.63086
3.3076221	682.24921
3.3114616	680.30322
3.3153011	675.40845
3.3191402	679.77783
3.3229797	690.34875
3.3268192	696.12836
3.3306583	699.60284
3.3344978	705.10699
3.3383373	694.52466
3.3421768	683.72528
3.3460159	681.40466
3.3498554	673.70331
3.3536949	678.00977
3.357534	678.17621
3.3613735	673.66071
3.365213	675.69073
3.3690521	683.09442
3.3728916	680.00653
3.3767311	683.74194
3.3805706	683.84149
3.3844097	681.20691
3.3882492	684.35693
3.3920887	677.66907
3.3959278	681.35138
3.3997673	668.25
3.4036068	660.68005
3.4074459	658.30109
3.4112854	654.06665
3.4151249	661.2514
3.418964	672.12677
3.4228035	678.04419
3.426643	687.94299
3.4304825	681.20001
3.4343216	680.24597
3.4381611	677.27643
3.4420006	672.03229
3.4458397	671.64026
3.4496792	666.48456
3.4535187	672.96954
3.4573578	678.12073
3.4611973	681.16998
3.4650368	674.64044
3.4688759	665.76465
3.4727154	660.15399
3.4765549	662.03033
3.4803944	664.85919
3.4842335	664.48438
3.488073	662.1571
3.4919125	664.86322
3.4957516	673.56647
3.4995911	680.57159
3.5034306	680.05908
3.5072697	673.20514
3.5111092	671.46155
3.5149487	671.96545
3.5187878	673.16974
3.5226273	668.9118
3.5264668	668.26343
3.5303062	664.06232
3.5341454	669.39722
3.5379848	673.48846
3.5418243	677.86609
3.5456635	677.66516
3.5495029	676.86224
3.5533424	672.55072
3.5571815	669.15479
3.561021	671.17926
3.5648605	669.3667
3.5686996	675.4776
3.5725391	681.48895
3.5763786	681.94183
3.5802181	681.13867
3.5840572	666.14233
3.5878967	659.61267
3.5917362	650.93109
3.5955753	650.92804
3.5994148	664.85352
3.6032543	658.06586
3.6070934	669.19379
3.6109329	666.22882
3.6147724	660.27521
3.6186115	662.91711
3.622451	654.97137
3.6262905	657.25464
3.63013	667.55328
3.6339691	666.935
3.6378086	672.93909
3.6416481	663.24213
3.6454872	649.40906
3.6493267	647.71124
3.6531662	643.25415
3.6570053	651.91772
3.6608448	659.73846
3.6646843	659.99365
3.6685238	654.03241
3.6723629	646.84827
3.6762024	645.57599
3.6800419	657.85284
3.683881	667.85425
3.6877205	673.09589
3.69156	674.23572
3.6953991	666.98865
3.6992386	670.80939
3.7030781	663.66675
3.7069172	671.66223
3.7107567	674.23932
3.7145962	666.55115
3.7184357	671.1604
3.7222748	669.17993
3.7261143	677.7312
3.7299538	685.3255
3.7337929	667.66644
3.7376324	658.01489
3.7414719	651.84766
3.745311	660.2926
3.7491505	670.51971
3.75299	673.84515
3.7568291	678.33759
3.7606686	669.40228
3.7645081	672.31592
3.7683475	669.97729
3.7721867	666.86896
3.7760262	668.50073
3.7798656	666.01251
3.7837048	668.58466
3.7875443	666.92462
3.7913837	666.28979
3.7952229	669.52448
3.7990623	673.30219
3.8029018	677.10211
3.806741	673.08282
3.8105804	665.03998
3.8144199	657.40167
3.8182594	647.27197
3.8220985	648.40607
3.825938	656.31268
3.8297775	663.4494
3.8336166	677.23773
3.8374561	669.47064
3.8412956	659.17877
3.8451347	660.07214
3.8489742	657.70953
3.8528137	656.9942
3.8566528	662.07141
3.8604923	657.91974
3.8643318	657.71777
3.8681713	661.45789
3.8720104	651.26672
3.8758499	652.62897
3.8796894	659.73798
3.8835285	664.263
3.887368	663.73041
3.8912075	658.98029
3.8950466	651.6026
3.8988861	648.8349
3.9027256	659.0235
3.9065647	654.7157
3.9104042	655.63684
3.9142437	652.68427
3.9180832	651.23956
3.9219223	657.7627
3.9257618	665.10632
3.9296013	666.49072
3.9334404	668.53967
3.9372799	659.25494
3.9411194	655.1839
3.9449585	658.46033
3.948798	662.21515
3.9526375	671.88599
3.956477	666.13287
3.9603161	655.74207
3.9641556	655.94415
3.9679951	653.10291
3.9718342	661.62512
3.9756737	658.36993
3.9795132	659.78381
3.9833523	656.00531
3.9871918	658.62933
3.9910313	668.23267
3.9948704	666.51764
3.9987099	662.30499
4.0025494	653.82117
4.0063889	653.32709
4.010228	651.836
4.0140675	647.70154
4.017907	655.34174
4.0217461	654.92938
4.0255856	663.36096
4.029425	657.88855
4.0332642	650.77966
4.0371037	648.71198
4.0409431	660.02435
4.0447823	660.81177
4.0486217	654.05219
4.0524612	640.42102
4.0563007	632.97247
4.0601398	644.15503
4.0639793	653.88348
4.0678188	659.51953
4.0716579	653.07214
4.0754974	648.47809
4.0793369	645.94592
4.083176	653.41156
4.0870155	663.61267
4.090855	669.85791
4.0946941	670.85681
4.0985336	669.79333
4.1023731	674.98584
4.1062126	675.94299
4.1100517	675.65125
4.1138912	666.13434
4.1177307	654.9538
4.1215698	651.52454
4.1254093	653.27197
4.1292488	656.08807
4.1330879	664.59814
4.1369274	662.51208
4.1407669	662.23901
4.144606	653.11987
4.1484455	652.15265
4.152285	656.32092
4.1561245	654.51929
4.1599636	655.48309
4.1638031	648.78369
4.1676426	647.93213
4.1714817	650.44061
4.1753212	650.36719
4.1791607	645.2309
4.1829998	652.80353
4.1868393	651.74908
4.1906788	650.23315
4.1945179	640.94287
4.1983574	641.14496
4.2021969	648.40283
4.2060364	657.65485
4.2098755	655.39569
4.213715	653.78839
4.2175545	649.50061
4.2213936	655.19391
4.2252331	651.07013
4.2290726	651.49866
4.2329117	657.09009
4.2367512	658.96887
4.2405907	653.19049
4.2444302	647.53748
4.2482693	646.96967
4.2521088	650.05554
4.2559483	647.17114
4.2597874	645.58398
4.2636269	640.23114
4.2674664	643.78644
4.2713055	652.83661
4.275145	649.60602
4.2789845	644.13092
4.2828236	639.72699
4.2866631	640.0426
4.2905025	638.77142
4.294342	650.13074
4.2981812	654.99927
4.3020206	660.40973
4.3058601	668.12048
4.3096992	669.55212
4.3135387	669.68555
4.3173782	666.59503
4.3212173	660.62213
4.3250568	659.53369
4.3288963	655.59766
4.3327354	652.52313
4.3365749	653.22961
4.3404144	651.59259
4.3442539	650.73639
4.348093	645.75958
4.3519325	637.27478
4.355772	639.03668
4.3596111	644.90149
4.3634506	652.70172
4.3672901	653.77185
4.3711292	650.48785
4.3749687	651.32074
4.3788082	649.23358
4.3826473	655.15295
4.3864868	650.60107
4.3903263	651.10455
4.3941658	646.82971
4.3980049	645.98456
4.4018444	651.79962
4.4056839	647.25116
4.409523	640.05341
4.4133625	633.50806
4.417202	635.16406
4.4210411	646.76105
4.4248806	649.34766
4.4287201	645.68689
4.4325592	638.09082
4.4363987	637.12531
4.4402382	643.82703
4.4440777	655.09894
4.4479168	655.52539
4.4517563	655.79327
4.4555958	648.27094
4.4594349	647.48346
4.4632744	653.29541
4.4671139	644.79199
4.470953	638.18408
4.4747925	631.81256
4.478632	632.99847
4.4824711	637.02869
4.4863106	643.72485
4.4901501	649.95776
4.4939896	652.02838
4.4978287	656.44
4.5016682	654.12531
4.5055077	654.74066
4.5093468	649.43903
4.5131863	644.50995
4.5170258	646.04437
4.5208649	657.22467
4.5247044	658.81909
4.5285439	654.42078
4.5323833	643.45941
4.5362225	641.08453
4.540062	644.40106
4.5439014	650.67609
4.5477406	652.33362
4.55158	651.70953
4.5554195	650.10175
4.5592587	642.67877
4.5630981	637.6123
4.5669376	640.92853
4.5707767	652.28729
4.5746162	661.91742
4.5784557	664.08575
4.5822952	662.06274
4.5861343	661.3053
4.5899738	659.66266
4.5938133	655.97235
4.5976524	646.11603
4.6014919	641.60907
4.6053314	651.87115
4.6091705	649.04199
4.61301	653.3468
4.6168495	646.1319
4.6206886	644.69006
4.6245281	660.38483
4.6283676	659.01508
4.6322071	660.32587
4.6360462	653.50153
4.6398857	646.97302
4.6437252	645.02893
4.6475643	647.6908
4.6514038	651.47864
4.6552433	654.35327
4.6590824	650.57074
4.6629219	642.36121
4.6667614	643.96637
4.6706005	638.95697
4.67444	634.17096
4.6782795	637.49164
4.682119	635.05548
4.6859581	639.50378
4.6897976	638.50647
4.6936371	632.12018
4.6974762	638.79633
4.7013157	645.8031
4.7051552	644.66895
4.7089943	641.92438
4.7128338	636.64075
4.7166733	634.83997
4.7205124	639.65973
4.7243519	639.36456
4.7281914	636.6947
4.7320309	632.08459
4.73587	638.87482
4.7397095	638.64539
4.743549	637.0929
4.7473881	628.59631
4.7512276	635.29608
4.7550671	642.9881
4.7589062	648.63562
4.7627457	644.01361
4.7665852	632.68555
4.7704243	629.7594
4.7742638	631.64014
4.7781033	634.39978
4.7819427	629.76678
4.7857819	623.88367
4.7896214	616.31744
4.7934608	621.68262
4.7973	630.79669
4.8011395	637.39178
4.8049789	642.45782
4.8088181	643.15887
4.8126575	636.0899
4.816497	636.8241
4.8203365	631.15533
4.8241756	628.59442
4.8280151	632.29456
4.8318546	633.66711
4.8356937	634.2912
4.8395332	636.32391
4.8433727	627.69299
4.8472118	628.1322
4.8510513	624.35309
4.8548908	619.83624
4.8587299	612.53461
4.8625694	612.68988
4.8664089	613.5401
4.8702484	611.95264
4.8740875	615.53827
4.877927	610.45496
4.8817665	615.27448
4.8856056	617.4649
4.8894451	614.14191
4.8932846	619.39197
4.8971237	611.21777
4.9009632	617.21143
4.9048027	615.03668
4.9086418	614.87952
4.9124813	625.13293
4.9163208	624.57416
4.9201603	630.43695
4.9239994	625.26624
4.9278389	620.30621
4.9316784	622.00049
4.9355175	617.57745
4.939357	615.72552
4.9431965	616.85358
4.9470356	612.98834
4.9508751	615.29883
4.9547146	612.48859
4.9585537	609.33521
4.9623932	605.87543
4.9662327	612.26196
4.9700722	616.5293
4.9739113	612.22412
4.9777508	616.3454
4.9815903	608.63965
4.9854294	609.67169
4.9892689	604.1012
4.9931084	603.09918
4.9969475	604.96637
5.000787	617.01965
5.0046265	625.28033
5.0084656	617.6665
5.0123051	617.02289
5.0161446	612.46289
5.0199841	616.96124
5.0238232	616.32281
5.0276627	620.59265
5.0315022	632.38959
5.0353413	641.06604
5.0391808	641.42065
5.0430202	629.04413
5.0468594	616.83606
5.0506989	621.47308
5.0545383	622.62891
5.0583778	622.0094
5.0622169	617.16632
5.0660564	613.06854
5.0698959	612.35999
5.073735	616.96295
5.0775745	618.5694
5.081414	616.3316
5.0852531	610.65839
5.0890926	599.75659
5.0929321	603.22491
5.0967712	605.50757
5.1006107	604.30554
5.1044502	597.91162
5.1082897	592.95306
5.1121288	594.4577
5.1159683	604.38025
5.1198078	602.57263
5.1236469	601.70941
5.1274864	605.29016
5.1313259	611.76874
5.135165	613.48773
5.1390045	609.21368
5.142844	601.49738
5.1466831	597.70544
5.1505226	608.50439
5.1543621	609.34705
5.1582016	618.01678
5.1620407	629.44525
5.1658802	628.01764
5.1697197	621.1687
5.1735588	612.81927
5.1773983	603.05591
5.1812378	605.12305
5.1850769	598.21991
5.1889164	595.87939
5.1927559	584.64984
5.196595	581.91516
5.2004345	590.75763
5.204274	585.61377
5.2081135	594.06299
5.2119526	585.83923
5.2157921	577.97607
5.2196316	579.96313
5.2234707	572.84833
5.2273102	577.08887
5.2311497	571.96423
5.2349888	578.66125
5.2388283	582.39221
5.2426678	586.34937
5.2465069	590.61304
5.2503464	587.64178
5.2541859	591.55035
5.2580254	590.90845
5.2618645	593.80237
5.265704	595.82526
5.2695435	594.67773
5.2733826	602.87842
5.2772221	603.49127
5.2810616	595.7489
5.2849007	589.17767
5.2887402	576.30731
5.2925797	577.60071
5.2964188	591.25525
5.3002583	602.52209
5.3040977	603.62915
5.3079372	605.90326
5.3117764	612.6427
5.3156158	619.48694
5.3194553	620.89844
5.3232944	617.99463
5.3271339	614.18884
5.3309734	613.30328
5.3348125	603.43616
5.338652	602.97522
5.3424915	602.0238
5.346331	608.15259
5.3501701	604.97522
5.3540096	596.90967
5.3578491	593.35132
5.3616882	600.85742
5.3655277	601.69531
5.3693672	604.57666
5.3732063	598.40912
5.3770458	590.63678
5.3808853	599.80029
5.3847244	607.73895
5.3885639	614.12421
5.3924034	614.0058
5.3962429	601.43658
5.400082	593.04523
5.4039215	592.41455
5.407761	598.3454
5.4116001	606.50226
5.4154396	603.93677
5.4192791	597.90479
5.4231182	589.1134
5.4269577	585.54797
5.4307972	592.98871
5.4346363	596.61432
5.4384758	611.86536
5.4423153	600.58264
5.4461548	596.95007
5.4499939	587.89197
5.4538334	580.06903
5.4576729	580.71674
5.461512	583.55096
5.4653515	583.65387
5.469191	590.90045
5.4730301	591.17987
5.4768696	603.05548
5.4807091	604.26636
5.4845482	593.26318
5.4883877	580.71893
5.4922272	575.67676
5.4960667	584.89557
5.4999058	588.76843
5.5037453	585.46375
5.5075848	582.35181
5.5114239	573.4422
5.5152634	575.98816
5.5191029	566.71179
5.522942	578.28625
5.5267815	591.3847
5.530621	595.30963
5.5344601	594.04053
5.5382996	592.04926
5.5421391	590.15759
5.5459785	596.95129
5.5498177	592.84454
5.5536572	583.8385
5.5574966	578.82153
5.5613358	577.77051
5.5651752	580.79736
5.5690147	584.61926
5.5728539	575.65094
5.5766933	561.10864
5.5805328	558.53876
5.5843719	565.09723
5.5882114	590.26111
5.5920509	599.44128
5.5958904	601.84686
5.5997295	600.50745
5.603569	602.5495
5.6074085	598.87024
5.6112476	593.27997
5.6150871	585.59399
5.6189266	575.45453
5.6227657	576.38446
5.6266052	585.24127
5.6304447	590.03815
5.6342842	594.96271
5.6381233	585.33582
5.6419628	588.0235
5.6458023	594.05249
5.6496414	596.92523
5.6534809	594.73132
5.6573204	586.56097
5.6611595	589.34558
5.664999	592.42346
5.6688385	596.36389
5.6726776	586.479
5.6765171	596.91638
5.6803566	597.82898
5.6841961	605.86676
5.6880352	597.32941
5.6918747	584.73309
5.6957142	580.71436
5.6995533	574.41248
5.7033928	571.91406
5.7072323	569.63782
5.7110714	574.96405
5.7149109	577.6062
5.7187504	580.05621
5.7225895	580.17383
5.726429	592.2002
5.7302685	601.51758
5.734108	593.47571
5.7379471	595.6062
5.7417866	582.59955
5.7456261	583.78931
5.7494652	576.13086
5.7533047	578.37549
5.7571442	572.13123
5.7609833	568.36554
5.7648228	564.98566
5.7686623	565.46521
5.7725014	569.39301
5.7763409	581.92017
5.7801804	588.78625
5.7840199	589.21252
5.787859	585.48676
5.7916985	568.41632
5.7955379	568.17181
5.7993771	572.03687
5.8032166	584.42212
5.807056	586.53271
5.8108952	576.26379
5.8147346	568.80206
5.8185741	570.57123
5.8224133	573.42139
5.8262527	575.93414
5.8300922	576.65436
5.8339317	578.5379
5.8377708	577.86206
5.8416103	567.24609
5.8454498	562.41644
5.8492889	570.54187
5.8531284	579.39301
5.8569679	577.82153
5.860807	576.12311
5.8646465	565.89709
5.868486	565.30933
5.8723251	559.60797
5.8761646	560.72272
5.8800041	564.42981
5.8838436	569.90082
5.8876827	571.62543
5.8915222	564.83832
5.8953617	564.00934
5.8992008	556.70697
5.9030403	562.61017
5.9068798	573.02289
5.9107189	583.18927
5.9145584	581.19464
5.9183979	581.97461
5.9222374	585.19781
5.9260765	586.93872
5.929916	583.0108
5.9337555	573.61078
5.9375946	557.41913
5.9414341	554.82678
5.9452736	547.06189
5.9491127	542.45422
5.9529522	526.13147
5.9567917	531.54938
5.9606308	539.66992
5.9644703	557.87646
5.9683098	565.21851
5.9721493	565.69507
5.9759884	563.06604
5.9798279	563.06543
5.9836674	554.06726
5.9875065	560.06134
5.991346	556.65906
5.9951855	559.17212
5.9990246	555.83838
6.0028641	554.15106
6.0067036	562.85168
6.0105427	565.22705
6.0143822	567.03522
6.0182217	559.57349
6.0220612	546.96899
6.0259003	551.94891
6.0297398	554.29816
6.0335793	554.19885
6.0374184	547.37872
6.0412579	539.3905
6.0450974	547.67908
6.0489365	557.75226
6.052776	571.37079
6.0566154	574.04706
6.0604546	571.38568
6.0642941	573.29352
6.0681335	573.28589
6.071973	573.54346
6.0758121	565.57593
6.0796516	568.84723
6.0834911	566.50836
6.0873302	565.90289
6.0911697	568.18127
6.0950092	563.69092
6.0988483	569.5257
6.1026878	562.84375
6.1065273	556.83484
6.1103664	555.82709
6.1142059	565.01697
6.1180454	567.94946
6.1218849	570.47034
6.125724	566.88702
6.1295635	564.60803
6.133403	571.69879
6.1372421	568.9209
6.1410816	574.51404
6.1449211	579.49146
6.1487602	574.92432
6.1525997	576.54413
6.1564392	574.96472
6.1602783	580.25037
6.1641178	580.3363
6.1679573	569.32678
6.1717968	560.71204
6.1756359	566.69684
6.1794754	578.1106
6.1833149	587.01251
6.187154	592.39697
6.1909935	578.43695
6.194833	564.3512
6.1986721	542.76123
6.2025116	542.1192
6.2063511	546.74072
6.2101906	564.54358
6.2140297	576.23914
6.2178692	575.79962
6.2217087	573.12213
6.2255478	554.22351
6.2293873	546.79718
6.2332268	553.65668
6.2370659	555.27002
6.2409054	559.88763
6.2447449	561.26184
6.248584	559.5274
6.2524235	561.94189
6.256263	551.55298
6.2601025	541.47534
6.2639416	543.44727
6.2677811	555.12018
6.2716206	569.4715
6.2754597	578.07928
6.2792992	570.32843
6.2831387	560.69
6.2869778	554.9906
6.2908173	555.6413
6.2946568	554.38837
6.2984959	554.54285
6.3023354	554.04059
6.3061749	555.1333
6.3100143	553.23755
6.3138535	559.21912
6.3176929	555.14551
6.3215324	560.12146
6.3253716	553.49933
6.329211	556.14984
6.3330505	562.67249
6.3368896	557.87854
6.3407291	560.98346
6.3445686	568.26923
6.3484077	581.38306
6.3522472	591.99719
6.3560867	575.27319
6.3599262	567.8407
6.3637653	553.81079
6.3676048	551.87433
6.3714443	549.64838
6.3752834	544.77924
6.3791229	554.40936
6.3829624	555.91876
6.3868015	562.79541
6.390641	560.86993
6.3944805	564.02692
6.3983196	571.11505
6.4021591	565.54333
6.4059982	562.51086
6.4098381	560.61627
6.4136772	551.32898
6.4175163	542.80524
6.4213562	534.83893
6.4251953	532.99683
6.4290352	524.11761
6.4328743	523.73566
6.4367134	525.76959
6.4405533	541.52228
6.4443924	553.27631
6.4482315	549.01324
6.4520714	544.72455
6.4559105	541.64648
6.4597496	535.03833
6.4635895	541.06146
6.4674286	548.9231
6.4712677	549.67456
6.4751076	549.54565
6.4789467	542.92688
6.4827858	545.34015
6.4866257	555.25439
6.4904648	556.40631
6.4943039	558.9314
6.4981438	563.76691
6.5019829	554.31201
6.505822	552.88629
6.5096619	533.55414
6.513501	527.98022
6.5173401	511.65283
6.52118	513.36633
6.5250191	526.83936
6.5288589	538.24493
6.5326981	541.19043
6.5365372	538.31622
6.540377	542.17041
6.5442162	545.9325
6.5480553	551.6908
6.5518951	547.55334
6.5557343	542.7478
6.5595734	543.85364
6.5634132	550.82037
6.5672523	553.03339
6.5710915	551.41766
6.5749313	545.11359
6.5787704	548.25989
6.5826096	561.35034
6.5864494	568.88062
6.5902885	571.15912
6.5941277	564.3222
6.5979675	544.39136
6.6018066	537.76465
6.6056458	529.71753
6.6094856	527.82605
6.6133247	524.84735
6.6171646	530.16736
6.6210037	533.35657
6.6248428	537.73578
6.6286827	535.87457
6.6325218	529.52997
6.6363609	524.48615
6.6402008	531.95917
6.6440399	545.73639
6.647879	550.43878
6.6517189	543.1073
6.655558	531.92517
6.6593971	526.74231
6.663237	535.6076
6.6670761	535.64166
6.6709152	536.43829
6.6747551	532.28894
6.6785942	534.01013
6.6824333	551.73065
6.6862732	562.42822
6.6901123	554.79163
6.6939514	545.51624
6.6977913	533.32117
6.7016304	529.87299
6.7054695	532.36896
6.7093094	531.89502
6.7131485	529.07501
6.7169884	525.2027
6.7208275	528.75958
6.7246666	537.9212
6.7285065	543.81903
6.7323456	541.10748
6.7361847	541.21729
6.7400246	543.71399
6.7438637	541.69092
6.7477028	539.12933
6.7515427	538.52332
6.7553818	535.72614
6.7592209	529.92645
6.7630608	524.22571
6.7668999	533.24744
6.770739	536.97333
6.7745789	533.08795
6.778418	535.61475
6.7822571	537.14185
6.786097	538.71722
6.7899361	529.87372
6.7937752	531.84943
6.7976151	531.02631
6.8014542	528.97437
6.8052933	526.05676
6.8091331	531.97772
6.8129723	538.66199
6.8168121	552.5658
6.8206512	552.40875
6.8244904	546.75732
6.8283302	536.53497
6.8321693	518.50665
6.8360085	511.28812
6.8398483	516.0661
6.8436874	517.21118
6.8475266	522.16614
6.8513664	520.86371
6.8552055	524.69897
6.8590446	531.40796
6.8628845	529.7804
6.8667236	531.68024
6.8705627	521.94397
6.8744026	535.85718
6.8782417	536.6593
6.8820808	545.05927
6.8859207	550.41565
6.8897598	552.92499
6.8935989	552.79645
6.8974388	548.31744
6.9012779	539.63599
6.9051178	532.95166
6.9089569	528.31555
6.912796	524.75952
6.9166359	520.57257
6.920475	522.99719
6.9243141	512.19379
6.928154	521.14636
6.9319931	521.35547
6.9358322	538.91705
6.9396721	546.82849
6.9435112	542.22797
6.9473503	531.33197
6.9511902	520.95398
6.9550293	511.68939
6.9588684	522.47241
6.9627083	512.87244
6.9665474	514.6239
6.9703865	504.06271
6.9742264	505.31891
6.9780655	511.76315
6.9819046	529.80505
6.9857445	541.26575
6.9895836	552.61646
6.9934227	541.02411
6.9972626	534.0058
7.0011017	524.44946
7.0049416	520.45038
7.0087807	518.10809
7.0126198	515.50824
7.0164597	512.78107
7.0202988	510.32117
7.0241379	507.90881
7.0279778	520.59021
7.0318169	542.72504
7.035656	548.85596
7.0394958	543.18726
7.043335	529.64471
7.0471741	530.06299
7.0510139	526.40521
7.0548531	519.50836
7.0586922	519.32037
7.062532	521.71088
7.0663712	525.76709
7.0702103	517.70483
7.0740501	518.71649
7.0778893	515.60974
7.0817284	520.47839
7.0855682	527.37561
7.0894073	540.58502
7.0932465	544.09198
7.0970863	532.43213
7.1009254	521.86597
7.1047653	527.1167
7.1086044	537.77734
7.1124435	524.49927
7.1162834	518.67218
7.1201225	511.64877
7.1239616	522.43384
7.1278015	530.79071
7.1316406	520.13098
7.1354797	508.90927
7.1393196	510.09683
7.1431587	513.61194
7.1469978	520.35864
7.1508377	513.03638
7.1546768	504.13086
7.1585159	508.12408
7.1623558	514.73798
7.1661949	521.45184
7.170034	516.01508
7.1738739	505.55927
7.177713	495.60333
7.1815521	496.08987
7.185392	494.71652
7.1892311	498.90607
7.193071	511.88397
7.1969101	518.08655
7.2007492	523.07629
7.2045891	517.99561
7.2084282	506.47333
7.2122673	503.07404
7.2161072	498.12512
7.2199463	511.42923
7.2237854	525.40277
7.2276253	526.78369
7.2314644	524.74982
7.2353035	517.48315
7.2391434	523.7746
7.2429825	524.68176
7.2468216	515.50977
7.2506615	509.68341
7.2545006	516.68231
7.2583397	517.48993
7.2621796	520.94049
7.2660187	516.91852
7.2698578	522.69354
7.2736977	527.02911
7.2775368	517.73431
7.2813759	510.57043
7.2852158	511.92587
7.2890549	521.94696
7.2928947	535.86304
7.2967339	540.7204
7.300573	535.43414
7.3044128	532.50159
7.308252	516.41809
7.3120911	504.02716
7.3159309	506.14941
7.3197701	509.30618
7.3236092	513.98798
7.327449	508.93829
7.3312881	505.80951
7.3351273	503.19904
7.3389671	497.2149
7.3428062	500.5217
7.3466454	501.56531
7.3504852	514.86469
7.3543243	508.34778
7.3581635	507.53006
7.3620033	487.21683
7.3658424	485.56348
7.3696815	496.0032
7.3735214	520.10406
7.3773605	526.92529
7.3811996	507.70364
7.3850395	481.35748
7.3888786	474.23334
7.3927185	482.86185
7.3965576	501.35339
7.4003967	510.37109
7.4042366	508.34543
7.4080757	510.40686
7.4119148	513.19147
7.4157547	513.45569
7.4195938	509.66214
7.4234329	505.13458
7.4272728	495.94708
7.4311119	497.45435
7.434951	494.36093
7.4387909	492.7886
7.44263	496.80307
7.4464691	499.88373
7.450309	509.5701
7.4541481	498.05463
7.4579872	488.86044
7.4618271	489.82016
7.4656662	494.10898
7.4695053	493.18256
7.4733452	491.31006
7.4771843	500.27628
7.4810242	511.77228
7.4848633	513.32074
7.4887024	504.38394
7.4925423	502.30865
7.4963814	509.15756
7.5002205	509.89883
7.5040604	501.21677
7.5078995	489.86807
7.5117386	481.59277
7.5155785	485.5191
7.5194176	492.92856
7.5232567	507.84314
7.5270966	508.78018
7.5309357	508.22348
7.5347748	500.8511
7.5386147	491.59781
7.5424538	481.11139
7.5462929	472.20969
7.5501328	475.90491
7.5539719	479.41696
7.557811	486.28043
7.5616508	492.40836
7.56549	493.67441
7.5693291	498.78549
7.5731689	490.62485
7.5770081	502.28854
7.5808479	494.461
7.584687	488.8634
7.5885262	485.6781
7.592366	480.18195
7.5962051	479.67831
7.6000443	474.98785
7.6038841	478.5737
7.6077232	490.47629
7.6115623	504.42996
7.6154022	505.72958
7.6192413	507.25043
7.6230804	497.4765
7.6269203	500.98718
7.6307594	498.02985
7.6345985	498.0087
7.6384384	488.44684
7.6422775	487.6608
7.6461166	491.9585
7.6499565	498.76715
7.6537956	497.5687
7.6576347	493.41037
7.6614746	484.62418
7.6653137	498.37335
7.6691528	505.07693
7.6729927	518.65936
7.6768318	509.70779
7.6806717	502.74551
7.6845108	488.01456
7.6883499	481.82901
7.6921898	479.13217
7.6960289	478.80417
7.699868	485.0368
7.7037079	491.58951
7.707547	501.53
7.7113861	494.47339
7.715226	478.38351
7.7190651	470.64911
7.7229042	470.62802
7.7267441	480.53671
7.7305832	488.25031
7.7344223	491.68494
7.7382622	489.29358
7.7421013	487.12677
7.7459404	488.95471
7.7497803	488.74442
7.7536194	484.79996
7.7574585	475.13916
7.7612984	473.23755
7.7651375	475.27362
7.7689774	469.56375
7.7728165	472.92377
7.7766556	476.39633
7.7804955	481.77539
7.7843346	476.09888
7.7881737	471.52509
7.7920135	460.51907
7.7958527	467.64624
7.7996918	465.99628
7.8035316	487.30902
7.8073708	491.65918
7.8112099	491.78726
7.8150497	483.18646
7.8188889	478.04968
7.822728	481.30341
7.8265678	488.70682
7.830407	478.84424
7.8342461	470.95483
7.8380859	462.87488
7.841925	470.20966
7.8457642	480.08594
7.849604	485.14832
7.8534431	485.1839
7.8572823	477.88412
7.8611221	473.18286
7.8649612	477.41455
7.8688011	488.41299
7.8726402	491.26913
7.8764793	489.95993
7.8803192	489.68326
7.8841583	480.84698
7.8879974	480.28156
7.8918373	472.49741
7.8956764	480.04593
7.8995155	475.25006
7.9033554	471.69675
7.9071945	469.49258
7.9110336	472.63806
7.9148735	468.13455
7.9187126	473.16489
7.9225517	473.81204
7.9263916	474.28522
7.9302307	474.38348
7.9340698	476.92627
7.9379097	496.31616
7.9417488	493.29874
7.9455879	484.32385
7.9494278	471.56906
7.9532669	461.63171
7.957106	458.14108
7.9609459	453.2551
7.964785	450.59982
7.9686249	452.43155
7.972464	447.20331
7.9763031	455.24838
7.980143	464.2955
7.9839821	475.38
7.9878212	475.45618
7.9916611	465.04776
7.9955002	462.50671
7.9993393	461.9888
8.0031792	477.68835
8.0070183	474.8136
8.0108574	472.13113
8.0146973	451.03848
8.0185364	448.34271
8.0223755	454.17273
8.0262154	469.18069
8.0300545	484.49847
8.0338936	484.89474
8.0377335	485.47534
8.0415726	484.00964
8.0454117	471.71378
8.0492516	458.5116
8.0530907	450.44525
8.0569305	468.44678
8.0607697	483.76279
8.0646088	489.94147
8.0684486	487.84229
8.0722878	481.25711
8.0761269	473.67981
8.0799667	467.43857
8.0838058	470.79959
8.087645	476.13333
8.0914848	482.50079
8.0953239	474.84351
8.0991631	472.04416
8.1030029	471.70892
8.106842	477.31223
8.1106812	475.64297
8.114521	469.02573
8.1183601	460.64359
8.1221992	454.40649
8.1260391	451.10999
8.1298782	460.8989
8.1337173	469.75879
8.1375572	477.99976
8.1413963	477.25964
8.1452354	469.23999
8.1490753	469.87289
8.1529144	458.79477
8.1567543	466.97897
8.1605934	460.48511
8.1644325	463.41418
8.1682724	466.99142
8.1721115	483.78528
8.1759506	493.89233
8.1797905	485.86151
8.1836296	469.25839
8.1874687	465.47601
8.1913086	470.90051
8.1951477	464.07892
8.1989868	451.63162
8.2028267	440.70111
8.2066658	450.35663
8.2105049	466.07404
8.2143448	476.6416
8.2181839	471.99475
8.222023	464.51117
8.2258629	474.3092
8.229702	485.20154
8.2335411	489.07031
8.237381	476.37521
8.2412201	472.37158
8.2450592	466.13702
8.2488991	452.64841
8.2527382	457.1394
8.2565781	461.40671
8.2604172	478.10419
8.2642563	465.5401
8.2680962	465.92041
8.2719353	462.36465
8.2757744	472.34985
8.2796143	471.16736
8.2834534	462.29303
8.2872925	456.0278
8.2911324	451.20245
8.2949715	468.81464
8.2988106	470.79929
8.3026505	472.83096
8.3064896	463.07327
8.3103287	469.13641
8.3141685	478.39941
8.3180077	490.11716
8.3218468	488.46985
8.3256866	473.16827
8.3295258	463.34964
8.3333649	464.40659
8.3372047	459.37378
8.3410439	460.32812
8.3448837	467.10547
8.3487228	475.70999
8.352562	470.2554
8.3564018	466.62524
8.3602409	462.35934
8.36408	461.70844
8.3679199	453.06119
8.371759	456.23502
8.3755981	455.7692
8.379438	455.7243
8.3832771	468.14813
8.3871162	477.03168
8.3909561	475.31311
8.3947952	472.23715
8.3986343	461.53094
8.4024742	463.72141
8.4063133	455.80481
8.4101524	446.3938
8.4139923	452.10593
8.4178314	448.07898
8.4216705	457.59808
8.4255104	447.54416
8.4293495	446.98499
8.4331886	450.2626
8.4370285	444.05267
8.4408676	439.59946
8.4447075	442.33154
8.4485466	459.17346
8.4523857	479.57516
8.4562256	489.81445
8.4600647	496.6965
8.4639038	490.23401
8.4677437	486.36029
8.4715828	472.79224
8.4754219	462.4028
8.4792618	465.49863
8.4831009	475.44025
8.48694	475.54318
8.4907799	452.65231
8.494619	436.84763
8.4984581	439.05505
8.502298	441.33224
8.5061371	440.37878
8.5099762	438.55206
8.5138161	445.94666
8.5176552	447.02084
8.5214943	441.134
8.5253342	437.8447
8.5291733	443.62756
8.5330124	459.28488
8.5368523	468.54694
8.5406914	471.67407
8.5445312	462.18173
8.5483704	452.35333
8.5522095	436.65878
8.5560493	432.80429
8.5598885	443.07776
8.5637276	462.30881
8.5675674	462.85614
8.5714066	457.83423
8.5752457	436.6532
8.5790855	441.4837
8.5829247	450.34534
8.5867638	451.70093
8.5906036	443.3902
8.5944427	433.22482
8.5982819	445.08011
8.6021217	462.55283
8.6059608	475.47162
8.6098	475.90439
8.6136398	465.91641
8.6174789	454.23453
8.6213181	446.76071
8.6251579	449.15646
8.628997	444.34784
8.6328369	452.47882
8.636676	458.27097
8.6405151	443.63678
8.644355	445.6221
8.6481941	448.90134
8.6520332	479.54779
8.6558731	469.48138
8.6597122	466.17987
8.6635513	444.97736
8.6673912	430.60541
8.6712303	417.47852
8.6750694	418.89993
8.6789093	448.70908
8.6827484	469.67755
8.6865875	465.05685
8.6904274	438.43903
8.6942665	422.15051
8.6981056	415.05258
8.7019455	408.27142
8.7057846	419.44727
8.7096237	436.18066
8.7134636	442.72986
8.7173027	434.22147
8.7211418	434.87469
8.7249817	432.65564
8.7288208	423.92401
8.7326607	429.073
8.7364998	432.35367
8.7403389	435.2034
8.7441788	431.3761
8.7480179	442.38083
8.751857	438.18317
8.7556969	451.83023
8.759536	455.83295
8.7633751	465.96228
8.767215	449.08078
8.7710541	452.06717
8.7748932	447.52762
8.7787331	454.83829
8.7825722	461.71393
8.7864113	490.35699
8.7902512	497.12686
8.7940903	466.45499
8.7979294	443.61099
8.8017693	442.61371
8.8056084	454.83905
8.8094475	458.47037
8.8132874	460.08438
8.8171265	463.11368
8.8209656	467.89117
8.8248055	456.2464
8.8286446	467.81097
8.8324844	457.13535
8.8363235	453.38123
8.8401627	438.4455
8.8440025	436.60431
8.8478416	437.44235
8.8516808	422.42639
8.8555206	408.24762
8.8593597	402.55133
8.8631989	415.60867
8.8670387	432.74359
8.8708778	435.35651
8.8747169	439.61774
8.8785568	449.56406
8.8823959	456.16382
8.886235	445.00641
8.8900749	433.88287
8.893914	439.58502
8.8977531	451.90305
8.901593	457.38281
8.9054321	454.02951
8.9092712	444.9184
8.9131111	435.85318
8.9169502	423.79086
8.9207901	416.46252
8.9246292	421.85693
8.9284683	432.36328
8.9323082	437.39221
8.9361473	444.43701
8.9399864	445.84479
8.9438263	457.37326
8.9476654	453.51865
8.9515045	439.35684
8.9553444	416.90112
8.9591835	402.8851
8.9630226	414.33405
8.9668625	420.35202
8.9707016	436.9361
8.9745407	439.32816
8.9783806	438.35522
8.9822197	427.42807
8.9860588	429.50266
8.9898987	437.03201
8.9937378	434.95215
8.9975769	438.06436
9.0014168	442.1391
9.0052559	448.92572
9.009095	429.79852
9.0129349	427.46179
9.016774	428.60196
9.0206139	434.61453
9.024453	427.08951
9.0282921	425.04474
9.032132	427.97311
9.0359711	430.91608
9.0398102	423.86374
9.0436501	430.95074
9.0474892	431.80771
9.0513283	439.95126
9.0551682	426.98273
9.0590073	434.18668
9.0628464	430.96552
9.0666862	430.58478
9.0705254	424.04901
9.0743645	439.45004
9.0782043	448.21237
9.0820435	442.59161
9.0858826	435.70792
9.0897224	426.78949
9.0935616	434.74948
9.0974007	445.94589
9.1012405	462.15381
9.1050797	450.5882
9.1089188	435.46762
9.1127586	440.9931
9.1165977	451.41742
9.1204376	456.95764
9.1242767	452.10294
9.1281158	447.57315
9.1319557	431.22144
9.1357948	427.1817
9.1396339	428.78058
9.1434738	420.21027
9.1473129	419.67087
9.151152	419.66196
9.1549919	433.20932
9.158831	435.48862
9.1626701	442.97672
9.16651	453.86633
9.1703491	450.14883
9.1741882	437.88144
9.1780281	430.09824
9.1818672	427.06619
9.1857063	427.93945
9.1895462	419.7662
9.1933853	421.77661
9.1972244	420.63141
9.2010643	430.07196
9.2049034	440.63089
9.2087433	438.38953
9.2125824	437.42551
9.2164215	438.66776
9.2202614	429.94254
9.2241005	417.146
9.2279396	407.36172
9.2317795	411.38934
9.2356186	420.23001
9.2394577	425.35733
9.2432976	440.19931
9.2471367	449.50793
9.2509758	440.59433
9.2548157	433.07764
9.2586548	413.7912
9.2624939	415.77274
9.2663338	406.92395
9.2701729	416.15436
9.274012	424.04486
9.2778519	438.83981
9.281691	447.52347
9.2855301	452.34088
9.28937	457.11539
9.2932091	454.14563
9.2970482	448.20874
9.3008881	439.02808
9.3047272	435.78976
9.308567	428.89709
9.3124062	435.07031
9.3162453	439.98627
9.3200851	449.48865
9.3239243	467.54831
9.3277634	460.6373
9.3316032	440.69501
9.3354424	434.44086
9.3392815	442.47174
9.3431213	437.42404
9.3469604	427.33478
9.3507996	437.33807
9.3546394	445.67624
9.3584785	435.72015
9.3623177	419.61124
9.3661575	425.89398
9.3699966	427.00769
9.3738358	434.31216
9.3776756	437.56775
9.3815147	440.59399
9.3853539	428.31171
9.3891937	421.26404
9.3930328	424.88321
9.3968719	435.88635
9.4007118	438.3678
9.4045509	448.3454
9.4083908	455.09134
9.4122299	448.20468
9.416069	436.31088
9.4199089	436.10632
9.423748	440.44333
9.4275871	435.92093
9.431427	436.5441
9.4352661	440.14963
9.4391052	450.5285
9.4429451	428.64676
9.4467842	421.90155
9.4506233	417.81268
9.4544632	429.14706
9.4583023	431.01614
9.4621414	430.17456
9.4659813	431.26236
9.4698204	431.87329
9.4736595	422.36627
9.4774994	425.9379
9.4813385	414.59857
9.4851776	417.08209
9.4890175	411.77527
9.4928566	419.26752
9.4966965	430.4606
9.5005356	438.66058
9.5043747	441.43661
9.5082146	449.2746
9.5120537	435.66629
9.5158928	429.50085
9.5197327	419.55896
9.5235718	438.05304
9.5274109	427.81412
9.5312508	437.38889
9.5350899	438.20132
9.538929	440.30981
9.5427689	434.41235
9.546608	428.38623
9.5504471	439.20258
9.554287	443.01321
9.5581261	440.95825
9.5619652	419.66769
9.5658051	427.01999
9.5696442	442.20453
9.5734833	435.99377
9.5773232	435.69373
9.5811623	445.67209
9.5850014	465.3591
9.5888412	459.86469
9.5926804	452.52661
9.5965202	441.78165
9.6003593	440.90063
9.6041985	450.61325
9.6080383	450.33121
9.6118774	466.06317
9.6157166	472.89145
9.6195564	480.34863
9.6233955	460.17569
9.6272346	443.74344
9.6310745	433.59515
9.6349136	444.15894
9.6387527	454.27963
9.6425926	461.69061
9.6464317	452.92374
9.6502708	450.53412
9.6541107	454.49301
9.6579498	464.62903
9.6617889	454.48752
9.6656288	441.82397
9.6694679	428.75989
9.673307	443.51913
9.6771469	443.10242
9.680986	445.0434
9.6848251	443.4765
9.688665	444.04715
9.6925041	435.93353
9.696344	420.87418
9.7001831	411.09409
9.7040222	415.45151
9.7078621	415.50021
9.7117012	421.97903
9.7155403	431.19257
9.7193802	447.46152
9.7232193	453.41373
9.7270584	430.52979
9.7308983	424.20822
9.7347374	424.98434
9.7385765	443.86905
9.7424164	455.31796
9.7462555	442.95795
9.7500946	434.23401
9.7539345	422.59277
9.7577736	425.95526
9.7616127	435.50626
9.7654526	431.34708
9.7692917	436.69327
9.7731308	442.87466
9.7769707	433.92926
9.7808098	433.68008
9.7846497	432.71518
9.7884888	452.58255
9.7923279	445.74698
9.7961678	436.31778
9.8000069	424.67575
9.803846	428.43274
9.8076859	440.63489
9.811525	454.41336
9.8153641	450.68405
9.8192039	443.03049
9.8230431	428.59094
9.8268822	410.78683
9.830722	415.9949
9.8345612	425.11804
9.8384003	431.31683
9.8422401	439.08316
9.8460793	428.51614
9.8499184	430.41705
9.8537582	425.88559
9.8575974	437.35629
9.8614365	435.75006
9.8652763	436.27286
9.8691154	425.33612
9.8729546	423.25638
9.8767944	442.85321
9.8806335	452.04602
9.8844734	449.33197
9.8883125	446.35257
9.8921516	442.95013
9.8959915	438.9418
9.8998306	434.78406
9.9036697	434.34573
9.9075096	423.26025
9.9113487	426.65717
9.9151878	428.32614
9.9190277	431.95367
9.9228668	409.57132
9.9267059	410.3649
9.9305458	406.34448
9.9343849	414.04483
9.938224	412.42145
9.9420639	417.32239
9.945903	425.53912
9.9497421	446.77707
9.953582	455.84085
9.9574211	455.85565
9.9612602	445.54944
9.9651001	430.93726
9.9689392	428.63687
9.9727791	435.65625
9.9766182	454.8559
9.9804573	457.7226
9.9842972	447.79282
9.9881363	447.28436
9.9919754	436.82944
9.9958153	435.29742
9.9996544	424.38806
10.003493	437.36093
10.007333	439.54068
10.011172	437.20752
10.015012	427.79535
10.018851	433.53372
10.022691	439.41559
10.02653	441.4541
10.03037	427.45773
10.034209	425.01035
10.038048	438.39188
10.041888	442.68182
10.045727	422.25919
10.049566	408.29352
10.053406	408.52878
10.057245	431.42776
10.061084	431.72882
10.064924	426.04175
10.068763	432.85422
10.072603	425.95483
10.076442	417.57114
10.080281	417.29105
10.084121	423.242
10.08796	434.48248
10.091799	466.01431
10.095639	468.13718
10.099478	460.49814
10.103317	449.11536
10.107157	447.65527
10.110996	433.35764
10.114835	431.54126
10.118675	447.92691
10.122514	456.54379
10.126353	457.1452
10.130193	442.8522
10.134032	443.78857
10.137872	440.91663
10.141711	431.68808
10.145551	425.61743
10.14939	416.14883
10.15323	401.15051
10.157069	391.97995
10.160908	387.74365
10.164748	408.76172
10.168587	404.85422
10.172427	423.18878
10.176266	422.93317
10.180105	436.36044
10.183945	426.63959
10.187784	410.02722
10.191623	414.80231
10.195463	436.58344
10.199302	454.21399
10.203141	451.84464
10.206981	445.9361
10.21082	432.55252
10.214659	417.81506
10.218499	423.05255
10.222338	431.46579
10.226177	439.30591
10.230017	444.9259
10.233856	449.97629
10.237695	442.66989
10.241535	429.86685
10.245374	427.38638
10.249213	427.44495
10.253053	419.8649
10.256892	432.33466
10.260732	441.4075
10.264571	444.75613
10.26841	434.3418
10.27225	430.38348
10.276089	436.3855
10.279929	453.591
10.283768	457.28638
10.287608	442.95175
10.291447	430.43393
10.295287	430.04608
10.299126	432.72791
10.302965	423.21851
10.306805	424.97946
10.310644	444.95099
10.314483	455.82187
10.318323	457.61829
10.322162	439.65283
10.326001	428.1619
10.329841	423.39502
10.33368	429.9949
10.337519	424.93491
10.341359	413.91327
10.345198	412.59793
10.349037	416.12003
10.352877	399.55038
10.356716	409.90594
10.360556	432.52185
10.364395	436.21152
10.368234	421.24835
10.372074	409.34653
10.375913	413.20422
10.379752	414.30493
10.383592	410.36328
10.387431	420.58121
10.39127	415.40881
10.39511	415.17178
10.398949	411.59616
10.402789	414.45746
10.406628	425.1557
10.410468	422.09872
10.414307	429.27682
10.418147	423.83023
10.421986	427.64545
10.425825	428.85062
10.429665	432.65582
10.433504	431.65295
10.437343	438.02942
10.441183	441.17953
10.445022	440.93088
10.448861	446.62943
10.452701	452.52676
10.45654	441.31387
10.46038	444.45792
10.464219	436.63446
10.468058	433.10748
10.471898	423.32758
10.475737	434.00775
10.479576	429.64398
10.483416	430.99637
10.487255	435.81949
10.491094	437.4162
10.494934	419.36111
10.498773	421.94241
10.502612	424.94287
10.506452	447.74857
10.510291	437.9892
10.51413	419.20432
10.51797	411.58765
10.521809	436.65329
10.525648	448.23267
10.529488	448.69244
10.533327	438.02338
10.537167	431.70834
10.541006	435.71167
10.544846	443.08524
10.548685	448.71289
10.552525	450.96936
10.556364	458.00418
10.560204	463.70529
10.564043	463.31009
10.567882	462.93509
10.571722	453.45529
10.575561	461.71976
10.5794	465.64331
10.58324	467.33908
10.587079	457.93216
10.590918	423.47919
10.594758	432.99142
10.598597	444.69763
10.602436	445.43332
10.606276	442.68103
10.610115	460.80045
10.613954	453.83054
10.617794	442.28226
10.621633	413.33701
10.625472	427.91434
10.629312	449.5936
10.633151	455.18176
10.63699	440.96487
10.64083	439.58829
10.644669	439.84357
10.648509	429.71112
10.652348	419.5798
10.656187	425.80536
10.660027	420.89273
10.663866	407.55203
10.667706	412.27942
10.671545	420.34473
10.675385	411.64276
10.679224	407.32339
10.683064	431.70898
10.686903	443.37277
10.690742	450.6355
10.694582	430.12845
10.698421	414.73883
10.70226	413.38705
10.7061	411.20898
10.709939	410.48981
10.713778	418.44843
10.717618	429.86963
10.721457	435.92203
10.725296	427.18811
10.729136	402.78836
10.732975	402.28296
10.736814	413.98514
10.740654	417.36526
10.744493	425.50922
10.748333	441.84772
10.752172	455.23029
10.756011	436.798
10.759851	414.46021
10.76369	423.6319
10.767529	423.3399
10.771369	416.74893
10.775208	402.23697
10.779047	402.81113
10.782887	393.86755
10.786726	395.33673
10.790565	415.95712
10.794405	439.20981
10.798244	442.63321
10.802084	441.97766
10.805923	441.71832
10.809763	428.87479
10.813602	414.48874
10.817442	418.0675
10.821281	436.26743
10.82512	444.55948
10.82896	447.36533
10.832799	426.35019
10.836639	449.98111
10.840478	463.66348
10.844317	466.36343
10.848157	435.92316
10.851996	424.20129
10.855835	423.92633
10.859675	428.49362
10.863514	416.21057
10.867353	420.93558
10.871193	429.54135
10.875032	452.78378
10.878871	460.64984
10.882711	446.26715
10.88655	445.16003
10.890389	450.32977
10.894229	443.7735
10.898068	431.7294
10.901907	429.67526
10.905747	438.61139
10.909586	438.85956
10.913425	438.1843
10.917265	428.74829
10.921104	415.16907
10.924944	420.14856
10.928783	440.21118
10.932623	437.96109
10.936462	447.61343
10.940302	440.54303
10.944141	432.45752
10.94798	423.72821
10.95182	401.96088
10.955659	392.92859
10.959499	403.34412
10.963338	438.25693
10.967177	457.71762
10.971017	441.15485
10.974856	440.54651
10.978695	437.4697
10.982535	416.29633
10.986374	400.41559
10.990213	406.69443
10.994053	433.83765
10.997892	457.09528
11.001731	468.68835
11.005571	473.76413
11.00941	480.87286
11.013249	489.35626
11.017089	467.38803
11.020928	432.57596
11.024767	430.51855
11.028607	448.31079
11.032446	452.30075
11.036286	443.17108
11.040125	432.18692
11.043964	429.50909
11.047804	438.85071
11.051643	439.87845
11.055482	431.1926
11.059322	444.28558
11.063161	461.26727
11.067001	453.58536
11.07084	437.47995
11.07468	449.32773
11.078519	461.88379
11.082359	464.86008
11.086198	451.94684
11.090037	441.04932
11.093877	433.52322
11.097716	424.97708
11.101555	414.62671
11.105395	417.05655
11.109234	420.2966
11.113073	405.93051
11.116913	385.30319
11.120752	395.95035
11.124592	407.49048
11.128431	411.25583
11.13227	416.82214
11.13611	446.63892
11.139949	452.22437
11.143788	431.94733
11.147628	433.68515
11.151467	455.6445
11.155306	454.67462
11.159146	424.90915
11.162985	410.13211
11.166824	428.35626
11.170664	429.45563
11.174503	413.88651
11.178342	413.67117
11.182182	427.54541
11.186021	427.11285
11.189861	432.12518
11.1937	432.05261
11.19754	430.16617
11.201379	428.47992
11.205219	435.40384
11.209058	432.56622
11.212897	408.67636
11.216737	402.43723
11.220576	417.36026
11.224416	440.93311
11.228255	442.42386
11.232094	411.66431
11.235934	398.22754
11.239773	425.43802
11.243612	431.47729
11.247452	430.8576
11.251291	423.98788
11.25513	413.92883
11.25897	419.22748
11.262809	417.11005
11.266648	408.41867
11.270488	420.20312
11.274327	423.14365
11.278166	431.04608
11.282006	426.80688
11.285845	410.02048
11.289684	390.58374
11.293524	392.06528
11.297363	435.64084
11.301202	455.65106
11.305042	456.85223
11.308881	439.45462
11.31272	427.41623
11.31656	428.79901
11.320399	463.59668
11.324239	457.97964
11.328078	462.51205
11.331918	454.15182
11.335757	451.94296
11.339597	452.52591
11.343436	461.06857
11.347276	467.57254
11.351115	453.27649
11.354954	440.64975
11.358794	438.77966
11.362633	426.49005
11.366472	416.20432
11.370312	430.98605
11.374151	444.11258
11.37799	454.97095
11.38183	453.17593
11.385669	438.86746
11.389508	416.54532
11.393348	398.42102
11.397187	422.34143
11.401026	435.02054
11.404866	429.37811
11.408705	412.63379
11.412545	430.82803
11.416384	454.26456
11.420223	448.4437
11.424063	457.40079
11.427902	483.79413
11.431741	476.74359
11.435581	451.66946
11.43942	443.24173
11.443259	435.11575
11.447099	432.56403
11.450938	431.11209
11.454778	440.93631
11.458617	451.68292
11.462457	436.13733
11.466296	418.09009
11.470135	416.49734
11.473975	404.68918
11.477814	405.40637
11.481654	429.96506
11.485493	442.29889
11.489332	447.36359
11.493172	447.49295
11.497011	435.7366
11.50085	407.35876
11.50469	413.3931
11.508529	432.2106
11.512369	433.00546
11.516208	427.50662
11.520047	437.22983
11.523887	463.59528
11.527726	452.53564
11.531565	415.11035
11.535405	393.69608
11.539244	378.03296
11.543083	396.69031
11.546923	422.65976
11.550762	422.11227
11.554601	426.75269
11.558441	440.01102
11.56228	448.62653
11.566119	424.69302
11.569959	393.95499
11.573798	383.76025
11.577637	386.01062
11.581477	399.52151
11.585316	419.16824
11.589156	438.41098
11.592995	437.85406
11.596835	421.64594
11.600674	412.11029
11.604514	423.00098
11.608353	431.50879
11.612193	458.55902
11.616032	459.86557
11.619871	404.32819
11.623711	360.3829
11.62755	354.80496
11.631389	364.9512
11.635229	396.46423
11.639068	418.21399
11.642907	420.40591
11.646747	428.87112
11.650586	442.21255
11.654425	461.44107
11.658265	487.53336
11.662104	485.16214
11.665943	461.64694
11.669783	442.07382
11.673622	442.60178
11.677461	439.2204
11.681301	438.66171
11.68514	476.18137
11.688979	497.96545
11.692819	475.36401
11.696658	460.4856
11.700498	472.10388
11.704337	471.43701
11.708176	453.10892
11.712016	453.25702
11.715855	476.78925
11.719695	483.13107
11.723534	476.01019
11.727374	455.30466
11.731213	452.73367
11.735052	455.46738
11.738892	454.38586
11.742731	467.81177
11.746571	502.95303
11.75041	494.00797
11.754249	478.57648
11.758089	466.88226
11.761928	454.95087
11.765767	447.02969
11.769607	444.5434
11.773446	461.79034
11.777285	479.52945
11.781125	458.13596
11.784964	467.37473
11.788803	483.98099
11.792643	470.22629
11.796482	466.67221
11.800322	470.83945
11.804161	476.21786
11.808	469.80331
11.81184	454.91266
11.815679	447.54865
11.819518	453.74451
11.823358	467.65976
11.827197	463.4711
11.831036	464.31992
11.834876	474.70023
11.838715	474.67889
11.842554	465.01608
11.846394	467.24963
11.850233	460.11478
11.854073	460.94022
11.857912	469.68515
11.861752	467.95111
11.865591	488.71585
11.869431	486.70041
11.87327	469.45737
11.877109	447.26666
11.880949	453.64517
11.884788	450.13031
11.888627	457.34323
11.892467	464.9603
11.896306	460.57556
11.900146	451.53809
11.903985	435.47556
11.907824	446.95383
11.911664	463.69211
11.915503	463.57037
11.919342	459.42355
11.923182	439.99442
11.927021	430.79037
11.93086	462.75851
11.9347	469.04092
11.938539	454.29169
11.942378	454.97455
11.946218	444.53415
11.950057	447.11542
11.953896	470.19974
11.957736	463.69476
11.961575	463.69043
11.965414	452.8779
11.969254	455.62338
11.973093	464.35684
11.976933	437.52045
11.980772	431.75964
11.984612	445.21741
11.988451	461.98859
11.99229	466.07077
11.99613	470.91391
11.999969	465.87735
12.003809	456.21387
12.007648	444.32077
12.011488	439.98459
12.015327	439.26364
12.019166	460.13644
12.023006	456.76053
12.026845	449.78934
12.030684	487.43793
12.034524	483.31415
12.038363	459.58487
12.042202	451.53171
12.046042	425.98602
12.049881	444.29102
12.05372	465.04556
12.05756	463.72623
12.061399	445.6962
12.065238	425.98245
12.069078	414.9017
12.072917	433.38785
12.076756	453.3959
12.080596	460.60098
12.084435	462.07037
12.088275	467.2247
12.092114	467.3476
12.095953	443.14478
12.099793	428.70905
12.103632	440.47247
12.107471	482.43521
12.111311	494.36597
12.11515	473.90219
12.11899	468.52609
12.122829	481.75668
12.126669	471.76645
12.130508	446.92993
12.134348	460.79614
12.138187	443.64395
12.142026	434.03461
12.145866	463.44904
12.149705	461.00061
12.153544	434.78223
12.157384	424.67917
12.161223	455.42642
12.165062	476.26559
12.168902	472.85147
12.172741	482.07297
12.17658	490.78775
12.18042	482.75543
12.184259	483.70984
12.188099	488.80167
12.191938	480.52219
12.195777	483.17261
12.199617	468.53091
12.203456	429.04178
12.207295	410.06693
12.211135	415.30319
12.214974	411.17236
12.218813	433.98187
12.222653	462.72208
12.226492	460.60986
12.230331	451.72546
12.234171	435.53043
12.23801	426.45969
12.24185	425.90869
12.245689	405.92419
12.249529	431.05716
12.253368	456.23306
12.257207	462.24551
12.261047	457.31839
12.264886	424.4805
12.268726	422.91312
12.272565	454.09796
12.276405	479.38263
12.280244	486.79077
12.284083	500.13519
12.287923	485.30121
12.291762	440.56683
12.295601	434.55118
12.299441	441.2991
12.30328	433.59613
12.307119	435.75711
12.310959	433.22568
12.314798	417.84561
12.318637	405.78842
12.322477	412.36481
12.326316	441.1857
12.330155	428.90878
12.333995	420.89999
12.337834	431.00183
12.341673	454.27017
12.345513	455.42102
12.349352	436.76306
12.353191	413.77417
12.357031	414.03696
12.36087	441.04523
12.364709	488.59262
12.368549	501.9501
12.372388	460.83646
12.376228	430.95294
12.380067	437.89273
12.383907	467.02991
12.387746	492.83566
12.391586	465.54965
12.395425	445.673
12.399265	461.64151
12.403104	456.6203
12.406943	458.17297
12.410783	466.34436
12.414622	479.68542
12.418461	470.85263
12.422301	443.41083
12.42614	425.23196
12.429979	443.46494
12.433819	429.26575
12.437658	415.89926
12.441497	423.77219
12.445337	431.18851
12.449176	449.41293
12.453015	448.96091
12.456855	438.11887
12.460694	458.67477
12.464533	485.05011
12.468373	469.66568
12.472212	457.71664
12.476052	478.51108
12.479891	460.68262
12.48373	442.47366
12.48757	443.54037
12.491409	435.9324
12.495248	444.00867
12.499088	454.75961
12.502927	444.10379
12.506767	434.23627
12.510606	445.73206
12.514445	470.22556
12.518285	464.53955
12.522124	455.18509
12.525964	480.77069
12.529803	494.73114
12.533643	477.36771
12.537482	460.1525
12.541321	472.74844
12.545161	479.28143
12.549	459.85333
12.552839	476.10556
12.556679	516.48877
12.560518	495.64236
12.564358	470.7363
12.568197	460.98602
12.572036	445.54608
12.575876	453.05731
12.579715	450.93088
12.583554	444.42029
12.587394	483.43527
12.591233	521.20093
12.595072	510.72055
12.598912	484.58234
12.602751	447.14609
12.60659	424.33273
12.61043	415.91617
12.614269	416.92651
12.618108	431.41086
12.621948	445.15326
12.625787	470.25464
12.629626	479.40866
12.633466	456.38525
12.637305	484.72534
12.641145	513.29279
12.644984	486.92545
12.648824	480.68289
12.652663	481.61029
12.656503	491.39551
12.660342	486.50967
12.664182	472.27344
12.668021	479.87402
12.67186	483.69144
12.6757	481.80707
12.679539	458.2934
12.683378	448.81702
12.687218	465.90851
12.691057	482.89691
12.694896	489.85498
12.698736	483.46548
12.702575	469.2045
12.706414	446.26999
12.710254	424.96344
12.714093	431.34698
12.717932	461.38336
12.721772	460.09875
12.725611	462.22733
12.72945	471.86188
12.73329	454.32205
12.737129	459.48721
12.740968	480.17606
12.744808	466.14233
12.748647	452.12863
12.752486	483.87659
12.756326	491.27176
12.760165	439.37793
12.764005	429.78998
12.767844	465.84595
12.771684	471.78741
12.775523	458.27322
12.779362	450.97595
12.783202	479.73056
12.787041	491.00912
12.790881	478.59665
12.79472	473.14365
12.79856	474.98529
12.802399	487.83029
12.806238	469.79993
12.810077	471.74811
12.813918	490.27319
12.817757	515.6488
12.821596	508.50934
12.825435	474.89246
12.829274	466.02658
12.833113	452.05203
12.836954	478.702
12.840793	476.98807
12.844632	447.93701
12.848471	461.38977
12.85231	465.51587
12.856149	457.91272
12.85999	480.87738
12.863829	502.40015
12.867668	485.38773
12.871507	478.23157
12.875346	473.0831
12.879185	433.34494
12.883026	413.45566
12.886865	427.92413
12.890704	465.64957
12.894543	474.92023
12.898383	434.52899
12.902223	431.38651
12.906062	452.05664
12.909901	475.38089
12.913741	474.94336
12.91758	466.87872
12.921419	463.45532
12.925259	438.33536
12.929099	438.28867
12.932938	456.24786
12.936777	469.79828
12.940616	495.4003
12.944455	491.59741
12.948296	459.83078
12.952135	478.34305
12.955974	512.22015
12.959813	498.61752
12.963652	478.61752
12.967491	472.34439
12.971332	465.04794
12.975171	452.86124
12.97901	448.12473
12.982849	477.5018
12.986688	516.17688
12.990527	499.15082
12.994368	491.35236
12.998207	488.41937
13.002046	463.61539
13.005885	452.11371
13.009724	452.9462
13.013565	465.44461
13.017404	456.05359
13.021243	445.14346
13.025082	451.93643
13.028922	445.08371
13.032761	441.81165
13.036601	462.67252
13.04044	481.4223
13.044279	492.35196
13.048119	528.97839
13.051958	530.51276
13.055797	491.34494
13.059637	480.33307
13.063477	494.85123
13.067316	487.31277
13.071155	469.80618
13.074994	456.70163
13.078833	460.2131
13.082674	494.60413
13.086513	507.79803
13.090352	483.16309
13.094191	483.80612
13.09803	485.88342
13.101871	464.58765
13.10571	439.48764
13.109549	455.02744
13.113388	462.08981
13.117227	464.11215
13.121066	447.43445
13.124907	428.99423
13.128746	446.78018
13.132585	462.20291
13.136424	480.48129
13.140263	477.60229
13.144102	462.13409
13.147943	483.45145
13.151782	498.11304
13.155621	485.25702
13.15946	466.78946
13.1633	459.23001
13.167139	459.47137
13.170979	487.46219
13.174818	508.6795
13.178658	497.34167
13.182497	503.92343
13.186336	530.94891
13.190176	525.79138
13.194016	529.75171
13.197855	507.01175
13.201694	473.35098
13.205533	486.59012
13.209372	465.62363
13.213213	490.11511
13.217052	511.98648
13.220891	473.28531
13.22473	477.45667
13.228569	493.06854
13.232408	473.10849
13.236249	490.20438
13.240088	492.18088
13.243927	463.91293
13.247766	466.72586
13.251605	478.79626
13.255444	481.84326
13.259285	481.91855
13.263124	471.69214
13.266963	454.25623
13.270802	465.27762
13.274641	463.90036
13.278481	435.57825
13.282321	458.58035
13.28616	462.05252
13.289999	461.13849
13.293839	478.66467
13.297678	482.21384
13.301518	463.26208
13.305357	468.91153
13.309196	479.58994
13.313036	474.14603
13.316875	473.0979
13.320714	488.17014
13.324554	467.35553
13.328394	425.12799
13.332233	447.2468
13.336072	504.21469
13.339911	474.14313
13.34375	456.50391
13.347591	503.62646
13.35143	519.77405
13.355269	497.08005
13.359108	477.16876
13.362947	489.88358
13.366786	493.31461
13.370627	460.95993
13.374466	486.33539
13.378305	512.64178
13.382144	481.87106
13.385983	484.4671
13.389824	488.16489
13.393663	457.64676
13.397502	500.87476
13.401341	552.52924
13.40518	499.04474
13.409019	456.65341
13.41286	454.65878
13.416699	462.93146
13.420538	460.17902
13.424377	478.62442
13.428217	489.94827
13.432056	484.80234
13.435896	446.46786
13.439735	446.51108
13.443575	462.16052
13.447414	484.63232
13.451253	517.12372
13.455092	491.17224
13.458932	455.06271
13.462772	452.25076
13.466611	465.75879
13.47045	471.51495
13.474289	526.08344
13.47813	540.46198
13.481969	521.97845
13.485808	484.88321
13.489647	467.49109
13.493486	465.5975
13.497325	472.6398
13.501166	466.63016
13.505005	450.26526
13.508844	482.10245
13.512683	498.01874
13.516522	501.88736
13.520361	535.04413
13.524202	533.03314
13.528041	509.06073
13.53188	516.07855
13.535719	510.87561
13.539558	478.27945
13.543398	466.52008
13.547238	486.34192
13.551077	504.07956
13.554916	501.44037
13.558755	451.38898
13.562595	407.56909
13.566434	466.40625
13.570274	496.11777
13.574113	492.24359
13.577953	484.79526
13.581792	469.52972
13.585631	467.43848
13.589471	481.14496
13.593311	489.3446
13.59715	489.88046
13.600989	497.85699
13.604828	480.12216
13.608667	447.86703
13.612508	461.41708
13.616347	490.44363
13.620186	460.94824
13.624025	464.53479
13.627864	481.7384
13.631703	486.22202
13.635544	497.16434
13.639383	522.31726
13.643222	526.02216
13.647061	504.43408
13.6509	525.86694
13.654739	520.76556
13.65858	512.93604
13.662419	497.77734
13.666258	484.90314
13.670097	461.5423
13.673936	472.06876
13.677777	493.59497
13.681616	471.64517
13.685455	452.41287
13.689294	511.70676
13.693134	543.10876
13.696973	522.5011
13.700813	525.96887
13.704652	506.00699
13.708492	477.27661
13.712331	457.09793
13.71617	474.6557
13.720009	495.02054
13.723849	464.33524
13.727689	468.42065
13.731528	483.94415
13.735367	489.09512
13.739206	492.67374
13.743045	508.14807
13.746886	528.54865
13.750725	523.5282
13.754564	518.44983
13.758403	535.53711
13.762242	491.12537
13.766083	408.82599
13.769922	426.36313
13.773761	476.42444
13.7776	511.54196
13.781439	530.99036
13.785278	546.55829
13.789119	503.84564
13.792958	457.77869
13.796797	509.08835
13.800636	534.7785
13.804475	497.54019
13.808315	487.41531
13.812155	514.21094
13.815994	502.2316
13.819833	470.32974
13.823672	468.75174
13.827512	472.08572
13.831351	475.18213
13.835191	516.18842
13.83903	488.75906
13.84287	498.10449
13.846709	503.40842
13.850548	486.1409
13.854387	515.19531
13.858228	505.38016
13.862067	501.08829
13.865906	504.81366
13.869745	542.35419
13.873584	556.61835
13.877425	548.63446
13.881264	534.58105
13.885103	470.62585
13.888942	467.8414
13.892781	490.38593
13.89662	507.9028
13.900461	493.29996
13.9043	486.95755
13.908139	520.86829
13.911978	526.33337
13.915817	491.75714
13.919656	469.02887
13.923497	474.44717
13.927336	491.97784
13.931175	504.93042
13.935014	492.10016
13.938853	478.08304
13.942693	505.88934
13.946533	512.49341
13.950372	517.07574
13.954211	542.12793
13.958051	529.55988
13.96189	488.38583
13.96573	488.23257
13.969569	500.97308
13.973409	485.50543
13.977248	522.10864
13.981087	512.20752
13.984926	517.42212
13.988766	515.84894
13.992606	529.19934
13.996445	530.8606
14.000284	514.80536
14.004123	538.05005
14.007962	518.45001
14.011803	490.46295
14.015642	468.11575
14.019481	468.4017
14.02332	468.40347
14.027159	490.92108
14.030998	506.18246
14.034839	509.23242
14.038678	524.44427
14.042517	523.69611
14.046356	527.46576
14.050195	492.16537
14.054036	466.54639
14.057875	475.90808
14.061714	503.29672
14.065553	508.3175
14.069392	519.85773
14.073232	525.84277
14.077072	554.67975
14.080911	537.61865
14.08475	506.5607
14.088589	558.32983
14.092429	525.3385
14.096268	484.4657
14.100108	505.6329
14.103947	524.60645
14.107787	523.23041
14.111626	488.52826
14.115465	498.61697
14.119304	503.4411
14.123145	515.74005
14.126984	473.74283
14.130823	472.90839
14.134662	505.48001
14.138501	541.04645
14.14234	591.52515
14.146181	548.51019
14.15002	494.68167
14.153859	467.66745
14.157698	506.13684
14.161537	489.39291
14.165378	458.55753
14.169217	511.64468
14.173056	540.98846
14.176895	528.13165
14.180734	464.24985
14.184573	448.92859
14.188414	489.15192
14.192253	529.28815
14.196092	525.08478
14.199931	528.03845
14.20377	520.5105
14.20761	538.15228
14.21145	543.88916
14.215289	532.28021
14.219128	515.31299
14.222968	503.04907
14.226807	494.83069
14.230646	482.172
14.234486	458.75314
14.238326	447.73767
14.242165	486.45175
14.246004	518.31506
14.249843	509.24219
14.253683	509.02127
14.257523	491.56891
14.261362	495.60422
14.265201	502.50485
14.26904	524.2439
14.272879	534.91785
14.27672	433.88998
14.280559	451.21695
14.284398	462.81631
14.288237	496.09482
14.292076	510.45862
14.295915	543.84082
14.299756	534.95636
14.303595	546.64764
14.307434	519.70563
14.311273	501.61679
14.315112	532.02496
14.318951	512.73621
14.322792	506.36862
14.326631	485.22379
14.33047	483.67871
14.334309	471.89417
14.338148	524.62372
14.341989	535.19604
14.345828	531.02509
14.349667	540.33997
14.353506	539.98944
14.357346	561.89087
14.361185	530.98608
14.365025	496.18741
14.368864	489.87766
14.372704	528.9787
14.376543	576.77344
14.380382	556.63861
14.384221	496.89056
14.388062	518.1377
14.391901	527.72491
14.39574	546.98444
14.399579	515.51154
14.403418	494.93091
14.407257	507.20538
14.411098	507.94638
14.414937	540.60944
14.418776	547.74036
14.422615	533.53522
14.426454	521.24414
14.430293	561.0979
14.434134	547.25415
14.437973	486.74466
14.441812	488.76212
14.445651	547.45007
14.44949	589.82043
14.453331	595.22803
14.45717	553.80505
14.461009	538.24036
14.464848	517.66132
14.468687	523.37921
14.472527	571.81793
14.476367	517.20258
14.480206	517.5592
14.484045	552.82544
14.487885	523.93011
14.491724	567.6991
14.495563	561.25171
14.499403	574.68323
14.503242	577.18695
14.507082	531.03241
14.510921	526.68201
14.51476	567.27295
14.518599	564.49994
14.52244	488.39371
14.526279	425.08139
14.530118	440.58725
14.533957	485.78558
14.537796	502.40485
14.541637	522.51758
14.545476	535.96393
14.549315	537.73291
14.553154	554.50055
14.556993	539.75317
14.560832	550.71265
14.564673	555.77661
14.568512	531.47363
14.572351	494.612
14.57619	473.49042
14.580029	472.48938
14.583868	514.66876
14.587709	523.83722
14.591548	501.96573
14.595387	500.14832
14.599226	479.72147
14.603065	507.88675
14.606905	527.43457
14.610745	551.53021
14.614584	570.4115
14.618423	546.18335
14.622263	560.11273
14.626102	541.80243
14.629942	498.59412
14.633781	514.8844
14.637621	527.93829
14.64146	536.94269
14.645299	588.52515
14.649138	554.58398
14.652979	568.71838
14.656818	578.17938
14.660657	526.4364
14.664496	480.4201
14.668335	535.84204
14.672174	563.93359
14.676015	505.68262
14.679854	484.12793
14.683693	525.75629
14.687532	556.53809
14.691371	596.73993
14.69521	615.52765
14.699051	581.9696
14.70289	546.10657
14.706729	536.8194
14.710568	503.65201
14.714407	588.80621
14.718246	546.74738
14.722087	498.02866
14.725926	487.27383
14.729765	535.28094
14.733604	559.78516
14.737444	503.25342
14.741284	488.40524
14.745123	568.58038
14.748962	565.82227
14.752802	540.3772
14.756641	564.92834
14.76048	530.67395
14.76432	488.58798
14.768159	540.80707
14.771999	568.99481
14.775838	521.01276
14.779677	531.58069
14.783516	555.59387
14.787357	493.94037
14.791196	530.85028
14.795035	508.78256
14.798874	536.73114
14.802713	539.67114
14.806552	539.91461
14.810393	516.42078
14.814232	536.59174
14.818071	501.24127
14.82191	528.44061
14.825749	507.45923
14.82959	509.91354
14.833429	538.06818
14.837268	498.55164
14.841107	483.54105
14.844946	497.88281
14.848785	514.07288
14.852626	470.96957
14.856465	497.81604
14.860304	475.26263
14.864143	454.99954
14.867982	503.0347
14.871822	495.70697
14.875662	516.44
14.879501	518.45294
14.88334	537.76782
14.88718	548.4646
14.891019	513.45319
14.894858	522.43854
14.898698	560.06036
14.902538	548.94934
14.906377	554.44647
14.910216	551.64276
14.914055	543.3476
14.917896	557.53723
14.921735	516.6485
14.925574	535.1579
14.929413	516.27142
14.933252	565.06421
14.937091	587.51935
14.940932	560.58337
14.944771	512.32709
14.94861	540.1792
14.952449	584.84424
14.956288	574.85168
14.960127	533.27515
14.963968	515.7229
14.967807	521.55219
14.971646	536.94141
14.975485	530.15515
14.979324	504.62671
14.983163	541.50623
14.987004	563.66364
14.990843	625.16284
14.994682	568.21411
14.998521	509.2868
15.002361	526.24744
15.0062	523.75562
15.01004	512.41986
15.013879	540.54462
15.017719	577.05194
15.021558	576.70654
15.025397	576.39331
15.029237	584.09351
15.033076	558.95862
15.036916	619.2464
15.040755	555.86884
15.044594	527.8454
15.048433	536.77722
15.052274	574.27478
15.056113	501.36258
15.059952	530.56238
15.063791	593.68793
15.06763	570.48816
15.071469	525.69641
15.07531	558.08112
15.079149	569.68658
15.082988	549.98376
15.086827	574.8562
15.090666	599.52991
15.094505	521.78564
15.098346	521.22125
15.102185	511.62323
15.106024	504.50919
15.109863	497.63519
15.113702	490.39633
15.117543	528.87787
15.121382	580.46484
15.125221	518.48779
15.12906	522.32672
15.132899	530.04877
15.136739	535.255
15.140579	575.93945
15.144418	577.02765
15.148257	596.53491
15.152097	519.39178
15.155936	514.22803
15.159775	514.72058
15.163615	578.39606
15.167455	601.72546
15.171294	519.73456
15.175133	475.45288
15.178972	510.72339
15.182811	541.27991
15.186652	580.76276
15.190491	615.31616
15.19433	614.12653
15.198169	552.21484
15.202008	518.17993
15.205849	544.67554
15.209688	590.3075
15.213527	560.71844
15.217366	569.88251
15.221205	583.76868
15.225044	559.06091
15.228885	549.39911
15.232724	550.54163
15.236563	542.34216
15.240402	529.07977
15.244241	528.90399
15.24808	587.61737
15.251921	545.42181
15.25576	536.82758
15.259599	528.10925
15.263438	519.94409
15.267278	494.97763
15.271117	546.59033
15.274957	589.1488
15.278796	635.39233
15.282635	570.26666
15.286475	565.24585
15.290314	569.03564
15.294153	557.48145
15.297993	502.4053
15.301833	562.31036
15.305672	547.3963
15.309511	536.24567
15.31335	569.08984
15.317191	564.95093
15.32103	522.79352
15.324869	564.80408
15.328708	530.06213
15.332547	511.61929
15.336386	689.09186
15.340227	602.6499
15.344066	549.40094
15.347905	604.85181
15.351744	613.99426
15.355583	648.14832
15.359422	678.34015
15.363263	563.93555
15.367102	535.81598
15.370941	511.6149
15.37478	520.51691
15.378619	541.86115
15.382458	551.7417
15.386299	553.96008
15.390138	501.37097
15.393977	527.40997
15.397816	529.23145
15.401656	505.15451
15.405496	529.64191
15.409335	604.72424
15.413174	562.88434
15.417014	615.2666
15.420853	553.10345
15.424692	600.47424
15.428532	581.56268
15.432372	590.02289
15.436211	558.6759
15.44005	533.10754
15.443889	602.21185
15.447728	626.48596
15.451569	609.98187
15.455408	507.11002
15.459247	493.87479
15.463086	499.87366
15.466925	518.9483
15.470764	511.38458
15.474605	511.35297
15.478444	514.94513
15.482283	543.35138
15.486122	561.54901
15.489961	560.00195
15.493802	557.4541
15.497641	514.42621
15.50148	532.63306
15.505319	555.33167
15.509158	563.78162
15.512997	587.34174
15.516838	585.3927
15.520677	552.15381
15.524516	526.42297
15.528355	528.59583
15.532195	572.84503
15.536034	585.55957
15.539874	567.08942
15.543713	518.0954
15.547552	507.2962
15.551392	562.25537
15.555231	590.2348
15.55907	507.47604
15.56291	513.02905
15.56675	571.06903
15.570589	494.44046
15.574428	535.7207
15.578267	552.52728
15.582106	539.82727
15.585947	518.56201
15.589786	506.57117
15.593625	528.008
15.597464	529.4408
15.601303	514.61273
15.605144	510.60306
15.608983	511.43668
15.612822	550.23926
15.616661	512.91071
15.6205	609.93274
15.624339	547.85638
15.62818	482.70819
15.632019	506.41986
15.635858	580.76007
15.639697	530.20197
15.643536	445.04218
15.647375	510.32187
15.651216	522.32916
15.655055	503.11884
15.658894	486.53354
15.662733	537.31158
15.666573	542.03247
15.670412	506.31674
15.674252	492.8667
15.678091	502.22546
15.681931	480.13586
15.68577	505.9949
15.689609	462.88391
15.693449	557.83905
15.697289	511.54758
15.701128	415.6037
15.704967	478.7959
15.708806	458.45468
15.712645	513.9975
15.716486	580.3501
15.720325	536.06805
15.724164	503.9639
