0.0019196879	0
0.0057590637	0
0.0095984399	0
0.013437815	0
0.017277192	0
0.021116567	0
0.024955943	0
0.02879532	0
0.032634693	0
0.03647407	0
0.040313447	0
0.044152823	0
0.047992197	0
0.051831573	0
0.055670947	0
0.059510326	0
0.0633497	0
0.06718908	0
0.071028453	0
0.074867827	0
0.078707206	0
0.08254658	0
0.086385953	0
0.090225333	0
0.094064707	0
0.097904086	0
0.10174346	0
0.10558283	0
0.10942221	0
0.11326159	0
0.11710097	0
0.12094034	0
0.12477971	0
0.12861909	0
0.13245846	0
0.13629785	0
0.14013722	0
0.14397659	0
0.14781597	0
0.15165534	0
0.15549473	0
0.1593341	0
0.16317347	0
0.16701285	0
0.17085222	0
0.17469161	0
0.17853098	0
0.18237035	0
0.18620973	0
0.1900491	0
0.19388847	0
0.19772786	0
0.20156722	0
0.20540662	0
0.20924599	0
0.21308537	0
0.21692474	0
0.22076411	0
0.22460349	0
0.22844286	0
0.23228223	0
0.23612161	0
0.23996098	0
0.24380035	0
0.24763975	0
0.25147913	0
0.2553185	0
0.25915787	0
0.26299725	0
0.26683662	0
0.27067599	0
0.27451537	0
0.27835474	0
0.28219411	0
0.28603349	0
0.28987288	0
0.29371226	0
0.29755163	0
0.30139101	0
0.30523038	0
0.30906975	0
0.31290913	0
0.3167485	0
0.32058787	0
0.32442725	0
0.32826664	0
0.33210602	0
0.33594539	0
0.33978477	0
0.34362414	0
0.34746351	0
0.35130289	0
0.35514226	0
0.35898163	0
0.36282101	0
0.36666038	0
0.37049978	0
0.37433915	0
0.37817852	0
0.3820179	0
0.38585727	0
0.38969665	0
0.39353602	0
0.39737539	0
0.40121479	0
0.40505414	0
0.40889354	0
0.41273289	0
0.41657228	0
0.42041163	0
0.42425103	0
0.42809038	317.34958
0.43192978	290.56406
0.43576918	202.07935
0.43960853	173.31122
0.44344792	146.78735
0.44728727	146.87604
0.45112667	126.97552
0.45496602	141.16646
0.45880542	133.50545
0.46264477	141.20717
0.46648417	136.21884
0.47032351	126.90539
0.47416291	143.62698
0.47800231	144.94818
0.48184166	191.51976
0.48568106	200.07259
0.48952041	243.03168
0.4933598	270.85275
0.49719915	315.92566
0.50103855	347.00491
0.5048779	329.88882
0.5087173	363.56189
0.5125567	340.04926
0.51639605	360.25616
0.52023544	367.72522
0.52407479	355.55286
0.52791419	393.79953
0.53175354	403.72397
0.53559294	458.32089
0.53943229	469.70261
0.54327168	490.93643
0.54711103	498.81839
0.55095043	490.81085
0.55478983	513.08264
0.55862918	526.15076
0.56246858	568.15826
0.56630793	592.21692
0.57014732	597.021
0.57398667	623.37354
0.57782607	627.91901
0.58166542	640.16412
0.58550482	637.14331
0.58934417	621.47589
0.59318357	618.58771
0.59702296	626.41693
0.60086231	631.04169
0.60470171	643.8327
0.60854106	640.98175
0.61238046	641.93103
0.61621981	652.34235
0.6200592	654.7218
0.62389855	663.8147
0.62773795	681.33795
0.6315773	694.86853
0.6354167	708.35187
0.6392561	720.28339
0.64309545	717.52649
0.64693484	706.62488
0.65077419	686.29224
0.65461359	667.46204
0.65845294	655.67621
0.66229234	665.77673
0.66613169	659.33966
0.66997108	643.80878
0.67381043	629.39478
0.67764983	616.55249
0.68148923	616.60596
0.68532858	615.89038
0.68916798	615.60522
0.69300733	614.46948
0.69684672	614.8197
0.70068607	614.81
0.70452547	614.15289
0.70836482	618.42767
0.71220422	617.59686
0.71604357	616.58411
0.71988297	624.81812
0.72372236	632.68646
0.72756171	640.24542
0.73140111	637.95343
0.73524046	636.65283
0.73907986	626.51172
0.74291921	638.41791
0.7467586	643.57233
0.75059795	650.41486
0.75443735	650.29889
0.75827675	645.7876
0.7621161	645.75183
0.7659555	635.20453
0.76979485	642.58862
0.77363424	652.36279
0.77747359	659.00977
0.78131299	669.25977
0.78515234	653.33691
0.78899174	649.75647
0.79283109	636.95117
0.79667048	646.18762
0.80050983	653.24164
0.80434923	651.25806
0.80818863	652.68292
0.81202803	646.86749
0.81586733	638.65588
0.81970673	634.63348
0.82354612	637.0686
0.82738552	633.63281
0.83122482	645.56512
0.83506422	650.06842
0.83890362	649.38507
0.84274302	655.99109
0.84658241	647.18152
0.85042171	649.45972
0.85426111	647.51483
0.85810051	661.79913
0.86193991	675.53381
0.86577921	680.37842
0.86961861	690.20325
0.873458	682.89081
0.8772974	683.87952
0.8811368	683.22137
0.8849761	677.10223
0.8888155	678.19781
0.8926549	674.85376
0.89649429	675.75629
0.9003336	680.72278
0.90417299	681.1546
0.90801239	679.66882
0.91185179	678.07599
0.91569109	676.58282
0.91953049	679.26147
0.92336988	676.55457
0.92720928	676.24323
0.93104868	666.43793
0.93488798	666.27582
0.93872738	680.37091
0.94256678	690.52838
0.94640617	700.41565
0.95024548	693.31799
0.95408487	681.57355
0.95792427	660.41272
0.96176367	648.47607
0.96560307	657.91028
0.96944237	661.60797
0.97328176	675.06769
0.97712116	683.32446
0.98096056	676.09424
0.98479986	683.82648
0.98863926	684.88068
0.99247866	688.36383
0.99631805	691.2298
1.0001574	694.23181
1.0039968	701.75067
1.0078362	703.06311
1.0116755	703.66675
1.0155149	704.14099
1.0193542	704.33209
1.0231936	701.83264
1.027033	700.8269
1.0308724	697.8053
1.0347117	693.84515
1.0385511	697.04291
1.0423905	700.87585
1.0462299	700.89514
1.0500693	697.90387
1.0539086	703.51044
1.057748	703.57819
1.0615874	708.54053
1.0654268	701.91772
1.0692661	699.71906
1.0731055	701.03149
1.0769449	704.96887
1.0807843	713.85858
1.0846236	712.26404
1.088463	703.73456
1.0923024	706.37891
1.0961418	703.24005
1.0999812	700.71381
1.1038205	702.34387
1.1076599	705.30121
1.1114993	709.67487
1.1153387	718.71777
1.119178	716.15326
1.1230174	712.08832
1.1268568	717.00977
1.1306962	719.81024
1.1345356	729.47253
1.1383749	730.44183
1.1422143	733.09119
1.1460537	732.31091
1.1498931	729.2793
1.1537324	726.99817
1.1575718	715.47144
1.1614112	717.32208
1.1652506	715.33752
1.16909	720.49518
1.1729293	725.80463
1.1767687	726.90442
1.1806081	725.16705
1.1844475	728.40033
1.1882868	725.91669
1.1921262	736.83307
1.1959656	750.1358
1.199805	742.35895
1.2036443	739.24994
1.2074837	733.11987
1.2113231	727.62134
1.2151625	732.862
1.2190019	735.88098
1.2228412	728.64496
1.2266806	731.48218
1.23052	739.88226
1.2343594	741.22113
1.2381987	746.91217
1.2420381	744.23151
1.2458775	740.01874
1.2497169	741.60376
1.2535563	735.43945
1.2573956	735.34106
1.261235	742.4314
1.2650743	748.50348
1.2689137	749.14618
1.272753	746.21454
1.2765924	743.08533
1.2804318	749.27258
1.2842712	761.85449
1.2881105	765.70331
1.2919499	763.50623
1.2957893	758.2038
1.2996287	765.90918
1.3034681	765.37183
1.3073074	772.63153
1.3111468	771.26373
1.3149862	774.84753
1.3188256	778.00494
1.3226649	782.32837
1.3265043	785.09302
1.3303437	788.10449
1.3341831	794.3642
1.3380225	793.87079
1.3418618	793.97711
1.3457012	788.73889
1.3495406	782.20691
1.35338	784.99799
1.3572193	791.91022
1.3610587	805.83429
1.3648981	810.26233
1.3687375	814.9588
1.3725769	815.12775
1.3764162	820.96082
1.3802556	836.57819
1.384095	840.15771
1.3879344	843.7063
1.3917737	837.7287
1.3956131	843.89185
1.3994525	844.25391
1.4032919	840.07434
1.4071312	840.77441
1.4109706	833.55914
1.41481	840.79675
1.4186494	845.48822
1.4224888	849.75507
1.4263281	847.18604
1.4301675	845.22162
1.4340069	848.20782
1.4378463	857.24304
1.4416856	867.5658
1.445525	878.37891
1.4493644	879.76233
1.4532038	871.26465
1.4570432	869.47931
1.4608825	872.92297
1.4647219	879.23596
1.4685613	884.74976
1.4724007	879.9563
1.47624	877.97113
1.4800794	868.48083
1.4839188	871.88416
1.4877582	879.04382
1.4915975	889.88226
1.4954369	900.19373
1.4992763	902.86981
1.5031157	904.25897
1.5069551	895.70941
1.5107944	899.45642
1.5146338	903.99011
1.5184731	902.02283
1.5223125	909.16315
1.5261518	908.28326
1.5299912	907.05408
1.5338306	908.7547
1.53767	911.13605
1.5415094	911.21954
1.5453487	920.0946
1.5491881	934.96307
1.5530275	939.96692
1.5568669	951.03168
1.5607062	956.13678
1.5645456	956.41913
1.568385	959.37177
1.5722244	962.89795
1.5760637	967.97217
1.5799031	972.51422
1.5837425	987.29047
1.5875819	996.61304
1.5914213	996.68268
1.5952606	996.4389
1.5991	991.0556
1.6029394	999.67804
1.6067787	1018.0386
1.6106182	1025.5649
1.6144575	1016.5865
1.618297	1012.8832
1.6221363	1010.0215
1.6259756	1016.558
1.6298151	1033.7491
1.6336544	1033.3903
1.6374937	1045.8881
1.6413332	1059.7543
1.6451725	1071.017
1.649012	1083.0709
1.6528513	1087.848
1.6566906	1089.7238
1.6605301	1092.0399
1.6643694	1101.5896
1.6682089	1107.4014
1.6720482	1116.7855
1.6758875	1130.741
1.679727	1134.1034
1.6835663	1147.8926
1.6874056	1157.8673
1.6912451	1165.9504
1.6950844	1178.9781
1.6989239	1189.625
1.7027632	1202.5067
1.7066025	1214.7448
1.710442	1227.0905
1.7142813	1242.8453
1.7181208	1260.5609
1.7219601	1268.0065
1.7257994	1278.6655
1.7296389	1279.1986
1.7334782	1291.0958
1.7373175	1309.4517
1.741157	1322.792
1.7449963	1336.9504
1.7488358	1340.6427
1.7526751	1350.3815
1.7565144	1362.3143
1.7603539	1380.6063
1.7641932	1400.0134
1.7680326	1414.075
1.7718719	1426.2217
1.7757113	1429.9624
1.7795507	1441.7778
1.78339	1451.4254
1.7872295	1467.3579
1.7910688	1482.0458
1.7949081	1498.1583
1.7987476	1524.9108
1.8025869	1539.7106
1.8064262	1558.452
1.8102657	1577.8362
1.814105	1595.2488
1.8179445	1613.2618
1.8217838	1623.7338
1.8256231	1639.4449
1.8294626	1632.9514
1.8333019	1657.7946
1.8371414	1674.4866
1.8409807	1690.4111
1.84482	1723.5992
1.8486595	1750.0431
1.8524988	1766.5815
1.8563381	1780.8944
1.8601776	1803.2786
1.8640169	1808.6753
1.8678564	1828.4589
1.8716957	1841.4324
1.875535	1848.9662
1.8793745	1867.4724
1.8832138	1880.1429
1.8870533	1910.2229
1.8908926	1925.2627
1.8947319	1953.4344
1.8985714	1973.0352
1.9024107	1976.0889
1.9062502	1994.821
1.9100895	1992.7467
1.9139288	2008.6807
1.9177683	2017.3284
1.9216076	2019.3157
1.9254469	2024.0072
1.9292864	2025.2732
1.9331257	2034.1171
1.9369652	2023.4326
1.9408045	2017.8367
1.9446438	2016.4712
1.9484833	2008.4576
1.9523226	2015.6173
1.9561621	2009.4088
1.9600014	1999.4894
1.9638407	1981.2439
1.9676802	1970.812
1.9715195	1961.8405
1.9753588	1944.7561
1.9791983	1932.6714
1.9830376	1906.9065
1.9868771	1879.4346
1.9907164	1856.6193
1.9945557	1846.0413
1.9983952	1825.4465
2.0022345	1819.8154
2.006074	1806.7788
2.0099133	1793.7117
2.0137526	1773.5759
2.017592	1752.5181
2.0214314	1734.5874
2.0252707	1700.1224
2.0291101	1692.6616
2.0329494	1664.1056
2.0367889	1647.8274
2.0406282	1626.6665
2.0444675	1600.6971
2.048307	1583.2714
2.0521463	1559.2966
2.0559858	1537.3188
2.0598251	1513.8906
2.0636644	1487.3724
2.0675039	1464.5922
2.0713432	1440.2056
2.0751827	1427.8195
2.079022	1411.6454
2.0828613	1398.9526
2.0867008	1382.2535
2.0905401	1357.2118
2.0943794	1342.6841
2.0982189	1317.4148
2.1020582	1302.8375
2.1058977	1279.8362
2.109737	1267.7408
2.1135763	1255.557
2.1174158	1237.1919
2.1212551	1226.9729
2.1250946	1201.6058
2.1289339	1186.229
2.1327732	1172.1772
2.1366127	1163.5815
2.140452	1155.4622
2.1442913	1138.442
2.1481308	1116.8749
2.1519701	1091.3807
2.1558096	1065.4957
2.1596489	1049.582
2.1634882	1031.6376
2.1673277	1020.1432
2.171167	1018.8043
2.1750065	1001.2231
2.1788458	984.88715
2.1826851	977.67053
2.1865246	963.41711
2.1903639	965.30829
2.1942034	965.38348
2.1980427	949.31116
2.201882	942.37811
2.2057215	929.08118
2.2095608	921.16559
2.2134001	912.67444
2.2172396	904.56586
2.2210789	902.63318
2.2249184	895.88953
2.2287577	891.67114
2.232597	886.9256
2.2364365	879.9682
2.2402758	880.81482
2.2441153	874.45898
2.2479546	867.69727
2.2517939	858.95459
2.2556334	852.81647
2.2594727	851.78802
2.263312	854.84821
2.2671515	849.01843
2.2709908	846.15186
2.2748302	845.45831
2.2786695	845.45508
2.2825089	845.23682
2.2863483	835.91895
2.2901876	824.49615
2.2940271	814.89758
2.2978664	810.93872
2.3017057	814.78235
2.3055452	812.44843
2.3093845	811.26611
2.3132238	810.65857
2.3170633	803.80804
2.3209026	805.28546
2.3247421	801.7923
2.3285814	791.33392
2.3324207	790.85822
2.3362602	782.45685
2.3400995	783.61139
2.343939	787.74597
2.3477783	784.3302
2.3516176	779.8205
2.3554571	779.37286
2.3592964	785.01556
2.3631359	790.41583
2.3669752	799.71381
2.3708145	793.42291
2.374654	790.23053
2.3784933	789.6803
2.3823326	786.67242
2.3861721	783.49835
2.3900114	785.99982
2.3938509	782.69092
2.3976902	779.3175
2.4015295	781.72687
2.405369	770.99237
2.4092083	776.46545
2.4130478	780.01514
2.4168871	785.04041
2.4207264	789.11017
2.4245659	782.17523
2.4284052	779.56598
2.4322445	775.4082
2.436084	766.48389
2.4399233	761.37329
2.4437628	760.10504
2.4476021	753.38788
2.4514414	767.23065
2.4552809	764.21765
2.4591202	763.78918
2.4629597	760.39569
2.466799	748.80719
2.4706383	743.20441
2.4744778	738.42456
2.4783171	740.69324
2.4821566	750.16595
2.4859959	754.58752
2.4898352	755.75787
2.4936747	759.12604
2.497514	751.74054
2.5013533	755.68341
2.5051928	756.21527
2.5090321	755.14972
2.5128716	747.29974
2.5167109	737.17023
2.5205502	728.34753
2.5243896	724.14746
2.528229	724.07965
2.5320684	730.14209
2.5359077	735.02283
2.539747	740.51782
2.5435865	734.51166
2.5474258	728.31641
2.5512651	718.91241
2.5551046	721.23004
2.5589439	728.21088
2.5627834	721.90552
2.5666227	715.32977
2.570462	712.9306
2.5743015	707.30566
2.5781408	718.151
2.5819803	727.8833
2.5858196	725.97931
2.5896589	726.50366
2.5934984	725.2478
2.5973377	725.91309
2.6011772	733.53851
2.6050165	732.85516
2.6088558	732.98615
2.6126953	729.37885
2.6165346	732.99194
2.6203739	738.02191
2.6242134	737.64282
2.6280527	731.25623
2.6318922	726.34497
2.6357315	719.14789
2.6395708	719.04065
2.6434103	720.54901
2.6472496	716.64783
2.6510891	710.4472
2.6549284	711.96088
2.6587677	711.80695
2.6626072	708.47986
2.6664465	714.11279
2.6702858	709.94312
2.6741253	708.65051
2.6779646	718.60706
2.6818041	717.63055
2.6856434	713.82947
2.6894827	710.86725
2.6933222	699.91705
2.6971615	695.82904
2.701001	696.81097
2.7048403	697.57562
2.7086796	703.98871
2.7125191	714.38763
2.7163584	720.00488
2.7201977	719.34448
2.7240372	723.565
2.7278765	711.44598
2.731716	704.10638
2.7355553	697.63129
2.7393946	692.01904
2.7432341	702.94519
2.7470734	712.94019
2.7509129	720.99017
2.7547522	727.54364
2.7585915	717.78998
2.762431	712.14716
2.7662703	705.47131
2.7701097	704.80194
2.7739491	713.62305
2.7777884	717.5318
2.7816278	718.20477
2.7854671	713.91571
2.7893064	714.78717
2.7931459	711.8988
2.7969852	705.62854
2.8008247	708.08752
2.804664	707.63934
2.8085033	713.28027
2.8123428	717.06122
2.8161821	716.14227
2.8200216	716.5976
2.8238609	720.31549
2.8277002	722.78125
2.8315397	722.51428
2.835379	717.34052
2.8392183	710.82294
2.8430578	714.30334
2.8468971	720.1355
2.8507366	728.43915
2.8545759	728.93988
2.8584152	723.49054
2.8622547	719.45929
2.866094	722.61328
2.8699335	729.34393
2.8737728	734.19482
2.8776121	739.47443
2.8814516	741.42682
2.8852909	737.77881
2.8891304	733.12463
2.8929697	735.92053
2.896809	737.34631
2.9006485	751.77173
2.9044878	763.0459
2.9083271	764.16339
2.9121666	761.77356
2.9160059	753.00671
2.9198454	751.13373
2.9236847	751.21008
2.927524	756.65247
2.9313635	761.06641
2.9352028	762.13055
2.9390423	769.2251
2.9428816	767.8194
2.9467209	772.4245
2.9505604	774.07471
2.9543997	788.242
2.958239	796.69849
2.9620785	805.44238
2.9659178	809.09723
2.9697573	797.49768
2.9735966	794.58661
2.9774359	795.90247
2.9812754	804.88177
2.9851147	813.3772
2.9889542	813.37482
2.9927935	804.92328
2.9966328	801.90552
3.0004723	806.09222
3.0043116	810.28522
3.0081509	815.92969
3.0119904	813.32397
3.0158297	815.2533
3.0196692	813.1712
3.0235085	818.90826
3.0273478	822.78992
3.0311872	816.32904
3.0350266	811.94995
3.038866	807.30804
3.0427053	809.66724
3.0465446	802.73517
3.0503841	802.61633
3.0542234	793.39325
3.0580629	786.65735
3.0619022	788.55029
3.0657415	789.13745
3.069581	793.68524
3.0734203	798.41833
3.0772596	799.6792
3.0810991	793.88843
3.0849384	789.14563
3.0887779	783.76093
3.0926172	780.35376
3.0964565	777.00397
3.100296	774.89185
3.1041353	774.27087
3.1079748	761.55591
3.1118141	755.56812
3.1156534	753.29211
3.1194929	753.72974
3.1233322	767.65625
3.1271715	769.90332
3.131011	761.64624
3.1348503	762.27277
3.1386898	754.53516
3.1425291	756.93097
3.1463684	756.4209
3.1502079	754.12939
3.1540472	752.59808
3.1578867	749.70459
3.161726	744.50623
3.1655653	744.64233
3.1694048	740.75128
3.1732441	745.58099
3.1770836	750.69342
3.1809229	748.5553
3.1847622	741.53467
3.1886017	740.22974
3.192441	733.14209
3.1962803	733.60193
3.2001198	732.56909
3.2039593	729.04907
3.2077984	733.64557
3.2116379	737.69501
3.2154774	738.74017
3.2193165	735.5105
3.223156	735.3606
3.2269955	734.87445
3.2308346	738.31647
3.2346741	741.03693
3.2385136	738.86554
3.2423531	736.4613
3.2461922	733.22443
3.2500317	730.00287
3.2538712	720.54187
3.2577103	718.07623
3.2615498	712.67249
3.2653893	716.95081
3.2692284	720.17627
3.2730679	721.93439
3.2769073	712.45465
3.2807465	708.50598
3.284586	713.92975
3.2884254	726.3858
3.2922649	731.3526
3.296104	732.54926
3.2999435	728.22693
3.303783	725.84436
3.3076221	736.6579
3.3114616	741.04236
3.3153011	740.04193
3.3191402	733.68982
3.3229797	719.50256
3.3268192	706.57739
3.3306583	712.44611
3.3344978	708.70306
3.3383373	710.72345
3.3421768	711.53534
3.3460159	704.79095
3.3498554	706.64954
3.3536949	707.41821
3.357534	702.26501
3.3613735	711.2251
3.365213	719.05023
3.3690521	722.23383
3.3728916	727.08966
3.3767311	717.32623
3.3805706	712.65778
3.3844097	712.47931
3.3882492	711.42438
3.3920887	710.65076
3.3959278	707.01605
3.3997673	708.74792
3.4036068	711.3382
3.4074459	714.78656
3.4112854	717.77832
3.4151249	707.40973
3.418964	710.5788
3.4228035	713.58673
3.426643	719.65778
3.4304825	723.66919
3.4343216	723.33002
3.4381611	709.48926
3.4420006	697.94354
3.4458397	691.77185
3.4496792	689.63611
3.4535187	698.86963
3.4573578	709.26978
3.4611973	713.72498
3.4650368	718.37616
3.4688759	717.58655
3.4727154	723.32208
3.4765549	722.37408
3.4803944	720.78711
3.4842335	715.7207
3.488073	706.08148
3.4919125	708.23468
3.4957516	706.95966
3.4995911	708.11987
3.5034306	704.30548
3.5072697	706.38544
3.5111092	705.64331
3.5149487	700.23004
3.5187878	704.48901
3.5226273	701.59961
3.5264668	716.06604
3.5303062	722.30884
3.5341454	724.52899
3.5379848	717.77527
3.5418243	714.63702
3.5456635	707.82819
3.5495029	703.16718
3.5533424	701.01483
3.5571815	713.34601
3.561021	715.19965
3.5648605	724.32922
3.5686996	718.70404
3.5725391	708.25739
3.5763786	694.0957
3.5802181	686.20819
3.5840572	686.487
3.5878967	692.19952
3.5917362	697.86481
3.5955753	704.89105
3.5994148	704.12671
3.6032543	707.81189
3.6070934	711.39148
3.6109329	708.30658
3.6147724	701.91595
3.6186115	702.68597
3.622451	699.37476
3.6262905	700.15674
3.63013	698.52081
3.6339691	697.83862
3.6378086	701.40283
3.6416481	701.0968
3.6454872	699.67566
3.6493267	698.25629
3.6531662	702.18463
3.6570053	702.69507
3.6608448	698.74536
3.6646843	697.04462
3.6685238	697.20752
3.6723629	700.26355
3.6762024	702.93146
3.6800419	706.41687
3.683881	707.03857
3.6877205	702.63141
3.69156	704.91577
3.6953991	697.24902
3.6992386	690.90839
3.7030781	689.61053
3.7069172	687.55164
3.7107567	695.47711
3.7145962	695.03699
3.7184357	700.15015
3.7222748	703.23462
3.7261143	707.94843
3.7299538	708.33423
3.7337929	701.52527
3.7376324	700.84601
3.7414719	695.60309
3.745311	695.75977
3.7491505	698.86859
3.75299	706.10602
3.7568291	707.85999
3.7606686	707.49335
3.7645081	705.26184
3.7683475	703.57611
3.7721867	706.14392
3.7760262	708.12976
3.7798656	704.21503
3.7837048	708.6181
3.7875443	707.63794
3.7913837	712.42651
3.7952229	714.93317
3.7990623	712.36847
3.8029018	710.32544
3.806741	705.99408
3.8105804	702.12054
3.8144199	703.23334
3.8182594	700.04547
3.8220985	698.26324
3.825938	700.45966
3.8297775	694.5567
3.8336166	699.88586
3.8374561	696.81915
3.8412956	691.43689
3.8451347	694.8241
3.8489742	693.19794
3.8528137	703.94403
3.8566528	709.4577
3.8604923	708.15027
3.8643318	704.81628
3.8681713	704.77771
3.8720104	701.0249
3.8758499	708.52478
3.8796894	711.76654
3.8835285	703.8736
3.887368	702.61627
3.8912075	697.7962
3.8950466	699.83301
3.8988861	706.77313
3.9027256	701.99036
3.9065647	700.65881
3.9104042	698.35626
3.9142437	695.71417
3.9180832	699.39642
3.9219223	700.13403
3.9257618	705.01013
3.9296013	707.67657
3.9334404	705.40839
3.9372799	693.81372
3.9411194	687.21027
3.9449585	678.59161
3.948798	672.70831
3.9526375	677.16742
3.956477	675.45276
3.9603161	683.79889
3.9641556	683.42731
3.9679951	692.17206
3.9718342	696.6698
3.9756737	697.3623
3.9795132	692.27502
3.9833523	687.66046
3.9871918	686.66028
3.9910313	698.82825
3.9948704	695.00739
3.9987099	700.74304
4.0025494	698.9198
4.0063889	694.17871
4.010228	693.30225
4.0140675	690.88409
4.017907	690.26062
4.0217461	691.18567
4.0255856	693.02295
4.029425	686.8465
4.0332642	687.05933
4.0371037	677.96393
4.0409431	675.55243
4.0447823	681.52185
4.0486217	684.36859
4.0524612	693.22107
4.0563007	684.56421
4.0601398	674.26807
4.0639793	678.94214
4.0678188	683.5733
4.0716579	698.18018
4.0754974	692.76178
4.0793369	694.55786
4.083176	688.45947
4.0870155	689.40631
4.090855	688.52368
4.0946941	683.54376
4.0985336	687.97998
4.1023731	693.54132
4.1062126	696.42572
4.1100517	693.51038
4.1138912	685.82104
4.1177307	676.47021
4.1215698	678.18915
4.1254093	676.79254
4.1292488	688.24493
4.1330879	691.86023
4.1369274	692.16388
4.1407669	694.79639
4.144606	689.80804
4.1484455	692.21033
4.152285	698.53497
4.1561245	698.07147
4.1599636	692.30231
4.1638031	686.23083
4.1676426	683.17133
4.1714817	683.32513
4.1753212	689.44769
4.1791607	686.28607
4.1829998	680.50818
4.1868393	678.09821
4.1906788	676.04431
4.1945179	676.93201
4.1983574	690.62756
4.2021969	691.00708
4.2060364	693.0506
4.2098755	684.94775
4.213715	680.30377
4.2175545	676.51263
4.2213936	680.31866
4.2252331	685.75317
4.2290726	691.43304
4.2329117	700.24829
4.2367512	703.54181
4.2405907	700.50238
4.2444302	700.47034
4.2482693	692.492
4.2521088	688.80878
4.2559483	684.42291
4.2597874	681.07825
4.2636269	675.40918
4.2674664	680.15948
4.2713055	684.29828
4.275145	685.54498
4.2789845	686.45074
4.2828236	681.8205
4.2866631	684.37769
4.2905025	694.36188
4.294342	701.93921
4.2981812	693.32886
4.3020206	694.22198
4.3058601	684.32623
4.3096992	684.99042
4.3135387	683.47931
4.3173782	680.47858
4.3212173	685.74414
4.3250568	698.42548
4.3288963	702.46967
4.3327354	695.89374
4.3365749	678.82703
4.3404144	664.91241
4.3442539	658.65198
4.348093	661.24945
4.3519325	670.3407
4.355772	677.1283
4.3596111	677.33405
4.3634506	674.79999
4.3672901	675.11279
4.3711292	675.07263
4.3749687	678.15369
4.3788082	676.22345
4.3826473	674.62903
4.3864868	681.36017
4.3903263	679.2052
4.3941658	678.63763
4.3980049	669.44159
4.4018444	666.53558
4.4056839	664.56958
4.409523	668.01727
4.4133625	667.63245
4.417202	667.67255
4.4210411	665.70874
4.4248806	667.17743
4.4287201	659.5965
4.4325592	660.38007
4.4363987	660.30756
4.4402382	663.86566
4.4440777	677.01434
4.4479168	676.73193
4.4517563	675.46057
4.4555958	662.56415
4.4594349	656.01392
4.4632744	659.19995
4.4671139	663.30322
4.470953	668.88513
4.4747925	670.7699
4.478632	676.89221
4.4824711	679.64679
4.4863106	677.23383
4.4901501	674.698
4.4939896	671.9519
4.4978287	673.19934
4.5016682	676.63635
4.5055077	684.55188
4.5093468	687.93115
4.5131863	686.34735
4.5170258	687.2251
4.5208649	678.99866
4.5247044	679.13672
4.5285439	680.19226
4.5323833	680.45135
4.5362225	680.72235
4.540062	677.35126
4.5439014	678.45892
4.5477406	677.16638
4.55158	681.35791
4.5554195	684.47455
4.5592587	679.86932
4.5630981	681.22534
4.5669376	675.46564
4.5707767	674.69214
4.5746162	669.6944
4.5784557	669.26233
4.5822952	664.91901
4.5861343	666.20673
4.5899738	672.16064
4.5938133	671.12537
4.5976524	666.53241
4.6014919	666.93152
4.6053314	667.82678
4.6091705	667.92572
4.61301	675.42249
4.6168495	673.93835
4.6206886	682.27136
4.6245281	678.8338
4.6283676	678.23834
4.6322071	667.25433
4.6360462	664.10791
4.6398857	660.03943
4.6437252	665.41663
4.6475643	671.60242
4.6514038	677.20337
4.6552433	678.0293
4.6590824	679.60791
4.6629219	683.89703
4.6667614	681.1048
4.6706005	679.33881
4.67444	673.23199
4.6782795	663.1925
4.682119	661.3819
4.6859581	655.37372
4.6897976	662.17725
4.6936371	663.7644
4.6974762	664.99994
4.7013157	658.08191
4.7051552	653.02625
4.7089943	657.98694
4.7128338	666.52081
4.7166733	679.38135
4.7205124	680.0423
4.7243519	671.87476
4.7281914	661.45032
4.7320309	655.14771
4.73587	656.51849
4.7397095	653.77655
4.743549	662.45294
4.7473881	660.03137
4.7512276	659.39752
4.7550671	662.16693
4.7589062	657.98126
4.7627457	663.67163
4.7665852	661.23566
4.7704243	662.12024
4.7742638	660.5661
4.7781033	659.64069
4.7819427	658.46277
4.7857819	650.02094
4.7896214	650.19666
4.7934608	654.76892
4.7973	652.89374
4.8011395	655.18268
4.8049789	653.50714
4.8088181	653.81958
4.8126575	661.06244
4.816497	660.44568
4.8203365	657.01672
4.8241756	647.63379
4.8280151	648.7868
4.8318546	641.7196
4.8356937	641.63977
4.8395332	644.27826
4.8433727	650.66089
4.8472118	657.34393
4.8510513	664.80652
4.8548908	663.34619
4.8587299	660.80371
4.8625694	654.74921
4.8664089	649.19891
4.8702484	646.79913
4.8740875	657.65216
4.877927	662.32385
4.8817665	660.31018
4.8856056	653.52252
4.8894451	642.85901
4.8932846	638.20929
4.8971237	631.59338
4.9009632	632.25452
4.9048027	635.60632
4.9086418	638.84296
4.9124813	643.9903
4.9163208	635.3421
4.9201603	632.16577
4.9239994	631.77191
4.9278389	633.14136
4.9316784	647.42902
4.9355175	655.43719
4.939357	660.25104
4.9431965	663.00372
4.9470356	656.61493
4.9508751	648.22888
4.9547146	652.60034
4.9585537	647.87219
4.9623932	644.52759
4.9662327	636.40009
4.9700722	622.93652
4.9739113	620.82043
4.9777508	620.66229
4.9815903	621.82806
4.9854294	632.05615
4.9892689	633.20074
4.9931084	647.73883
4.9969475	650.40326
5.000787	649.34155
5.0046265	652.39929
5.0084656	639.02319
5.0123051	642.35339
5.0161446	630.94489
5.0199841	624.89191
5.0238232	627.60925
5.0276627	632.6828
5.0315022	633.02887
5.0353413	630.92194
5.0391808	622.29108
5.0430202	625.36285
5.0468594	625.8053
5.0506989	635.54657
5.0545383	636.7558
5.0583778	644.33154
5.0622169	648.17828
5.0660564	642.34796
5.0698959	628.37543
5.073735	606.55792
5.0775745	600.2536
5.081414	604.48157
5.0852531	612.03882
5.0890926	622.93713
5.0929321	618.04633
5.0967712	617.10669
5.1006107	612.9751
5.1044502	609.18024
5.1082897	615.33606
5.1121288	623.87506
5.1159683	629.68683
5.1198078	625.36328
5.1236469	611.67987
5.1274864	610.48242
5.1313259	615.55206
5.135165	621.04956
5.1390045	624.91034
5.142844	620.22131
5.1466831	617.01813
5.1505226	620.08276
5.1543621	612.18048
5.1582016	606.24597
5.1620407	607.51636
5.1658802	611.52618
5.1697197	621.50769
5.1735588	611.33289
5.1773983	607.65234
5.1812378	598.14667
5.1850769	600.38068
5.1889164	613.29993
5.1927559	624.22931
5.196595	628.34943
5.2004345	620.08771
5.204274	615.14136
5.2081135	616.06586
5.2119526	624.07513
5.2157921	624.1767
5.2196316	615.47595
5.2234707	615.61261
5.2273102	621.12909
5.2311497	631.90271
5.2349888	632.11102
5.2388283	632.15283
5.2426678	627.29724
5.2465069	622.90222
5.2503464	629.49072
5.2541859	632.93134
5.2580254	643.9856
5.2618645	635.54846
5.265704	631.61346
5.2695435	626.62231
5.2733826	636.4826
5.2772221	626.69867
5.2810616	614.14508
5.2849007	605.00183
5.2887402	595.85455
5.2925797	608.42749
5.2964188	616.26263
5.3002583	620.43768
5.3040977	629.58313
5.3079372	633.09991
5.3117764	636.38342
5.3156158	631.09796
5.3194553	616.14563
5.3232944	607.95776
5.3271339	601.85382
5.3309734	602.08917
5.3348125	594.82587
5.338652	591.17542
5.3424915	592.31921
5.346331	602.48645
5.3501701	606.41217
5.3540096	607.07343
5.3578491	599.94403
5.3616882	601.29694
5.3655277	605.39001
5.3693672	622.66467
5.3732063	626.55688
5.3770458	629.79449
5.3808853	621.49127
5.3847244	627.17932
5.3885639	625.54358
5.3924034	628.56427
5.3962429	617.65533
5.400082	606.90601
5.4039215	612.87305
5.407761	620.65253
5.4116001	625.19348
5.4154396	620.6225
5.4192791	614.68799
5.4231182	617.12848
5.4269577	615.40747
5.4307972	620.49493
5.4346363	622.15601
5.4384758	622.54718
5.4423153	621.87744
5.4461548	620.32184
5.4499939	627.16626
5.4538334	627.76929
5.4576729	625.07117
5.461512	611.3399
5.4653515	608.07361
5.469191	611.4129
5.4730301	621.99872
5.4768696	621.18201
5.4807091	621.43311
5.4845482	615.63074
5.4883877	616.9137
5.4922272	611.04846
5.4960667	613.927
5.4999058	605.08459
5.5037453	608.99023
5.5075848	614.75757
5.5114239	618.85437
5.5152634	621.23151
5.5191029	619.65356
5.522942	625.48181
5.5267815	624.96014
5.530621	617.70532
5.5344601	603.57257
5.5382996	601.06244
5.5421391	601.37531
5.5459785	608.99634
5.5498177	607.96033
5.5536572	601.11786
5.5574966	593.48438
5.5613358	586.03998
5.5651752	589.26514
5.5690147	595.21661
5.5728539	605.54486
5.5766933	614.53381
5.5805328	613.20532
5.5843719	610.55878
5.5882114	610.50134
5.5920509	612.43646
5.5958904	611.80457
5.5997295	608.74329
5.603569	610.93243
5.6074085	616.10419
5.6112476	619.00153
5.6150871	621.33514
5.6189266	609.23395
5.6227657	599.90851
5.6266052	599.74701
5.6304447	605.29596
5.6342842	618.57233
5.6381233	622.18268
5.6419628	612.19598
5.6458023	603.508
5.6496414	588.13654
5.6534809	592.73773
5.6573204	597.97046
5.6611595	614.34991
5.664999	622.1535
5.6688385	623.69556
5.6726776	626.32837
5.6765171	623.92419
5.6803566	614.67712
5.6841961	613.85602
5.6880352	603.39685
5.6918747	607.06476
5.6957142	606.63977
5.6995533	619.71014
5.7033928	624.15063
5.7072323	617.39819
5.7110714	606.38354
5.7149109	604.99139
5.7187504	609.48309
5.7225895	602.43488
5.726429	588.52399
5.7302685	594.22449
5.734108	602.56403
5.7379471	613.07153
5.7417866	601.1488
5.7456261	596.34509
5.7494652	591.57654
5.7533047	595.75769
5.7571442	593.97955
5.7609833	592.67267
5.7648228	589.18909
5.7686623	585.69159
5.7725014	586.9021
5.7763409	597.44037
5.7801804	604.64404
5.7840199	615.05591
5.787859	613.4032
5.7916985	604.25806
5.7955379	600.91541
5.7993771	605.99146
5.8032166	598.42572
5.807056	598.94922
5.8108952	595.80524
5.8147346	599.98334
5.8185741	603.10339
5.8224133	606.49451
5.8262527	603.25757
5.8300922	602.4538
5.8339317	600.06494
5.8377708	600.07617
5.8416103	614.52753
5.8454498	614.39832
5.8492889	611.89771
5.8531284	602.72516
5.8569679	595.94586
5.860807	591.45331
5.8646465	584.96838
5.868486	584.41858
5.8723251	588.2937
5.8761646	588.97058
5.8800041	587.07697
5.8838436	590.57922
5.8876827	596.78351
5.8915222	600.8363
5.8953617	596.63635
5.8992008	598.01556
5.9030403	594.20605
5.9068798	595.82947
5.9107189	593.15833
5.9145584	591.65552
5.9183979	590.79315
5.9222374	596.10016
5.9260765	598.01398
5.929916	592.40961
5.9337555	592.15002
5.9375946	584.25989
5.9414341	584.98401
5.9452736	581.27509
5.9491127	572.82306
5.9529522	575.76239
5.9567917	582.43073
5.9606308	581.46814
5.9644703	580.85553
5.9683098	572.78442
5.9721493	567.25275
5.9759884	569.85059
5.9798279	571.39825
5.9836674	580.06982
5.9875065	585.67004
5.991346	584.66974
5.9951855	585.6709
5.9990246	583.04364
6.0028641	586.12665
6.0067036	576.63452
6.0105427	569.56476
6.0143822	569.01709
6.0182217	572.74487
6.0220612	583.09747
6.0259003	586.88092
6.0297398	584.04944
6.0335793	582.15381
6.0374184	585.66754
6.0412579	586.44281
6.0450974	589.69659
6.0489365	593.10156
6.052776	589.5907
6.0566154	588.35229
6.0604546	586.36066
6.0642941	592.20007
6.0681335	593.02252
6.071973	589.16937
6.0758121	574.84442
6.0796516	571.82935
6.0834911	568.84589
6.0873302	573.25537
6.0911697	572.56769
6.0950092	573.49823
6.0988483	579.69867
6.1026878	584.62793
6.1065273	594.24841
6.1103664	597.5874
6.1142059	598.84229
6.1180454	598.57703
6.1218849	602.40076
6.125724	603.45312
6.1295635	602.71985
6.133403	604.24445
6.1372421	605.80865
6.1410816	599.23975
6.1449211	591.10919
6.1487602	580.34344
6.1525997	580.90643
6.1564392	586.4726
6.1602783	586.40442
6.1641178	576.36218
6.1679573	566.45734
6.1717968	556.21844
6.1756359	559.42273
6.1794754	574.28839
6.1833149	576.93945
6.187154	585.98657
6.1909935	568.74365
6.194833	562.86725
6.1986721	563.09796
6.2025116	566.00623
6.2063511	576.88556
6.2101906	570.53833
6.2140297	570.94031
6.2178692	566.86499
6.2217087	568.23602
6.2255478	566.48846
6.2293873	565.79169
6.2332268	560.62842
6.2370659	558.50653
6.2409054	559.62866
6.2447449	560.83142
6.248584	564.65973
6.2524235	560.44922
6.256263	561.20886
6.2601025	568.75507
6.2639416	572.22095
6.2677811	570.15979
6.2716206	563.19275
6.2754597	562.59924
6.2792992	560.45959
6.2831387	565.45166
6.2869778	567.59717
6.2908173	571.60645
6.2946568	570.94696
6.2984959	563.86346
6.3023354	569.80615
6.3061749	576.53058
6.3100143	581.82983
6.3138535	581.48297
6.3176929	578.32806
6.3215324	578.31049
6.3253716	572.35791
6.329211	565.69489
6.3330505	567.89807
6.3368896	565.72375
6.3407291	565.00818
6.3445686	563.55927
6.3484077	571.67273
6.3522472	582.54773
6.3560867	583.55585
6.3599262	576.50989
6.3637653	576.04956
6.3676048	569.98871
6.3714443	577.92712
6.3752834	579.41888
6.3791229	582.98853
6.3829624	578.91162
6.3868015	581.21912
6.390641	583.07794
6.3944805	583.63416
6.3983196	592.6795
6.4021591	582.15125
6.4059982	578.06927
6.4098381	572.16077
6.4136772	571.19861
6.4175163	584.89368
6.4213562	595.1076
6.4251953	605.6496
6.4290352	603.68066
6.4328743	596.28857
6.4367134	582.83746
6.4405533	582.22522
6.4443924	584.80511
6.4482315	583.09216
6.4520714	582.35071
6.4559105	575.92462
6.4597496	563.34961
6.4635895	557.05438
6.4674286	555.45404
6.4712677	562.88721
6.4751076	572.18542
6.4789467	572.88074
6.4827858	558.85913
6.4866257	563.67474
6.4904648	564.61157
6.4943039	575.91333
6.4981438	588.46515
6.5019829	580.39886
6.505822	566.2691
6.5096619	551.37592
6.513501	557.77655
6.5173401	569.96375
6.52118	585.41571
6.5250191	570.23822
6.5288589	561.94678
6.5326981	554.71948
6.5365372	562.34723
6.540377	560.06757
6.5442162	558.97968
6.5480553	563.92249
6.5518951	572.95197
6.5557343	582.23389
6.5595734	572.23132
6.5634132	570.67841
6.5672523	568.05957
6.5710915	578.38306
6.5749313	564.08093
6.5787704	552.14801
6.5826096	538.13806
6.5864494	551.98853
6.5902885	565.68719
6.5941277	569.43762
6.5979675	551.88428
6.6018066	548.5235
6.6056458	552.7746
6.6094856	563.8233
6.6133247	562.98187
6.6171646	567.71533
6.6210037	558.5932
6.6248428	567.81879
6.6286827	565.69855
6.6325218	570.85236
6.6363609	562.89008
6.6402008	558.70905
6.6440399	556.37787
6.647879	562.77979
6.6517189	559.02881
6.655558	564.78845
6.6593971	559.95349
6.663237	566.61432
6.6670761	562.71655
6.6709152	561.12585
6.6747551	561.24988
6.6785942	548.11407
6.6824333	538.0473
6.6862732	545.30023
6.6901123	548.2818
6.6939514	567.74512
6.6977913	561.43738
6.7016304	563.66675
6.7054695	555.42548
6.7093094	551.95117
6.7131485	546.60382
6.7169884	543.91998
6.7208275	539.41156
6.7246666	537.0257
6.7285065	541.11676
6.7323456	539.9743
6.7361847	551.94537
6.7400246	550.58765
6.7438637	550.44391
6.7477028	546.75153
6.7515427	547.28638
6.7553818	562.1377
6.7592209	567.21942
6.7630608	563.25458
6.7668999	568.19073
6.770739	571.39764
6.7745789	579.57117
6.778418	575.52289
6.7822571	569.77991
6.786097	568.95819
6.7899361	566.6778
6.7937752	567.19995
6.7976151	562.51642
6.8014542	550.41718
6.8052933	550.34338
6.8091331	558.37994
6.8129723	564.34283
6.8168121	558.59814
6.8206512	549.87274
6.8244904	556.48279
6.8283302	554.70032
6.8321693	552.79651
6.8360085	552.29205
6.8398483	559.63104
6.8436874	561.00342
6.8475266	556.29175
6.8513664	563.25793
6.8552055	565.45978
6.8590446	562.06622
6.8628845	557.04932
6.8667236	552.6759
6.8705627	558.85931
6.8744026	554.26086
6.8782417	549.6535
6.8820808	551.10138
6.8859207	556.41016
6.8897598	559.11285
6.8935989	554.40881
6.8974388	562.34924
6.9012779	570.48511
6.9051178	565.92883
6.9089569	548.83069
6.912796	529.92554
6.9166359	527.0257
6.920475	527.72998
6.9243141	532.86707
6.928154	529.4126
6.9319931	529.69812
6.9358322	528.68549
6.9396721	540.11505
6.9435112	552.14386
6.9473503	558.09851
6.9511902	550.8031
6.9550293	538.84222
6.9588684	530.63818
6.9627083	527.69446
6.9665474	527.21851
6.9703865	528.19904
6.9742264	538.87042
6.9780655	541.85815
6.9819046	542.80389
6.9857445	542.92596
6.9895836	541.03992
6.9934227	544.83032
6.9972626	539.03485
7.0011017	538.50397
7.0049416	546.10077
7.0087807	535.28607
7.0126198	542.15613
7.0164597	542.02472
7.0202988	558.47827
7.0241379	541.03076
7.0279778	534.59332
7.0318169	530.81982
7.035656	542.08032
7.0394958	539.17517
7.043335	533.19714
7.0471741	541.65173
7.0510139	552.55273
7.0548531	560.42792
7.0586922	557.91339
7.062532	555.68365
7.0663712	546.8562
7.0702103	535.04047
7.0740501	541.54712
7.0778893	544.46936
7.0817284	548.51666
7.0855682	548.91534
7.0894073	553.76074
7.0932465	554.19403
7.0970863	548.65143
7.1009254	540.97498
7.1047653	539.77881
7.1086044	537.40741
7.1124435	534.16705
7.1162834	536.82611
7.1201225	534.74902
7.1239616	532.67383
7.1278015	527.11865
7.1316406	526.41693
7.1354797	525.4873
7.1393196	528.38165
7.1431587	529.90656
7.1469978	525.58972
7.1508377	528.47382
7.1546768	526.82983
7.1585159	540.95172
7.1623558	544.70874
7.1661949	542.71259
7.170034	533.4494
7.1738739	530.86633
7.177713	536.13153
7.1815521	542.65979
7.185392	545.94434
7.1892311	542.14478
7.193071	534.54889
7.1969101	530.15778
7.2007492	538.53351
7.2045891	541.95435
7.2084282	548.75305
7.2122673	537.33356
7.2161072	540.95312
7.2199463	538.65973
7.2237854	542.52454
7.2276253	540.91223
7.2314644	538.28906
7.2353035	531.24835
7.2391434	525.17682
7.2429825	526.77478
7.2468216	528.95673
7.2506615	541.55969
7.2545006	534.82684
7.2583397	532.64325
7.2621796	531.75934
7.2660187	545.02765
7.2698578	551.73547
7.2736977	535.91815
7.2775368	522.64221
7.2813759	513.32141
7.2852158	521.6629
7.2890549	527.5329
7.2928947	537.98596
7.2967339	547.58325
7.300573	539.28955
7.3044128	538.62787
7.308252	533.38434
7.3120911	524.47168
7.3159309	522.40533
7.3197701	519.64667
7.3236092	524.17371
7.327449	523.05048
7.3312881	522.56842
7.3351273	525.99475
7.3389671	525.42908
7.3428062	515.95703
7.3466454	516.77338
7.3504852	511.34128
7.3543243	516.39056
7.3581635	519.08081
7.3620033	520.65082
7.3658424	523.5462
7.3696815	522.5603
7.3735214	520.58093
7.3773605	520.01874
7.3811996	516.41943
7.3850395	512.20221
7.3888786	509.66708
7.3927185	518.05225
7.3965576	536.86981
7.4003967	551.46686
7.4042366	552.8595
7.4080757	549.24719
7.4119148	540.0838
7.4157547	535.80078
7.4195938	528.05267
7.4234329	537.25269
7.4272728	537.07367
7.4311119	533.9621
7.434951	535.9292
7.4387909	535.82483
7.44263	536.99908
7.4464691	534.77051
7.450309	530.99921
7.4541481	537.8396
7.4579872	538.09711
7.4618271	536.42639
7.4656662	522.48486
7.4695053	513.14557
7.4733452	503.7359
7.4771843	510.06079
7.4810242	515.98303
7.4848633	518.98083
7.4887024	508.8342
7.4925423	508.48007
7.4963814	514.26117
7.5002205	525.06573
7.5040604	532.11743
7.5078995	529.03522
7.5117386	518.4624
7.5155785	509.99768
7.5194176	505.76544
7.5232567	506.38876
7.5270966	502.5517
7.5309357	505.08829
7.5347748	504.0687
7.5386147	501.15121
7.5424538	497.46835
7.5462929	507.32025
7.5501328	520.2287
7.5539719	529.17657
7.557811	526.08923
7.5616508	519.82941
7.56549	512.72638
7.5693291	510.30521
7.5731689	513.01923
7.5770081	516.4173
7.5808479	512.74304
7.584687	503.40085
7.5885262	511.8143
7.592366	512.59344
7.5962051	521.6272
7.6000443	507.98929
7.6038841	503.19156
7.6077232	502.67764
7.6115623	514.5932
7.6154022	524.12878
7.6192413	531.35443
7.6230804	524.09875
7.6269203	526.86652
7.6307594	517.58234
7.6345985	517.70343
7.6384384	520.77313
7.6422775	527.16388
7.6461166	517.88312
7.6499565	506.12341
7.6537956	500.69327
7.6576347	511.87924
7.6614746	523.18384
7.6653137	523.27112
7.6691528	517.29584
7.6729927	503.04105
7.6768318	498.32217
7.6806717	495.19086
7.6845108	490.86572
7.6883499	492.50497
7.6921898	504.27374
7.6960289	519.33069
7.699868	515.57098
7.7037079	496.54565
7.707547	483.93121
7.7113861	498.08777
7.715226	510.44614
7.7190651	509.53174
7.7229042	493.42874
7.7267441	492.14905
7.7305832	494.22983
7.7344223	496.03882
7.7382622	489.24643
7.7421013	495.3327
7.7459404	500.26419
7.7497803	512.18182
7.7536194	519.35364
7.7574585	538.23022
7.7612984	526.6861
7.7651375	510.44443
7.7689774	490.5936
7.7728165	493.12836
7.7766556	500.49622
7.7804955	491.97861
7.7843346	490.36981
7.7881737	490.87402
7.7920135	506.45737
7.7958527	507.79816
7.7996918	495.15036
7.8035316	489.18927
7.8073708	488.09543
7.8112099	491.37558
7.8150497	493.33578
7.8188889	494.51346
7.822728	494.396
7.8265678	489.3053
7.830407	484.73053
7.8342461	478.86887
7.8380859	489.3678
7.841925	503.01617
7.8457642	516.42902
7.849604	502.33441
7.8534431	486.79166
7.8572823	487.24725
7.8611221	492.08337
7.8649612	504.88336
7.8688011	512.48444
7.8726402	518.22107
7.8764793	515.17548
7.8803192	510.96954
7.8841583	508.81616
7.8879974	505.42883
7.8918373	504.33188
7.8956764	493.97003
7.8995155	487.09329
7.9033554	483.27322
7.9071945	504.65152
7.9110336	511.52533
7.9148735	510.7211
7.9187126	497.54214
7.9225517	486.47278
7.9263916	486.16586
7.9302307	474.79492
7.9340698	476.47318
7.9379097	487.621
7.9417488	503.54221
7.9455879	506.46817
7.9494278	485.3949
7.9532669	479.20895
7.957106	485.99872
7.9609459	483.91052
7.964785	483.77213
7.9686249	482.79642
7.972464	489.92041
7.9763031	487.58887
7.980143	484.83249
7.9839821	495.03244
7.9878212	496.2388
7.9916611	497.32654
7.9955002	494.36481
7.9993393	488.39508
8.0031792	497.41074
8.0070183	494.53827
8.0108574	500.34027
8.0146973	498.26617
8.0185364	486.9747
8.0223755	479.94955
8.0262154	475.38605
8.0300545	495.1546
8.0338936	498.77942
8.0377335	498.789
8.0415726	492.95258
8.0454117	484.48074
8.0492516	474.11462
8.0530907	464.6254
8.0569305	471.56647
8.0607697	475.15906
8.0646088	465.32526
8.0684486	466.849
8.0722878	474.48978
8.0761269	494.91446
8.0799667	495.69583
8.0838058	498.16428
8.087645	526.45978
8.0914848	537.75366
8.0953239	531.81451
8.0991631	508.16602
8.1030029	505.64618
8.106842	512.79468
8.1106812	499.69785
8.114521	501.5722
8.1183601	492.08749
8.1221992	502.53894
8.1260391	493.49472
8.1298782	502.06097
8.1337173	499.33835
8.1375572	504.62686
8.1413963	495.31653
8.1452354	493.96667
8.1490753	481.31281
8.1529144	480.39996
8.1567543	477.98434
8.1605934	482.86261
8.1644325	476.93607
8.1682724	481.39423
8.1721115	478.34671
8.1759506	476.56586
8.1797905	467.65033
8.1836296	470.56958
8.1874687	474.11343
8.1913086	481.89771
8.1951477	484.08972
8.1989868	474.90338
8.2028267	460.70724
8.2066658	459.22821
8.2105049	468.27075
8.2143448	469.96606
8.2181839	458.3819
8.222023	449.56229
8.2258629	461.86282
8.229702	475.54123
8.2335411	489.5354
8.237381	495.70654
8.2412201	492.96573
8.2450592	489.89044
8.2488991	484.22681
8.2527382	483.76526
8.2565781	488.01489
8.2604172	487.37592
8.2642563	484.99075
8.2680962	480.689
8.2719353	479.62079
8.2757744	486.44785
8.2796143	486.76419
8.2834534	483.71548
8.2872925	475.52872
8.2911324	469.13739
8.2949715	472.72028
8.2988106	471.1358
8.3026505	477.15323
8.3064896	475.75244
8.3103287	477.16608
8.3141685	470.7919
8.3180077	477.67868
8.3218468	493.2919
8.3256866	502.59564
8.3295258	502.75089
8.3333649	507.00729
8.3372047	516.48926
8.3410439	512.29169
8.3448837	489.27939
8.3487228	476.7822
8.352562	485.75113
8.3564018	504.85602
8.3602409	501.54288
8.36408	489.32269
8.3679199	483.62711
8.371759	491.31161
8.3755981	478.11963
8.379438	470.24234
8.3832771	459.20932
8.3871162	478.93219
8.3909561	483.72723
8.3947952	485.59546
8.3986343	464.56506
8.4024742	464.18283
8.4063133	454.37091
8.4101524	461.75848
8.4139923	461.50232
8.4178314	466.77594
8.4216705	468.33954
8.4255104	454.73947
8.4293495	450.68912
8.4331886	449.39279
8.4370285	461.29434
8.4408676	472.17938
8.4447075	481.87857
8.4485466	479.02014
8.4523857	473.97476
8.4562256	464.32645
8.4600647	472.2695
8.4639038	461.85635
8.4677437	468.57657
8.4715828	459.60611
8.4754219	464.4996
8.4792618	468.89865
8.4831009	479.00928
8.48694	483.91916
8.4907799	465.07745
8.494619	458.35568
8.4984581	462.68173
8.502298	467.76236
8.5061371	466.81653
8.5099762	468.68512
8.5138161	477.12512
8.5176552	488.88138
8.5214943	488.14572
8.5253342	472.81039
8.5291733	460.35233
8.5330124	444.49283
8.5368523	454.78607
8.5406914	466.59744
8.5445312	476.76178
8.5483704	475.64844
8.5522095	460.08228
8.5560493	456.50647
8.5598885	446.65131
8.5637276	454.65146
8.5675674	463.85971
8.5714066	461.48672
8.5752457	444.59055
8.5790855	446.2627
8.5829247	462.06567
8.5867638	477.20471
8.5906036	471.65125
8.5944427	470.82166
8.5982819	462.93381
8.6021217	457.8858
8.6059608	462.39093
8.6098	473.15488
8.6136398	473.47491
8.6174789	465.76776
8.6213181	467.96555
8.6251579	475.43848
8.628997	480.6825
8.6328369	476.37717
8.636676	473.79712
8.6405151	470.67905
8.644355	477.67972
8.6481941	475.70786
8.6520332	478.61615
8.6558731	468.51282
8.6597122	465.73065
8.6635513	470.09103
8.6673912	489.24127
8.6712303	497.56888
8.6750694	491.50464
8.6789093	474.42401
8.6827484	471.18338
8.6865875	478.03122
8.6904274	475.82263
8.6942665	475.18127
8.6981056	466.1026
8.7019455	471.91995
8.7057846	473.06229
8.7096237	473.76309
8.7134636	466.90207
8.7173027	460.36984
8.7211418	455.0914
8.7249817	451.23288
8.7288208	450.16965
8.7326607	447.84039
8.7364998	463.85751
8.7403389	469.2691
8.7441788	469.74716
8.7480179	455.25278
8.751857	465.31598
8.7556969	474.36932
8.759536	475.65759
8.7633751	463.23822
8.767215	458.2814
8.7710541	465.17535
8.7748932	475.43982
8.7787331	473.79697
8.7825722	468.45898
8.7864113	458.07898
8.7902512	450.04025
8.7940903	455.45447
8.7979294	471.4129
8.8017693	489.14703
8.8056084	492.85947
8.8094475	494.79669
8.8132874	482.17422
8.8171265	484.67313
8.8209656	469.82843
8.8248055	453.70334
8.8286446	424.18896
8.8324844	424.87335
8.8363235	435.69791
8.8401627	457.92123
8.8440025	477.04257
8.8478416	479.59161
8.8516808	468.63995
8.8555206	449.91614
8.8593597	442.91656
8.8631989	440.08072
8.8670387	450.16345
8.8708778	452.46658
8.8747169	453.28876
8.8785568	467.4635
8.8823959	474.46698
8.886235	472.52832
8.8900749	454.27249
8.893914	450.86157
8.8977531	446.16757
8.901593	445.0903
8.9054321	437.97427
8.9092712	451.05627
8.9131111	449.15472
8.9169502	458.37762
8.9207901	450.51221
8.9246292	461.81363
8.9284683	467.22183
8.9323082	473.55176
8.9361473	472.42801
8.9399864	464.22443
8.9438263	451.22314
8.9476654	444.65302
8.9515045	441.11206
8.9553444	448.19412
8.9591835	459.30972
8.9630226	455.0928
8.9668625	449.81744
8.9707016	438.14651
8.9745407	450.93338
8.9783806	464.02426
8.9822197	478.06335
8.9860588	462.4906
8.9898987	462.1113
8.9937378	464.00269
8.9975769	469.29987
9.0014168	452.71722
9.0052559	452.44397
9.009095	452.89487
9.0129349	452.03998
9.016774	453.98401
9.0206139	463.17468
9.024453	463.75751
9.0282921	459.06818
9.032132	454.52432
9.0359711	441.49149
9.0398102	440.17316
9.0436501	459.1116
9.0474892	474.86667
9.0513283	476.79987
9.0551682	460.87692
9.0590073	463.37329
9.0628464	459.30728
9.0666862	456.51538
9.0705254	451.13086
9.0743645	456.4429
9.0782043	474.45688
9.0820435	478.23758
9.0858826	474.20847
9.0897224	457.24652
9.0935616	468.87717
9.0974007	470.73856
9.1012405	463.67297
9.1050797	464.08087
9.1089188	480.97403
9.1127586	491.73657
9.1165977	473.87283
9.1204376	448.84308
9.1242767	446.01947
9.1281158	463.83798
9.1319557	474.44345
9.1357948	461.88611
9.1396339	436.42542
9.1434738	440.89417
9.1473129	446.70242
9.151152	466.56903
9.1549919	465.44037
9.158831	463.60736
9.1626701	449.26996
9.16651	445.35181
9.1703491	451.6012
9.1741882	457.76724
9.1780281	458.64322
9.1818672	452.59717
9.1857063	440.61655
9.1895462	444.91766
9.1933853	452.34912
9.1972244	461.34457
9.2010643	458.50909
9.2049034	462.62473
9.2087433	474.06458
9.2125824	470.27087
9.2164215	464.07724
9.2202614	463.24246
9.2241005	466.54291
9.2279396	464.64883
9.2317795	477.01837
9.2356186	486.53818
9.2394577	483.12424
9.2432976	455.9556
9.2471367	443.68884
9.2509758	451.00574
9.2548157	466.41312
9.2586548	468.70557
9.2624939	476.37115
9.2663338	468.21909
9.2701729	474.67825
9.274012	475.1424
9.2778519	473.99124
9.281691	474.85666
9.2855301	470.12366
9.28937	475.13242
9.2932091	478.25259
9.2970482	481.93796
9.3008881	477.09488
9.3047272	474.73599
9.308567	475.42392
9.3124062	475.69254
9.3162453	474.59903
9.3200851	475.59848
9.3239243	476.67685
9.3277634	465.25787
9.3316032	458.61487
9.3354424	466.78015
9.3392815	478.03848
9.3431213	467.0993
9.3469604	448.14282
9.3507996	441.64771
9.3546394	442.91837
9.3584785	447.9769
9.3623177	444.58411
9.3661575	447.23349
9.3699966	440.19601
9.3738358	438.43863
9.3776756	443.66772
9.3815147	447.14935
9.3853539	442.5965
9.3891937	431.8797
9.3930328	438.91959
9.3968719	448.19165
9.4007118	470.2128
9.4045509	461.64386
9.4083908	457.5209
9.4122299	447.56097
9.416069	454.26758
9.4199089	456.55606
9.423748	456.8291
9.4275871	446.8624
9.431427	437.20721
9.4352661	443.6239
9.4391052	453.9931
9.4429451	452.80118
9.4467842	455.63406
9.4506233	454.13748
9.4544632	454.0654
9.4583023	444.31247
9.4621414	433.63333
9.4659813	435.17606
9.4698204	429.85956
9.4736595	436.45053
9.4774994	454.3714
9.4813385	453.72076
9.4851776	459.63995
9.4890175	453.68811
9.4928566	456.41437
9.4966965	455.84381
9.5005356	457.34549
9.5043747	459.06058
9.5082146	470.38055
9.5120537	474.06631
9.5158928	458.85352
9.5197327	442.95477
9.5235718	440.58066
9.5274109	447.57187
9.5312508	447.76282
9.5350899	448.48932
9.538929	460.99164
9.5427689	477.49881
9.546608	486.97189
9.5504471	492.93866
9.554287	478.04117
9.5581261	482.677
9.5619652	486.16156
9.5658051	492.72333
9.5696442	477.0795
9.5734833	468.90591
9.5773232	473.45825
9.5811623	457.73535
9.5850014	462.11237
9.5888412	457.8468
9.5926804	452.10785
9.5965202	443.89212
9.6003593	461.98038
9.6041985	479.94257
9.6080383	479.98318
9.6118774	484.65851
9.6157166	479.60611
9.6195564	475.49762
9.6233955	472.43005
9.6272346	467.4805
9.6310745	467.48306
9.6349136	469.24359
9.6387527	470.59952
9.6425926	466.63943
9.6464317	456.24152
9.6502708	461.35297
9.6541107	464.44202
9.6579498	472.62982
9.6617889	468.15244
9.6656288	479.82156
9.6694679	480.23804
9.673307	479.54706
9.6771469	476.87912
9.680986	504.19608
9.6848251	505.47189
9.688665	482.89615
9.6925041	479.90451
9.696344	480.32187
9.7001831	474.49551
9.7040222	462.65878
9.7078621	466.57938
9.7117012	474.75955
9.7155403	473.1058
9.7193802	484.50348
9.7232193	494.61633
9.7270584	488.67902
9.7308983	474.7619
9.7347374	484.18976
9.7385765	487.83939
9.7424164	486.37238
9.7462555	460.25778
9.7500946	461.37469
9.7539345	474.07355
9.7577736	477.79349
9.7616127	470.79532
9.7654526	474.65591
9.7692917	474.74191
9.7731308	469.09286
9.7769707	452.8847
9.7808098	465.18939
9.7846497	486.00293
9.7884888	493.99844
9.7923279	471.32672
9.7961678	463.33084
9.8000069	459.17398
9.803846	458.61499
9.8076859	454.44022
9.811525	455.57834
9.8153641	443.79895
9.8192039	455.80594
9.8230431	463.87784
9.8268822	467.73898
9.830722	457.29919
9.8345612	447.65311
9.8384003	434.10028
9.8422401	438.18527
9.8460793	458.26224
9.8499184	477.17365
9.8537582	481.62015
9.8575974	464.43405
9.8614365	441.66214
9.8652763	457.77441
9.8691154	475.28616
9.8729546	481.90137
9.8767944	477.63531
9.8806335	476.31772
9.8844734	479.72079
9.8883125	461.84094
9.8921516	453.3472
9.8959915	442.69769
9.8998306	449.23099
9.9036697	453.70709
9.9075096	465.59946
9.9113487	468.81628
9.9151878	444.54303
9.9190277	446.23776
9.9228668	428.48526
9.9267059	428.6167
9.9305458	427.63846
9.9343849	456.58972
9.938224	471.98514
9.9420639	473.45285
9.945903	454.9559
9.9497421	425.53348
9.953582	426.76346
9.9574211	439.71548
9.9612602	467.50165
9.9651001	463.10202
9.9689392	465.70847
9.9727791	465.21164
9.9766182	476.46207
9.9804573	453.32401
9.9842972	437.42349
9.9881363	434.0062
9.9919754	454.80713
9.9958153	465.12424
9.9996544	471.31024
10.003493	471.00131
10.007333	464.07114
10.011172	456.2334
10.015012	482.95871
10.018851	490.02643
10.022691	489.4754
10.02653	473.74341
10.03037	451.24072
10.034209	454.04001
10.038048	443.18842
10.041888	437.0842
10.045727	438.17484
10.049566	447.9299
10.053406	439.35413
10.057245	428.39853
10.061084	446.80411
10.064924	458.53372
10.068763	474.78302
10.072603	480.49228
10.076442	492.01309
10.080281	474.63687
10.084121	454.21844
10.08796	446.47501
10.091799	452.22043
10.095639	467.49405
10.099478	479.43405
10.103317	484.18375
10.107157	460.66559
10.110996	438.81107
10.114835	435.08456
10.118675	454.74237
10.122514	469.65491
10.126353	471.50259
10.130193	467.78262
10.134032	469.1904
10.137872	460.48694
10.141711	452.23755
10.145551	458.0777
10.14939	469.49509
10.15323	479.80508
10.157069	474.18646
10.160908	450.724
10.164748	443.23618
10.168587	450.98663
10.172427	453.45657
10.176266	448.35672
10.180105	435.57492
10.183945	428.63828
10.187784	427.20358
10.191623	432.25714
10.195463	445.54474
10.199302	434.12625
10.203141	435.20694
10.206981	433.89871
10.21082	450.39221
10.214659	460.80609
10.218499	472.72986
10.222338	470.00589
10.226177	467.14963
10.230017	466.96582
10.233856	460.09448
10.237695	429.30545
10.241535	416.56473
10.245374	444.2312
10.249213	463.69003
10.253053	481.9473
10.256892	489.73004
10.260732	470.23511
10.264571	451.85938
10.26841	454.55429
10.27225	464.90756
10.276089	457.86786
10.279929	455.26962
10.283768	461.79425
10.287608	450.10849
10.291447	454.80304
10.295287	451.80389
10.299126	456.83475
10.302965	454.27286
10.306805	461.91806
10.310644	455.52713
10.314483	447.75186
10.318323	428.25745
10.322162	450.15863
10.326001	478.54779
10.329841	477.4144
10.33368	458.17551
10.337519	453.40897
10.341359	464.84885
10.345198	458.82809
10.349037	455.40173
10.352877	454.04926
10.356716	450.04202
10.360556	439.47684
10.364395	447.26324
10.368234	447.27899
10.372074	432.31198
10.375913	423.80081
10.379752	427.70767
10.383592	447.11115
10.387431	454.789
10.39127	457.85312
10.39511	471.94055
10.398949	474.14423
10.402789	458.25485
10.406628	460.50455
10.410468	459.63297
10.414307	461.16504
10.418147	450.46237
10.421986	463.16721
10.425825	462.69788
10.429665	452.46121
10.433504	449.64737
10.437343	457.04626
10.441183	458.82031
10.445022	445.78577
10.448861	430.46017
10.452701	407.38309
10.45654	408.51434
10.46038	430.66629
10.464219	452.71655
10.468058	460.30695
10.471898	455.71014
10.475737	456.27173
10.479576	427.28091
10.483416	427.58987
10.487255	440.42453
10.491094	473.90021
10.494934	495.75037
10.498773	491.10629
10.502612	478.04831
10.506452	475.46957
10.510291	470.94113
10.51413	463.01831
10.51797	462.66336
10.521809	468.16739
10.525648	480.82568
10.529488	498.58252
10.533327	482.2215
10.537167	459.13605
10.541006	440.35275
10.544846	460.19073
10.548685	477.8335
10.552525	500.43146
10.556364	491.89206
10.560204	486.37625
10.564043	463.08218
10.567882	437.02585
10.571722	425.40143
10.575561	446.35135
10.5794	454.99435
10.58324	436.83624
10.587079	449.37131
10.590918	484.32767
10.594758	475.90485
10.598597	459.27014
10.602436	464.37701
10.606276	476.25809
10.610115	464.13269
10.613954	452.38895
10.617794	446.67163
10.621633	449.09067
10.625472	467.65863
10.629312	464.81863
10.633151	457.1091
10.63699	451.65204
10.64083	460.09839
10.644669	452.86078
10.648509	448.60593
10.652348	442.2886
10.656187	450.90036
10.660027	466.95923
10.663866	482.86331
10.667706	477.40207
10.671545	458.33823
10.675385	450.62848
10.679224	448.41785
10.683064	442.01743
10.686903	437.92456
10.690742	442.23636
10.694582	448.1951
10.698421	457.79688
10.70226	471.46344
10.7061	465.85721
10.709939	466.28342
10.713778	468.4455
10.717618	474.11313
10.721457	448.61694
10.725296	424.98615
10.729136	427.20706
10.732975	452.38153
10.736814	474.97754
10.740654	487.09976
10.744493	484.8602
10.748333	464.8002
10.752172	462.60034
10.756011	451.83118
10.759851	446.58505
10.76369	440.4194
10.767529	439.40198
10.771369	429.10907
10.775208	425.62512
10.779047	425.62976
10.782887	441.66629
10.786726	457.09235
10.790565	442.72839
10.794405	450.65607
10.798244	469.07831
10.802084	482.32202
10.805923	476.26535
10.809763	449.19385
10.813602	448.61401
10.817442	449.28879
10.821281	447.01688
10.82512	452.26071
10.82896	467.91791
10.832799	464.09521
10.836639	459.38849
10.840478	472.44211
10.844317	477.05414
10.848157	458.76443
10.851996	468.70831
10.855835	466.59534
10.859675	446.54846
10.863514	423.54037
10.867353	451.94019
10.871193	483.77142
10.875032	467.47208
10.878871	463.81534
10.882711	473.39841
10.88655	446.84357
10.890389	414.85568
10.894229	417.01193
10.898068	428.96323
10.901907	452.34042
10.905747	476.93539
10.909586	466.92758
10.913425	446.54483
10.917265	460.9313
10.921104	483.85309
10.924944	462.97598
10.928783	434.61963
10.932623	437.03986
10.936462	441.50473
10.940302	443.21591
10.944141	454.67163
10.94798	461.23532
10.95182	469.04471
10.955659	468.56693
10.959499	470.13049
10.963338	456.43011
10.967177	451.98114
10.971017	475.29639
10.974856	482.02817
10.978695	470.78424
10.982535	458.79651
10.986374	454.3244
10.990213	450.05878
10.994053	473.61334
10.997892	482.25928
11.001731	480.74677
11.005571	462.71133
11.00941	467.3923
11.013249	468.42896
11.017089	455.26892
11.020928	450.71643
11.024767	458.51932
11.028607	450.32471
11.032446	456.76154
11.036286	476.36746
11.040125	468.57007
11.043964	446.01541
11.047804	470.00528
11.051643	482.82547
11.055482	457.94943
11.059322	434.15335
11.063161	437.11832
11.067001	444.04483
11.07084	436.63739
11.07468	449.52307
11.078519	450.56104
11.082359	453.99988
11.086198	446.1221
11.090037	451.66983
11.093877	457.68201
11.097716	427.49805
11.101555	417.67517
11.105395	429.68631
11.109234	445.04343
11.113073	449.17258
11.116913	444.69012
11.120752	442.99799
11.124592	443.37616
11.128431	461.29465
11.13227	460.81659
11.13611	454.32477
11.139949	451.5658
11.143788	453.85742
11.147628	452.8187
11.151467	439.89774
11.155306	447.45273
11.159146	464.81241
11.162985	463.59354
11.166824	446.17816
11.170664	440.95557
11.174503	440.15912
11.178342	434.10495
11.182182	454.30371
11.186021	460.28952
11.189861	462.39719
11.1937	461.76584
11.19754	457.45496
11.201379	452.06592
11.205219	466.19186
11.209058	473.64325
11.212897	449.40393
11.216737	443.33029
11.220576	459.73676
11.224416	465.82062
11.228255	445.92352
11.232094	435.41089
11.235934	426.76349
11.239773	439.00424
11.243612	440.1037
11.247452	442.30457
11.251291	439.89087
11.25513	424.48508
11.25897	434.21155
11.262809	445.61438
11.266648	439.94635
11.270488	425.91269
11.274327	422.99625
11.278166	445.88181
11.282006	456.24438
11.285845	431.77579
11.289684	402.6156
11.293524	406.98334
11.297363	408.12778
11.301202	416.15942
11.305042	424.27917
11.308881	449.62775
11.31272	442.39932
11.31656	417.26419
11.320399	405.06039
11.324239	418.34464
11.328078	442.53937
11.331918	451.71765
11.335757	474.33609
11.339597	468.59018
11.343436	452.38098
11.347276	446.11847
11.351115	424.69379
11.354954	438.33777
11.358794	458.82092
11.362633	425.59955
11.366472	437.03168
11.370312	459.56805
11.374151	476.02441
11.37799	467.07883
11.38183	438.76205
11.385669	420.77817
11.389508	415.27808
11.393348	413.42084
11.397187	440.478
11.401026	449.84918
11.404866	423.75732
11.408705	390.64929
11.412545	404.56436
11.416384	427.77899
11.420223	433.45779
11.424063	423.18228
11.427902	425.19016
11.431741	426.48718
11.435581	441.21011
11.43942	441.38269
11.443259	459.78513
11.447099	477.03052
11.450938	471.92203
11.454778	479.79691
11.458617	468.26584
11.462457	434.0311
11.466296	426.61758
11.470135	445.40469
11.473975	445.6395
11.477814	438.43134
11.481654	446.10226
11.485493	456.79568
11.489332	460.40338
11.493172	438.97433
11.497011	455.19357
11.50085	460.54413
11.50469	467.13474
11.508529	472.5199
11.512369	460.52396
11.516208	441.78348
11.520047	438.98245
11.523887	460.85107
11.527726	458.67596
11.531565	445.79202
11.535405	467.65607
11.539244	485.00742
11.543083	481.75641
11.546923	449.25778
11.550762	460.54297
11.554601	464.79053
11.558441	449.15524
11.56228	459.52991
11.566119	461.85172
11.569959	453.54562
11.573798	458.66678
11.577637	469.46964
11.581477	470.00418
11.585316	462.42477
11.589156	460.13748
11.592995	452.77869
11.596835	459.12134
11.600674	452.60559
11.604514	464.34241
11.608353	482.91199
11.612193	452.23093
11.616032	439.63336
11.619871	425.12552
11.623711	405.03177
11.62755	407.14542
11.631389	406.4671
11.635229	398.63385
11.639068	405.49185
11.642907	437.4393
11.646747	446.68057
11.650586	442.28085
11.654425	464.26846
11.658265	468.51468
11.662104	460.30054
11.665943	450.11734
11.669783	447.22055
11.673622	435.59402
11.677461	435.31189
11.681301	443.51001
11.68514	456.66623
11.688979	468.39453
11.692819	470.27948
11.696658	467.99542
11.700498	477.96179
11.704337	483.61447
11.708176	485.02542
11.712016	497.83673
11.715855	505.77408
11.719695	494.14493
11.723534	487.7323
11.727374	487.67593
11.731213	476.63358
11.735052	475.97672
11.738892	491.21381
11.742731	491.77609
11.746571	480.23743
11.75041	502.8129
11.754249	517.43561
11.758089	497.33017
11.761928	491.33499
11.765767	481.10648
11.769607	463.63632
11.773446	456.77036
11.777285	449.58856
11.781125	461.12463
11.784964	478.88077
11.788803	467.5368
11.792643	450.19446
11.796482	456.66452
11.800322	474.00861
11.804161	483.11517
11.808	464.17957
11.81184	430.75568
11.815679	442.17328
11.819518	465.21835
11.823358	470.15836
11.827197	484.48932
11.831036	500.15424
11.834876	493.88647
11.838715	469.24176
11.842554	427.0079
11.846394	404.04648
11.850233	431.57492
11.854073	468.67322
11.857912	469.38068
11.861752	462.12088
11.865591	473.7511
11.869431	471.31403
11.87327	461.65399
11.877109	455.65164
11.880949	471.94119
11.884788	463.22232
11.888627	449.66785
11.892467	466.72922
11.896306	467.5947
11.900146	464.159
11.903985	488.03033
11.907824	491.4429
11.911664	475.21167
11.915503	468.08304
11.919342	486.48965
11.923182	499.87286
11.927021	488.41858
11.93086	458.53381
11.9347	443.4967
11.938539	470.7608
11.942378	506.32059
11.946218	496.20593
11.950057	475.66794
11.953896	483.90503
11.957736	480.92606
11.961575	473.11383
11.965414	481.90872
11.969254	497.12894
11.973093	489.89288
11.976933	468.79672
11.980772	448.92874
11.984612	442.37857
11.988451	451.84265
11.99229	481.93921
11.99613	475.86615
11.999969	479.57556
12.003809	453.84433
12.007648	441.74472
12.011488	470.15225
12.015327	470.56628
12.019166	455.61664
12.023006	459.44836
12.026845	473.74664
12.030684	490.22238
12.034524	472.79996
12.038363	447.26266
12.042202	451.42355
12.046042	446.54834
12.049881	436.66403
12.05372	460.77032
12.05756	480.78955
12.061399	473.79153
12.065238	458.03857
12.069078	447.55542
12.072917	436.30795
12.076756	432.60019
12.080596	432.6637
12.084435	455.42896
12.088275	474.08563
12.092114	480.05145
12.095953	468.3934
12.099793	481.82117
12.103632	486.60736
12.107471	485.78485
12.111311	467.06125
12.11515	448.9313
12.11899	462.82996
12.122829	468.26855
12.126669	478.34174
12.130508	471.91315
12.134348	470.0451
12.138187	470.42007
12.142026	478.7442
12.145866	494.034
12.149705	466.60608
12.153544	450.72949
12.157384	467.31302
12.161223	460.54895
12.165062	469.1539
12.168902	448.8916
12.172741	419.52994
12.17658	434.74161
12.18042	473.61255
12.184259	490.02829
12.188099	488.28174
12.191938	457.18326
12.195777	440.44464
12.199617	456.02936
12.203456	451.12708
12.207295	455.16409
12.211135	473.13199
12.214974	468.14767
12.218813	443.80643
12.222653	452.38361
12.226492	471.01385
12.230331	458.42471
12.234171	451.63574
12.23801	458.77521
12.24185	484.51724
12.245689	469.51859
12.249529	449.72726
12.253368	444.12088
12.257207	464.30511
12.261047	469.08569
12.264886	446.48587
12.268726	446.10931
12.272565	454.80972
12.276405	457.86707
12.280244	472.47217
12.284083	470.789
12.287923	449.69547
12.291762	437.04294
12.295601	446.22836
12.299441	465.15784
12.30328	458.82501
12.307119	459.71011
12.310959	462.4736
12.314798	448.70535
12.318637	458.95209
12.322477	450.80826
12.326316	452.5405
12.330155	481.41843
12.333995	473.68896
12.337834	459.37433
12.341673	507.56339
12.345513	494.80405
12.349352	457.50754
12.353191	473.14114
12.357031	449.00009
12.36087	428.31134
12.364709	469.18509
12.368549	472.07971
12.372388	436.19427
12.376228	451.97882
12.380067	473.3432
12.383907	484.55414
12.387746	474.65762
12.391586	460.95529
12.395425	460.91632
12.399265	473.72095
12.403104	472.37122
12.406943	461.34445
12.410783	472.21161
12.414622	464.29251
12.418461	457.95847
12.422301	475.92334
12.42614	465.00226
12.429979	441.24606
12.433819	468.12314
12.437658	495.98373
12.441497	474.94186
12.445337	462.98727
12.449176	445.29184
12.453015	434.04303
12.456855	454.19901
12.460694	471.40808
12.464533	478.05795
12.468373	453.78622
12.472212	428.11691
12.476052	442.77225
12.479891	461.10089
12.48373	455.02469
12.48757	444.90338
12.491409	458.80161
12.495248	455.12933
12.499088	448.42987
12.502927	462.17001
12.506767	457.32144
12.510606	456.80396
12.514445	472.37161
12.518285	470.99759
12.522124	448.78442
12.525964	438.46555
12.529803	446.70157
12.533643	440.88269
12.537482	448.06857
12.541321	452.66745
12.545161	461.08984
12.549	466.27515
12.552839	444.35483
12.556679	461.98914
12.560518	474.98514
12.564358	468.45267
12.568197	464.81876
12.572036	475.93588
12.575876	482.01654
12.579715	490.06647
12.583554	500.85196
12.587394	469.19824
12.591233	449.97275
12.595072	454.39279
12.598912	442.59265
12.602751	453.68915
12.60659	474.79153
12.61043	486.53702
12.614269	475.71155
12.618108	481.89114
12.621948	499.51233
12.625787	508.32471
12.629626	509.29733
12.633466	482.28302
12.637305	479.80441
12.641145	470.43643
12.644984	474.41318
12.648824	521.85632
12.652663	514.91156
12.656503	480.50769
12.660342	490.741
12.664182	489.36505
12.668021	477.88559
12.67186	485.897
12.6757	493.42978
12.679539	482.72653
12.683378	474.58582
12.687218	518.46637
12.691057	521.97809
12.694896	483.21667
12.698736	476.78839
12.702575	474.59393
12.706414	467.82886
12.710254	441.70255
12.714093	444.98975
12.717932	466.99438
12.721772	479.84067
12.725611	499.07877
12.72945	470.78726
12.73329	427.00394
12.737129	409.1441
12.740968	422.44846
12.744808	475.38458
12.748647	496.18417
12.752486	462.55844
12.756326	446.6824
12.760165	478.37057
12.764005	490.07874
12.767844	483.34277
12.771684	465.97345
12.775523	466.51089
12.779362	488.8671
12.783202	495.02252
12.787041	472.78503
12.790881	458.29382
12.79472	491.93091
12.79856	490.45831
12.802399	462.15448
12.806238	463.44531
12.810077	477.31903
12.813918	480.1283
12.817757	471.53204
12.821596	480.81473
12.825435	496.34839
12.829274	467.97922
12.833113	454.14706
12.836954	465.25925
12.840793	450.11258
12.844632	454.90811
12.848471	481.42493
12.85231	492.09546
12.856149	491.99496
12.85999	471.98196
12.863829	468.71347
12.867668	464.03125
12.871507	469.42249
12.875346	488.45764
12.879185	482.12952
12.883026	510.48245
12.886865	533.45374
12.890704	488.47891
12.894543	461.25244
12.898383	463.8313
12.902223	478.23932
12.906062	498.0968
12.909901	480.89618
12.913741	467.18216
12.91758	466.91287
12.921419	488.1781
12.925259	507.1412
12.929099	513.29926
12.932938	497.13846
12.936777	464.05609
12.940616	468.68121
12.944455	456.01785
12.948296	453.1915
12.952135	485.76059
12.955974	503.57809
12.959813	484.62845
12.963652	480.04675
12.967491	495.61356
12.971332	458.51138
12.975171	432.68506
12.97901	438.81885
12.982849	475.52765
12.986688	509.57828
12.990527	508.51791
12.994368	512.54663
12.998207	511.4071
13.002046	525.69055
13.005885	523.26733
13.009724	501.62872
13.013565	486.46219
13.017404	474.17822
13.021243	466.36142
13.025082	475.50174
13.028922	504.07132
13.032761	488.85785
13.036601	477.94394
13.04044	485.18088
13.044279	465.26215
13.048119	469.77017
13.051958	468.18518
13.055797	462.23828
13.059637	474.07251
13.063477	479.24399
13.067316	484.43909
13.071155	478.62061
13.074994	481.14236
13.078833	471.39655
13.082674	456.78235
13.086513	445.76382
13.090352	461.48004
13.094191	494.78949
13.09803	514.45782
13.101871	489.96133
13.10571	481.03165
13.109549	490.99103
13.113388	472.44415
13.117227	448.92419
13.121066	463.54092
13.124907	472.51193
13.128746	475.94775
13.132585	505.2861
13.136424	493.27997
13.140263	486.43225
13.144102	510.7767
13.147943	491.19116
13.151782	455.6684
13.155621	430.43213
13.15946	444.57474
13.1633	505.29636
13.167139	501.13428
13.170979	476.81357
13.174818	500.2514
13.178658	485.0423
13.182497	466.38858
13.186336	454.4238
13.190176	433.37012
13.194016	430.54852
13.197855	464.24243
13.201694	462.30185
13.205533	451.17322
13.209372	484.01578
13.213213	482.09613
13.217052	498.4447
13.220891	500.08179
13.22473	499.65482
13.228569	508.11954
13.232408	495.49048
13.236249	487.53964
13.240088	470.68634
13.243927	458.29007
13.247766	463.58469
13.251605	484.39185
13.255444	504.10251
13.259285	478.41275
13.263124	466.64832
13.266963	482.54218
13.270802	467.61368
13.274641	472.55927
13.278481	508.01199
13.282321	515.73792
13.28616	521.95197
13.289999	504.07904
13.293839	477.55334
13.297678	496.42514
13.301518	530.67596
13.305357	547.76129
13.309196	533.36829
13.313036	496.50455
13.316875	516.48352
13.320714	475.90134
13.324554	438.13785
13.328394	492.92953
13.332233	504.04733
13.336072	493.50632
13.339911	489.71066
13.34375	457.72534
13.347591	478.00055
13.35143	497.36819
13.355269	497.42047
13.359108	496.26727
13.362947	499.51596
13.366786	487.72403
13.370627	478.85474
13.374466	503.35846
13.378305	531.70557
13.382144	511.75317
13.385983	493.129
13.389824	474.754
13.393663	474.89716
13.397502	498.39999
13.401341	500.62656
13.40518	502.55328
13.409019	508.87042
13.41286	508.32489
13.416699	489.78262
13.420538	465.70248
13.424377	472.39505
13.428217	481.02029
13.432056	442.24252
13.435896	447.74731
13.439735	494.29092
13.443575	532.07117
13.447414	517.86383
13.451253	505.37445
13.455092	511.27481
13.458932	526.72626
13.462772	525.47687
13.466611	497.42822
13.47045	523.7818
13.474289	523.51556
13.47813	508.50922
13.481969	562.92273
13.485808	554.46143
13.489647	501.8241
13.493486	490.67169
13.497325	471.11395
13.501166	474.74301
13.505005	508.64893
13.508844	515.91882
13.512683	529.25299
13.516522	517.02649
13.520361	499.09384
13.524202	497.30768
13.528041	460.60641
13.53188	444.68036
13.535719	486.73312
13.539558	515.27002
13.543398	500.63815
13.547238	508.67984
13.551077	524.23755
13.554916	512.67535
13.558755	508.05157
13.562595	493.19193
13.566434	483.54688
13.570274	494.56253
13.574113	492.43915
13.577953	478.97998
13.581792	460.16754
13.585631	484.46313
13.589471	510.90466
13.593311	528.37372
13.59715	491.0304
13.600989	482.84576
13.604828	472.43671
13.608667	478.59155
13.612508	493.7027
13.616347	488.56775
13.620186	471.84189
13.624025	454.60452
13.627864	495.25507
13.631703	475.31964
13.635544	421.66843
13.639383	443.86182
13.643222	509.34998
13.647061	533.45844
13.6509	466.97568
13.654739	448.82648
13.65858	500.3941
13.662419	512.93823
13.666258	509.54297
13.670097	501.60071
13.673936	510.3302
13.677777	520.68103
13.681616	516.09442
13.685455	528.57062
13.689294	488.18356
13.693134	492.25095
13.696973	476.48727
13.700813	508.78571
13.704652	548.75104
13.708492	542.48822
13.712331	553.84991
13.71617	507.97617
13.720009	474.49252
13.723849	503.03586
13.727689	511.04019
13.731528	509.35602
13.735367	510.78406
13.739206	527.22058
13.743045	538.14612
13.746886	516.06934
13.750725	537.5451
13.754564	498.50165
13.758403	486.66238
13.762242	521.39258
13.766083	517.84277
13.769922	506.53625
13.773761	543.36041
13.7776	547.96436
13.781439	572.21143
13.785278	540.86755
13.789119	470.84042
13.792958	456.37289
13.796797	459.4628
13.800636	504.71704
13.804475	507.7717
13.808315	474.84857
13.812155	464.33563
13.815994	472.64606
13.819833	495.45068
13.823672	497.26248
13.827512	464.91495
13.831351	505.78885
13.835191	514.94653
13.83903	562.55194
13.84287	522.96149
13.846709	503.71661
13.850548	567.32727
13.854387	555.6051
13.858228	560.83807
13.862067	517.72192
13.865906	493.31165
13.869745	452.40308
13.873584	431.14676
13.877425	454.61105
13.881264	467.53445
13.885103	492.8367
13.888942	502.71722
13.892781	493.25488
13.89662	467.72644
13.900461	491.58783
13.9043	510.54395
13.908139	531.90881
13.911978	526.4422
13.915817	490.25342
13.919656	483.64828
13.923497	472.01151
13.927336	478.64868
13.931175	497.02539
13.935014	490.16748
13.938853	503.99661
13.942693	519.68463
13.946533	515.50366
13.950372	556.20288
13.954211	546.75055
13.958051	491.90317
13.96189	554.52777
13.96573	524.62634
13.969569	478.92502
13.973409	532.82587
13.977248	582.91809
13.981087	543.36035
13.984926	494.4382
13.988766	482.84451
13.992606	503.62512
13.996445	511.90356
14.000284	496.71271
14.004123	481.7316
14.007962	511.40909
14.011803	549.72705
14.015642	536.64581
14.019481	561.9032
14.02332	577.14624
14.027159	510.07611
14.030998	486.70929
14.034839	507.03723
14.038678	524.22583
14.042517	542.35193
14.046356	531.01654
14.050195	491.28793
14.054036	491.14746
14.057875	500.11847
14.061714	477.28583
14.065553	517.32684
14.069392	518.03485
14.073232	476.09253
14.077072	503.70328
14.080911	540.22644
14.08475	534.56012
14.088589	507.83612
14.092429	516.29272
14.096268	519.33191
14.100108	513.57941
14.103947	500.57236
14.107787	493.15948
14.111626	489.8779
14.115465	529.58429
14.119304	552.1026
14.123145	529.30249
14.126984	495.54877
14.130823	473.31918
14.134662	473.27237
14.138501	486.50381
14.14234	466.12119
14.146181	500.04739
14.15002	491.41614
14.153859	520.01361
14.157698	532.55493
14.161537	519.7616
14.165378	526.23834
14.169217	580.83234
14.173056	517.82928
14.176895	510.6561
14.180734	548.88251
14.184573	585.77551
14.188414	583.9491
14.192253	529.17334
14.196092	520.3158
14.199931	547.70874
14.20377	518.59668
14.20761	482.38309
14.21145	476.66168
14.215289	536.39441
14.219128	535.57208
14.222968	540.24701
14.226807	513.11951
14.230646	485.91562
14.234486	530.32654
14.238326	522.32996
14.242165	525.34808
14.246004	499.52164
14.249843	472.51447
14.253683	513.85327
14.257523	513.80042
14.261362	490.91513
14.265201	469.47128
14.26904	501.20212
14.272879	519.25574
14.27672	543.19159
14.280559	525.55579
14.284398	475.91367
14.288237	462.7728
14.292076	516.63025
14.295915	531.24017
14.299756	523.99585
14.303595	545.15387
14.307434	549.25781
14.311273	573.7027
14.315112	591.90637
14.318951	521.78619
14.322792	545.07361
14.326631	548.19318
14.33047	484.01999
14.334309	515.04181
14.338148	519.28522
14.341989	512.84521
14.345828	529.1604
14.349667	517.85419
14.353506	506.56851
14.357346	493.16125
14.361185	500.04956
14.365025	553.35773
14.368864	542.14764
14.372704	566.43073
14.376543	584.4408
14.380382	586.52911
14.384221	534.58539
14.388062	510.57932
14.391901	520.53625
14.39574	533.46252
14.399579	508.74033
14.403418	486.71515
14.407257	499.15155
14.411098	495.15002
14.414937	488.61514
14.418776	511.98743
14.422615	520.5957
14.426454	508.98227
14.430293	518.47485
14.434134	519.7868
14.437973	543.14087
14.441812	544.0343
14.445651	556.0274
14.44949	540.00146
14.453331	491.73969
14.45717	515.91742
14.461009	552.66992
14.464848	540.828
14.468687	518.20197
14.472527	539.25452
14.476367	519.20508
14.480206	505.5112
14.484045	537.38916
14.487885	593.39478
14.491724	540.77728
14.495563	526.36646
14.499403	548.08173
14.503242	576.05896
14.507082	542.81757
14.510921	470.98895
14.51476	472.83408
14.518599	540.5871
14.52244	549.72638
14.526279	578.91565
14.530118	554.53088
14.533957	518.20245
14.537796	530.73956
14.541637	527.30219
14.545476	500.31488
14.549315	557.76862
14.553154	583.14496
14.556993	556.64679
14.560832	522.23505
14.564673	502.27493
14.568512	498.99161
14.572351	522.00989
14.57619	541.25983
14.580029	528.55328
14.583868	531.81665
14.587709	555.52228
14.591548	515.42688
14.595387	516.61304
14.599226	532.73682
14.603065	527.92065
14.606905	522.7428
14.610745	551.06073
14.614584	541.77484
14.618423	513.26428
14.622263	541.41479
14.626102	598.6889
14.629942	592.30768
14.633781	519.18652
14.637621	494.07965
14.64146	524.67773
14.645299	542.23193
14.649138	540.41479
14.652979	544.04022
14.656818	519.87439
14.660657	485.65213
14.664496	498.91513
14.668335	540.72809
14.672174	557.01428
14.676015	557.69824
14.679854	512.6225
14.683693	479.54309
14.687532	479.92572
14.691371	481.69208
14.69521	475.12924
14.699051	502.46933
14.70289	539.59473
14.706729	527.12994
14.710568	508.16266
14.714407	507.50134
14.718246	488.78653
14.722087	480.32373
14.725926	496.49149
14.729765	518.27716
14.733604	562.64117
14.737444	531.23114
14.741284	510.85498
14.745123	519.98132
14.748962	518.82721
14.752802	511.19302
14.756641	590.55756
14.76048	606.2265
14.76432	561.24542
14.768159	501.92676
14.771999	499.86691
14.775838	491.45459
14.779677	459.48035
14.783516	456.90689
14.787357	525.11426
14.791196	571.62946
14.795035	517.32031
14.798874	487.26788
14.802713	497.15262
14.806552	484.01233
14.810393	471.07172
14.814232	466.67621
14.818071	489.29788
14.82191	522.44733
14.825749	528.85791
14.82959	542.45496
14.833429	532.51971
14.837268	515.43579
14.841107	481.51437
14.844946	513.38086
14.848785	543.05737
14.852626	521.96094
14.856465	491.3645
14.860304	508.0491
14.864143	517.49274
14.867982	484.70447
14.871822	538.31183
14.875662	599.33405
14.879501	579.68274
14.88334	558.02014
14.88718	556.13501
14.891019	575.78113
14.894858	558.35455
14.898698	555.91351
14.902538	608.51874
14.906377	612.56427
14.910216	566.52698
14.914055	542.4679
14.917896	566.79681
14.921735	566.64008
14.925574	534.46503
14.929413	590.85138
14.933252	577.95837
14.937091	525.90369
14.940932	524.66351
14.944771	597.8056
14.94861	586.87555
14.952449	571.83405
14.956288	563.48993
14.960127	548.65723
14.963968	503.23135
14.967807	515.94946
14.971646	551.53986
14.975485	534.82166
14.979324	546.05585
14.983163	554.3595
14.987004	498.78735
14.990843	508.82516
14.994682	562.35266
14.998521	561.61578
15.002361	525.49652
15.0062	542.88751
15.01004	541.08307
15.013879	510.95987
15.017719	548.0166
15.021558	537.16339
15.025397	538.69452
15.029237	600.95654
15.033076	597.4361
15.036916	626.96375
15.040755	591.4646
15.044594	596.70691
15.048433	601.40802
15.052274	595.17352
15.056113	676.68469
15.059952	657.45288
15.063791	617.34778
15.06763	598.21277
15.071469	579.15912
15.07531	599.9198
15.079149	646.45428
15.082988	662.74628
15.086827	581.29712
15.090666	564.88824
15.094505	622.48639
15.098346	595.4881
15.102185	587.51764
15.106024	535.88928
15.109863	558.74274
15.113702	545.62476
15.117543	576.70184
15.121382	528.27698
15.125221	522.08289
15.12906	537.84027
15.132899	552.79547
15.136739	548.89551
15.140579	565.45844
15.144418	595.05688
15.148257	603.26648
15.152097	564.50562
15.155936	600.21808
15.159775	566.72192
15.163615	493.2049
15.167455	551.69501
15.171294	572.21924
15.175133	532.38281
15.178972	547.00122
15.182811	621.052
15.186652	622.79266
15.190491	613.81134
15.19433	606.97345
15.198169	595.42065
15.202008	546.45392
15.205849	552.71619
15.209688	600.51288
15.213527	587.43726
15.217366	561.15765
15.221205	522.54474
15.225044	581.99341
15.228885	557.07629
15.232724	568.95074
15.236563	613.00775
15.240402	623.17517
15.244241	638.69739
15.24808	571.39081
15.251921	563.45081
15.25576	581.42651
15.259599	603.13239
15.263438	589.19519
15.267278	586.6825
15.271117	591.06879
15.274957	581.65741
15.278796	561.39166
15.282635	525.6087
15.286475	513.69189
15.290314	566.77692
15.294153	559.40735
15.297993	539.5213
15.301833	515.54932
15.305672	586.44952
15.309511	609.81805
15.31335	609.46747
15.317191	551.41315
15.32103	538.13361
15.324869	648.11139
15.328708	611.85388
15.332547	556.33453
15.336386	563.75635
15.340227	568.24902
15.344066	573.3844
15.347905	581.94635
15.351744	569.22235
15.355583	566.9176
15.359422	578.99841
15.363263	607.42792
15.367102	612.11951
15.370941	608.08807
15.37478	619.77789
15.378619	553.97955
15.382458	518.27948
15.386299	510.15912
15.390138	508.1275
15.393977	567.78577
15.397816	503.84363
15.401656	517.67712
15.405496	558.61279
15.409335	572.62299
15.413174	511.7457
15.417014	461.63348
15.420853	529.36426
15.424692	514.72467
15.428532	542.6156
15.432372	549.22247
15.436211	599.94086
15.44005	583.16705
15.443889	543.5672
15.447728	578.41302
15.451569	553.66565
15.455408	574.80896
15.459247	586.07123
15.463086	527.27655
15.466925	546.43488
15.470764	597.05182
15.474605	521.55737
15.478444	538.87201
15.482283	560.41034
15.486122	528.17487
15.489961	555.43927
15.493802	527.84393
15.497641	554.57544
15.50148	578.4198
15.505319	624.41406
15.509158	643.18115
15.512997	586.56335
15.516838	537.66681
15.520677	561.40784
15.524516	580.7605
15.528355	574.45905
15.532195	562.3454
15.536034	566.71185
15.539874	601.30676
15.543713	529.11401
15.547552	538.26752
15.551392	618.55322
15.555231	613.3194
15.55907	569.03613
15.56291	571.4118
15.56675	579.89496
15.570589	564.14526
15.574428	579.71362
15.578267	588.42279
15.582106	537.17615
15.585947	532.6864
15.589786	577.16223
15.593625	592.57819
15.597464	542.19965
15.601303	525.99866
15.605144	496.53149
15.608983	558.57367
15.612822	569.84644
15.616661	586.6662
15.6205	536.23401
15.624339	529.28943
15.62818	528.40155
15.632019	631.43329
15.635858	652.42035
15.639697	570.14429
15.643536	590.76508
15.647375	585.96338
15.651216	555.487
15.655055	504.4054
15.658894	535.81683
15.662733	501.95767
15.666573	565.06531
15.670412	570.54395
15.674252	534.26843
15.678091	479.47803
15.681931	494.72583
15.68577	537.00165
15.689609	576.84729
15.693449	605.01971
15.697289	583.44299
15.701128	575.87549
15.704967	583.81604
15.708806	557.9527
15.712645	530.53296
15.716486	542.42932
15.720325	475.90417
15.724164	465.22015
