time    temperature
-19992.475138727274     -4.353859558152114
-19953.746758669186     -4.296392077267714
-19937.101907940847     -4.311424699127466
-19911.173431264786     -4.315483523935382
-19884.593777778708     -4.311136578485822
-19861.480596114667     -4.3185717301327005
-19837.396908924344     -4.32600155645807
-19820.84789910608      -4.325910749352338
-19795.637265865036     -4.336695270799428
-19770.84795855082      -4.3256363915545935
-19753.86411184091      -4.325543198428186
-19737.226874247528     -4.325451907202317
-19715.701792535583     -4.332895773011664
-19686.705053290945     -4.347860618052211
-19667.554635257766     -4.332631581736801
-19652.12386807915      -4.3457803711127365
-19627.067645193223     -4.338459004988102
-19611.16781021245      -4.342404814639548
-19588.216539251298     -4.3439593167155985
-19557.72033198376      -4.321946266495599
-19537.460285432157     -4.324355755471704
-19523.790450467564     -4.321760087722843
-19503.911801261307     -4.336054776878251
-19483.091758857616     -4.3391813813928
-19467.730144321526     -4.308849179997648
-19454.06245231344      -4.293650228290764
-19438.08220007008      -4.323810451770515
-19416.54141878485      -4.323692254003689
-19395.5844320231       -4.3084533047521365
-19371.29836175305      -4.302918630688554
-19350.504240261238     -4.308205942415376
-19334.272130206657     -4.308116874190137
-19316.83364036987      -4.308021186363022
-19293.658271822835     -4.2895292170201476
-19270.069606031815     -4.297177816106366
-19252.28954262348      -4.277419112691398
-19235.841364548203     -4.277328858865823
-19211.203102771437     -4.28475564215033
-19186.35909300136      -4.296718482920206
-19167.82111421404      -4.272418434242369
-19149.327729062625     -4.276854144491304
-19132.501431951136     -4.276761815865141
-19115.864194357753     -4.276670524639273
-19097.33227707598      -4.2811060234561475
-19082.9448417059       -4.261365935942454
-19066.513279599778     -4.246151818431272
-19049.876042006395     -4.246060527205403
-19033.55390360986      -4.245970964980024
-19016.916666016477     -4.245879673754155
-19003.745519588385     -4.245807401533675
-18991.755134139148     -4.260865563200665
-18968.42688745473      -4.2645185460358
-18948.8304263175       -4.253068050924439
-18935.895428057065     -4.242914437913904
-18914.64456018756      -4.258551950595063
-18887.402493468206     -4.2451690084461084
-18859.583377301828     -4.226651558105537
-18836.805965100255     -4.244891377074104
-18813.200292152695     -4.263126651241382
-18789.308462005465     -4.231019191183181
-18769.443086009407     -4.23393497760942
-18748.277555743418     -4.215670093073751
-18728.164668270856     -4.209510148448224
-18710.15131423875      -4.213948492705905
-18701.128057506565     -4.236584912920325
-18682.438584584197     -4.221358405885631
-18663.23212743275      -4.236376971794734
-18648.069159325456     -4.228731792695008
-18628.67165276772      -4.228625355424847
-18614.41656510248      -4.228547135442682
-18593.66815004176      -4.2329704719761105
-18575.661267174368     -4.224553490111013
-18552.814762751972     -4.201202054093982
-18529.11307971356      -4.177665878491268
-18505.02692472813      -4.192297574542174
-18484.715560582998     -4.19002555780693
-18467.85505270157      -4.189933041460714
-18441.507238644157     -4.2015515427263495
-18406.50325791537      -4.177833318192049
-18383.7043772103       -4.16678536074142
-18362.203687741072     -4.149022768961418
-18338.87753366174      -4.164018729424114
-18311.47476836605      -4.194746440504673
-18286.765810172164     -4.1798650024477615
-18267.88883177797      -4.173711839456157
-18250.764926345095     -4.166055900374715
-18233.97824170407      -4.165963789108614
-18217.260389470528     -4.150748100676987
-18193.02365409888      -4.158177087202118
-18168.15911786684      -4.1701398153399625
-18146.272510127583     -4.14783791950567
-18123.34810399963      -4.1325881747043915
-18101.639201331487     -4.134989713571576
-18085.713187639554     -4.134902324946813
-18068.670822507374     -4.1348088107203145
-18052.783031586663     -4.119597676969978
-18036.054375952088     -4.104381929258334
-18014.57389754352      -4.126949994673383
-17991.19603255413      -4.13438369395985
-17973.86557672769      -4.134288598932903
-17958.07339711457      -4.145544910822573
-17940.46083234277      -4.117468951326766
-17921.27683192539      -4.118876081085501
-17904.204757440362     -4.118782403838956
-17887.567519846983     -4.118691112613087
-17871.982713571062     -4.118605596248854
-17850.976648271575     -4.151979089745808
-17827.582166104596     -4.131973522604887
-17808.967865035112     -4.133383778396507
-17790.674702916203     -4.137820587301753
-17770.845542885105     -4.115529981017326
-17748.6184878349       -4.102804721838072
-17734.972591950227     -4.102729844590187
-17716.812956967868     -4.108031612172534
-17694.07237783828      -4.128216141732167
-17674.12748687711      -4.088784418238511
-17657.083877057787     -4.094740479126263
-17640.069535512856     -4.114092203489907
-17616.865799838015     -4.117205728292178
-17600.228562244632     -4.117114437066309
-17584.095483366204     -4.117025912241224
-17566.95408705787      -4.116931854614571
-17547.528665671958     -4.097164122853044
-17521.458264450648     -4.11668221164383
-17499.823964462914     -4.101439545864559
-17483.37578638764      -4.101349292038984
-17469.618323836876     -4.09875314346332
-17449.817268760926     -4.128892401577131
-17427.12379439334      -4.105577814677208
-17402.34373754641      -4.095503243570977
-17379.88580977647      -4.096244239264379
-17356.145867368545     -4.112534268191297
-17325.251190842395     -4.123167568981568
-17300.70745882468      -4.130594870966222
-17284.603189015677     -4.130506504221182
-17267.768486036446     -4.134951315928696
-17242.159532634545     -4.12271163155237
-17217.856773256306     -4.134677442251089
-17200.26865027302      -4.114919792044418
-17179.503860929974     -4.094640579124621
-17159.179715004517     -4.11469433038053
-17138.646977237462     -4.124664300485692
-17117.892717383715     -4.114467781916334
-17096.4281077292       -4.094184728968782
-17076.118177017113     -4.099114603365747
-17059.581360299122     -4.114147818025666
-17039.204071469172     -4.124118641104404
-17017.791593662605     -4.129042465646322
-17001.34341558733      -4.128952211820746
-16983.881929249237     -4.1137324429479625
-16967.19427578436      -4.113640875082015
-16947.81417792856      -4.108997346878192
-16934.6054056957       -4.128586009516976
-16917.088609327926     -4.123088479559157
-16898.565670711665     -4.113264298775306
-16881.928433118283     -4.113173007549437
-16865.51806694663      -4.11308296120392
-16851.845694270385     -4.115528597816934
-16833.244296054814     -4.128029824639372
-16811.49517669915      -4.117323715285611
-16793.050580866904     -4.1020985519313
-16773.80161503122      -4.0823317884100465
-16757.668536152793     -4.082243263584962
-16732.78000431297      -4.093029552454776
-16706.24206328731      -4.0864982646306895
-16685.631107607765     -4.0682364231358825
-16671.231962511058     -4.028835130050848
-16656.846037683623     -4.063325231824212
-16627.48280453901      -4.048040156132923
-16604.066601977156     -4.051152515094863
-16584.980470222305     -4.0555849728468765
-16560.830964631823     -4.047674426657858
-16537.36267959519      -4.055323686292836
-16519.04424670196      -4.03556202875703
-16503.001401599286     -4.02791202162927
-16486.27393023015      -4.035382212706076
-16469.402824381483     -4.027727660777027
-16444.663744960122     -4.030952792286479
-16419.770078617992     -4.009810703833283
-16400.51395885232      -3.9971017466586476
-16374.509452872231     -4.008722131711483
-16348.089766524168     -4.008913250485641
-16333.353021187297     -3.989171246251404
-16315.482960856294     -3.9815112128968013
-16291.481044777584     -3.9813795104834813
-16268.309344691272     -3.9888143410302686
-16252.52218007975      -3.9811657368629048
-16234.82780431801      -3.9886306223782086
-16218.406634745323     -3.9885405167526757
-16204.023175123495     -3.9859409332293723
-16179.368985321857     -3.97212207347737
-16157.086868834129     -3.9624933219717544
-16140.00238977286      -3.9351764579110515
-16122.636224718168     -3.9523656867819152
-16096.70349032589      -3.9374595289579988
-16076.366551111216     -3.9423892551549216
-16052.199034845973     -3.953599610211569
-16029.321888562405     -3.9219658403009285
-16018.155252371776     -3.9042599531503273
-15999.027265896955     -3.924950432713331
-15973.419794639498     -3.908335612385236
-15949.35775412957      -3.9038824500993554
-15934.97287097235      -3.8962415404781723
-15919.254804623823     -3.9015567053443156
-15900.251254839877     -3.9036129947590004
-15880.463416810708     -3.9156035795647393
-15862.878174734367     -3.8958459451660734
-15839.903636716936     -3.903281857573167
-15815.270845118615     -3.9081880117300773
-15796.959422754531     -3.8954842382635775
-15774.452276843942     -3.859711415726733
-15752.466282648906     -3.857430210024314
-15732.576747637915     -3.8482466999980085
-15714.552312264925     -3.849660192478545
-15698.190561397929     -3.849570412893105
-15685.85600988314      -3.852023390348198
-15634.44128702542      -3.8567825876967987
-15618.207376404        -3.8566935095915573
-15601.570138810617     -3.856602218365688
-15584.529574245276     -3.856508714019192
-15565.250627159074     -3.853378136332089
-15540.769920159732     -3.8454657727871275
-15516.560747616664     -3.841011803163876
-15498.505074221666     -3.825788773890168
-15480.573074391395     -3.8181284006634697
-15463.935836798017     -3.8180371094376007
-15447.298599204634     -3.817945818211732
-15424.010762557198     -3.8253800114983383
-15402.24399402121      -3.847946505992943
-15387.184948946473     -3.833820202195726
-15362.602577535486     -3.8527703053865165
-15340.620210254056     -3.824922433988676
-15317.92838660748      -3.824797920265393
-15301.009745794265     -3.81714310750427
-15286.27517563881      -3.814541597380421
-15267.693336217195     -3.826682837361802
-15247.046757626122     -3.8168470038203637
-15225.78493261591      -3.814209677588588
-15201.632449942477     -3.831721762995383
-15185.705046551306     -3.816510411884985
-15168.689689921712     -3.816417045858528
-15146.50983630824      -3.7957699740878246
-15122.956319377306     -3.7783562122733354
-15101.892669775123     -3.7479927228853183
-15085.037408914643     -3.740338257900294
-15068.40017132126      -3.740246966674425
-15049.696644310077     -3.73863194189678
-15027.862559951423     -3.6892512531839117
-15007.833936590065     -3.694542765323353
-14989.758714759115     -3.6919229245009757
-14969.66133552443      -3.6716473737688826
-14948.244515411257     -3.6685050652251223
-14926.764478081142     -3.645485211982051
-14903.419454705834     -3.653135147973792
-14880.757457630214     -3.628812470137542
-14858.789478771043     -3.645112222116358
-14833.975521549102     -3.6406549339413083
-14817.327016515983     -3.6178776485989728
-14804.300942604023     -3.5799962852646363
-14790.49337434652      -3.610168430614433
-14767.422916870797     -3.6024798618357448
-14748.042694949094     -3.5847289054057057
-14724.19670703794      -3.5644327854487363
-14702.697372741257     -3.5567528376782054
-14683.683623773337     -3.5611856926063314
-14668.796711162086     -3.541442864379861
-14650.018084804067     -3.533777845575846
-14632.607529130404     -3.5261203335979583
-14615.623758551845     -3.5033412085991014
-14601.564246281489     -3.493181425197485
-14578.867525254238     -3.521624354892834
-14553.205548582819     -3.5029987097393818
-14535.15467669939      -3.4877757068123483
-14510.265646716167     -3.480077159230832
-14486.066202413036     -3.4602832316298824
-14467.866720523994     -3.449596599713641
-14449.67837073007      -3.4268108649929108
-14425.325123146922     -3.4158744098664497
-14402.008414418851     -3.411425337337157
-14384.658563224784     -3.396206181024547
-14368.021325631404     -3.396114889798678
-14349.555844029444     -3.398534225844238
-14330.270262639922     -3.3656598338620474
-14308.414988791781     -3.356465537507352
-14289.095462487821     -3.3624091100715656
-14270.36181888149      -3.342645174207114
-14254.436010623362     -3.3349958092795347
-14237.493807761668     -3.319778889799559
-14220.870459910064     -3.312125697358895
-14204.240835451641     -3.2969104930474047
-14187.42215147511      -3.2816942513356206
-14170.927364095818     -3.2740417643271567
-14153.775884613187     -3.273947651372488
-14129.27434252164      -3.270452328572251
-14105.510233119283     -3.2787241281873185
-14084.691117411929     -3.243320662309804
-14067.518236561029     -3.235664454492286
-14050.699552584498     -3.2204482127805014
-14034.069928126075     -3.205233008469012
-14015.96183285894      -3.197571668978039
-13992.163049453558     -3.2008019600445095
-13961.948839686906     -3.1821513360484226
-13933.525228520575     -3.176954052789016
-13911.844599182732     -3.163727660107757
-13891.794608979792     -3.145036783725661
-13870.070368980887     -3.106027409650731
-13846.20939418486      -3.1008551623184193
-13824.262925453026     -3.0815777289891604
-13804.396026829978     -3.087518298032523
-13786.155378424199     -3.0677570673128374
-13769.670314105839     -3.060104633656389
-13746.725381515918     -3.044854776223079
-13734.929046417703     -3.0750379575360034
-13713.793095166307     -3.0511557663571445
-13691.285450345062     -3.0337477434128535
-13668.04261664743      -3.036861053677921
-13650.910068493726     -3.029205067172465
-13634.899428160355     -3.0291172141875706
-13615.390008518745     -3.0259853718601093
-13599.836165950284     -3.006238884080602
-13581.933746170413     -2.9834547183043165
-13559.851799889362     -2.975771573647165
-13538.09251518588      -2.9680901994865154
-13522.747364356244     -2.9680059981506552
-13505.908617956451     -2.9754755786432896
-13488.954480599386     -2.975382548536928
-13472.790860562625     -2.97277319698419
-13449.561969317516     -2.9423978265634725
-13434.34272040513      -2.9297110203551147
-13417.705482811747     -2.9296197291292456
-13401.068245218366     -2.9295284379033766
-13384.836135163785     -2.929439369678138
-13369.15720999641      -2.9142293820081258
-13350.698775176621     -2.8914421652869757
-13324.844395384152     -2.8795372221019497
-13301.757824110791     -2.868487686046429
-13284.843299224187     -2.868394873300129
-13268.294289405922     -2.8683040661943973
-13251.664664947497     -2.8530888618829073
-13227.937036828527     -2.83459386220203
-13204.999785045875     -2.8377088492447156
-13188.133392090276     -2.8421534870641807
-13165.240215928103     -2.8173254088820503
-13139.570451905809     -2.8165543899302357
-13119.97604007144      -2.806994400421248
-13103.338802478058     -2.806903109195379
-13086.70156488468      -2.80681181796951
-13070.064327291297     -2.806720526743641
-13052.997370524768     -2.7839409452886548
-13035.172991420379     -2.7384712754440415
-13015.502922546826     -2.725399952700057
-12990.531132089713     -2.7058178436082723
-12968.09230586528      -2.6927313282428402
-12944.960798297805     -2.688283271942407
-12922.52698822586      -2.6546714167912424
-12898.197443099722     -2.614567464493764
-12873.196975350049     -2.5838222789815863
-12850.332841887895     -2.5680687330775482
-12835.714933962407     -2.548327380923496
-12811.324866427418     -2.5330695937999397
-12785.506876882964     -2.50721720303422
-12767.769625878638     -2.488971130023881
-12753.978866939753     -2.457135152682609
-12737.44827365748      -2.441920491771273
-12720.175846837494     -2.4267017602987835
-12699.938881377584     -2.4190287393511674
-12683.993093675332     -2.373569377642808
-12666.557226140587     -2.3432257944844315
-12649.370042263441     -2.3053215984636255
-12629.750138942889     -2.282528008576098
-12612.940406010519     -2.259749838550083
-12594.077129187648     -2.21319418561488
-12572.824957072462     -2.1939925808366323
-12551.796660613276     -2.170182999209777
-12537.548557697253     -2.138344512347794
-12518.974115618792     -2.130680613936097
-12504.03702398913      -2.1154746968272384
-12483.214796046015     -2.057025187418849
-12465.707119040013     -2.0283016339652504
-12442.88300388078      -1.9998189789741998
-12418.235309268675     -1.9788882951364637
-12398.412474181761     -1.971217546589492
-12382.345861596808     -1.963567409045694
-12365.696996450326     -1.9407901217273573
-12346.264695046153     -1.9179975612420268
-12323.229999164161     -1.8595359116625785
-12297.959152336316     -1.8269887717197864
-12277.164216590085     -1.8117507116684863
-12261.301544986622     -1.808638879640029
-12240.789644651908     -1.7939065044786902
-12221.537126019914     -1.7811975670640603
-12204.82786575297      -1.7811058806380795
-12189.36926229439      -1.7860623750559208
-12173.611130312609     -1.7922775554837655
-12154.714694920645     -1.773268924097343
-12137.075518012647     -1.7504862027774664
-12120.762227770741     -1.7428347116732854
-12106.46306851314      -1.7301529541463574
-12085.222844934178     -1.735077723875209
-12057.728205413418     -1.7122409240306755
-12036.204829607635     -1.7121228217705426
-12018.600893055453     -1.7044642486803538
-11995.028578931779     -1.6948824317751812
-11971.963364046082     -1.6764810904041783
-11955.13636201469      -1.636058211616326
-11934.845712540344     -1.6603132452449625
-11908.356366678774     -1.6383221813245274
-11887.947026147842     -1.6130036005234052
-11870.804034706474     -1.6053475567139333
-11854.777600139154     -1.590135662203381
-11838.140362545771     -1.5900443709775125
-11821.188025755548     -1.5899513507511536
-11806.073294310214     -1.5520585266135702
-11793.832616259666     -1.5865603997045552
-11768.584670984734     -1.5821007301665455
-11752.304561926896     -1.5593254662727825
-11733.245489428866     -1.5486341176432044
-11712.374558138037     -1.5256176066639364
-11689.342647639149     -1.5211700968688016
-11672.680716902954     -1.52864064757771
-11655.59105365931      -1.5330840602768285
-11637.93739004308      -1.5133260504380557
-11621.660471251322     -1.5056747589099304
-11605.34733568898      -1.5055852460845651
-11588.430804801737     -1.5130543997610788
-11568.717715673509     -1.5174834172961171
-11555.353002268039     -1.497748941624014
-11538.715764674658     -1.4976576503981454
-11519.182700811052     -1.489988491872957
-11505.87723209676      -1.4899154826042684
-11493.849445611502     -1.4898494841855667
-11472.166814301136     -1.4972924854946692
-11455.556585210341     -1.4972013424688422
-11438.852932077712     -1.4895477093800542
-11422.876297080484     -1.4970220204180285
-11406.046193401517     -1.5044916483346755
-11392.863627270988     -1.5271052457426277
-11374.605073899662     -1.5345670355237218
-11355.7159273795       -1.5344633877076843
-11333.009442204557     -1.5393801118209218
-11312.946857816309     -1.541790684304
-11295.106914080448     -1.5522795620362038
-11275.133093206443     -1.570318708267906
-11255.77263723883      -1.5717248697863662
-11231.69434973497      -1.5976395594586288
-11209.042115195794     -1.5865924066793387
-11192.741378167528     -1.5940649393168096
-11172.668248177522     -1.609078749651231
-11148.208937367444     -1.6240684922988327
-11121.947561259945     -1.656332866561499
-11096.325598719473     -1.6713162295501496
-11072.274373234563     -1.706833578738411
-11048.839999046033     -1.7021678040616166
-11033.450345615865     -1.7141825224208609
-11008.949913135382     -1.7258111605693691
-10986.896673878207     -1.7366130071502583
-10970.90223864639      -1.7365252430853886
-10951.275165858835     -1.7560786874661933
-10928.170091924572     -1.7481738722433708
-10904.354677972105     -1.7512840406675476
-10885.053362770333     -1.7496657357289735
-10872.012690974201     -1.7586685523600765
-10860.554862441739     -1.7888535911135266
-10835.897849392724     -1.8038422489368209
-10814.338435894791     -1.8166873388121263
-10788.731308609475     -1.8489553030443808
-10765.951077131102     -1.8488303042129606
-10739.683859184526     -1.8453252928624218
-10708.981091587413     -1.863641655506012
-10684.362146630056     -1.8559445899249156
-10667.724909036675     -1.855853298699047
-10652.247441921481     -1.8482063938921645
-10635.781463611618     -1.840554064963746
-10612.664602265679     -1.817741286699352
-10580.557603338677     -1.8209259892373484
-10554.659220700321     -1.799778387742589
-10535.864766272196     -1.7870719638006718
-10518.144873215575     -1.7794127544383032
-10499.737163626412     -1.7717497709148646
-10483.326488095627     -1.756535768011715
-10462.149729865414     -1.7538989085551826
-10441.398692502653     -1.7134544979478958
-10419.7800566408       -1.6805673041167437
-10402.745819436512     -1.6729118570594408
-10385.514960333392     -1.6652553311058322
-10366.393522967286     -1.6525471129554066
-10346.789841436184     -1.6196709755060539
-10329.49308078113      -1.5943694739364371
-10307.217358060792     -1.561478674562931
-10284.725478701255     -1.5406858529909266
-10267.541279656389     -1.5254676056385748
-10254.71574135856      -1.4981741110778257
-10236.243053461132     -1.5196783982381028
-10209.133071947876     -1.5096870675668868
-10181.235877510288     -1.4952502559826355
-10159.070658034012     -1.4598394038150273
-10138.13126607305      -1.4597245059691364
-10121.21445724596      -1.4641688671485218
-10103.510583192035     -1.4368486043668556
-10087.271887171499     -1.4140735677131566
-10070.138103998124     -1.3988555970008827
-10052.237762724937     -1.379096233601727
-10038.243016078444     -1.3709533328942962
-10018.634259124039     -1.3481598041686906
-10003.177077589608     -1.3228683966686017
-9986.542256864466      -1.3000911864142868
-9967.285347588504      -1.2722582700473515
-9941.653697434498      -1.2587941409749153
-9919.720852934202      -1.2543526619334893
-9903.588390357174      -1.2315782081999558
-9886.65405923534       -1.2314852867736246
-9870.627624668017      -1.216273392263072
-9852.53517862274       -1.2025625566978722
-9839.257581232998      -1.1707293951573972
-9822.817016292682      -1.1555152282462018
-9802.86957553552       -1.1569181688837489
-9784.43259283823       -1.1265690924438152
-9767.319304707533      -1.0992520703030673
-9747.946305193756      -1.0719226487588056
-9725.796432830806      -1.0239085850865273
-9705.555282160729      -0.9935496088837876
-9687.26107595474       -0.9657219750250166
-9669.342656507117      -0.9353757440258894
-9652.082112622646      -0.9025124637535127
-9631.452059655889      -0.8625728488359359
-9606.812246383979      -0.8291649454847869
-9583.884660731585      -0.7836672735166834
-9567.11520836111       -0.7457653696565263
-9547.150454771121      -0.7481764789530896
-9524.068721598029      -0.7247337286568492
-9497.93452109734       -0.6867804389021313
-9477.503256550388      -0.6620919025862095
-9461.507637053131      -0.6393181997328892
-9442.515608480087      -0.5884407103558766
-9420.476589807102      -0.5407873491191433
-9404.613628179446      -0.49532844189091296
-9385.963852317931      -0.454895561246893
-9365.887592483556      -0.43678069138040065
-9347.992072862507      -0.396712043626259
-9334.598735680844      -0.37899393820552874
-9322.554897162358      -0.35120060112980855
-9306.206366564635      -0.32842496179593894
-9289.576742106212      -0.313209757484449
-9272.543790675825      -0.2979923400523319
-9256.051625598575      -0.2600919577126062
-9240.812244173745      -0.23732240446046138
-9224.544243625794      -0.2548777533017379
-9204.092684434818      -0.23712091827003334
-9186.890101078867      -0.19165466031972045
-9169.445025276125      -0.16887300406414596
-9152.996847200851      -0.16878275023857103
-9130.282361185005      -0.14786267423050692
-9106.813726479326      -0.14281861268918572
-9090.251926594332      -0.12306659408411136
-9067.586254267744      -0.12798354214407937
-9044.285066437335      -0.10769041159367188
-9020.694176667177      -0.10251964626178012
-9005.648124561014      -0.07723049469566323
-8989.998419330666      -0.04689671250006455
-8970.30305793098       -0.04830103633800409
-8954.443447693951      -0.016453706873514662
-8931.23259736323       -0.006873873378903994
-8906.479319847984      0.00044583043526014166
-8886.43022319576       0.021729379890319755
-8869.79298560238       0.02182067111618924
-8852.75242103704       0.021914175462685037
-8836.138230699198      0.022005340224517944
-8818.482283142483      0.03722617613760448
-8795.099948960902      0.0751643659547101
-8773.517222927367      0.07780345302254066
-8750.308910308295      0.0924245908790251
-8732.559620279048      0.1314661678821274
-8710.526713980933      0.14152566492694518
-8686.458317798066      0.1468430880794429
-8665.89696661282       0.1655367703823334
-8640.533901875482      0.18692149727634977
-8620.68877359592       0.20467500472311162
-8603.755008021253      0.21232990047625844
-8586.209049721288      0.21998815543035644
-8568.685778563498      0.22764628589641944
-8550.695799675388      0.252951591267113
-8530.851289308472      0.25810179960651336
-8514.440923136819      0.2581918459520294
-8496.858624805993      0.2537511364216778
-8478.611254284013      0.2735124040267074
-8455.983409973502      0.2912811806884621
-8435.429270838174      0.288873305446149
-8417.02519380198       0.28443710514907483
-8396.183983085168      0.3031323230866878
-8370.069379357798      0.31443853722383075
-8345.929558388536      0.3379771169605599
-8323.956175411975      0.3424188184431918
-8306.863754521668      0.3425126073337683
-8293.657471663095      0.3350230949234865
-8276.996246652428      0.32323141038210945
-8252.948939371296      0.3397836557124734
-8232.88646777023       0.345943323697921
-8211.529604403651      0.35815967616534916
-8183.4234465789195     0.3647955941600367
-8159.906392133507      0.37356689597886916
-8139.974922847299      0.38123824061934375
-8123.148625735812      0.3813305692455069
-8106.428972935433      0.3965462675571363
-8086.8833566638095     0.40169483581607146
-8071.891321562818      0.4269836909821043
-8054.977002110016      0.43463848003121974
-8038.616846376057      0.4271662734338424
-8016.703947944081      0.427286513067914
-7991.3562291691815     0.4328270125693381
-7972.244556986567      0.43509244639985933
-7953.09660899273       0.435197514301632
-7936.40360458157       0.4504130663892205
-7913.537159787753      0.4606211748605311
-7893.175081115269      0.45821224575125274
-7882.000557877949      0.45071158474581097
-7862.758851710243      0.4527076614714334
-7839.138217341244      0.4786740279494497
-7817.558865255773      0.49946184233603574
-7798.647562498829      0.514689566587073
-7774.098125290997      0.5226023072658554
-7751.12460494773       0.519487519234656
-7734.676426872455      0.5195777730602309
-7718.039189279074      0.5196690642860995
-7701.824930213314      0.5273200119901276
-7678.198765848374      0.5463545961679044
-7664.108816747834      0.5275269664327711
-7642.188007100487      0.5310081283347747
-7616.700302741656      0.5429110595121189
-7598.71824715326       0.5505717074028951
-7586.929730623804      0.5430744154784088
-7566.574322507662      0.5431861089100591
-7542.559957140642      0.5357559022045821
-7525.189405470095      0.5313140307859019
-7504.751304207106      0.5495749238004395
-7485.72367516488       0.5511917269785886
-7466.719175551718      0.5558331942138288
-7455.210653207912      0.5286732245975836
-7440.428341848483      0.5413576332585954
-7416.795281755643      0.5319088069544415
-7392.610756780163      0.544140675260552
-7370.922929203074      0.5442596798942736
-7352.414439430779      0.5494025572715966
-7328.439944333499      0.5293688360746964
-7301.59958327033       0.5416152773849374
-7281.479082662812      0.5326513089248426
-7259.027415962682      0.5427131037760242
-7238.782930014433      0.5449847535397359
-7217.636734694366      0.5515824810893157
-7197.002234690044      0.5326107152866726
-7174.756212978606      0.5604600333992087
-7146.9125408554555     0.5714156410522406
-7120.506618763837      0.5585971447570408
-7097.680840195037      0.5608829584927664
-7082.969283458968      0.5534017057648235
-7058.061191098852      0.5442959636556672
-7031.553413739724      0.5569246804659773
-7019.928453589433      0.5764335533312943
-7003.003666076065      0.5632929618876821
-6981.3149182763955     0.549422313325195
-6959.150912067978      0.565424083431572
-6934.144579384705      0.5743836042437396
-6907.252992799176      0.5921757767521241
-6884.276164799088      0.5998638317706675
-6869.106594613384      0.6075090470970705
-6848.017086937894      0.6051041095089236
-6831.068882992362      0.6026764479143374
-6807.037134971875      0.5960865563047557
-6779.122598161957      0.6054821447627123
-6761.216629613884      0.6081010568648271
-6744.4137398713065     0.6081932570509538
-6731.547952661045      0.6032225354290803
-6708.655862478336      0.5796539520998509
-6676.875492820933      0.5891187655658676
-6660.30504538137       0.5859688428332834
-6644.635504913378      0.5754680557457039
-6624.230741125273      0.5660015152551976
-6599.773462498575      0.5484911023133199
-6576.087700579694      0.5410590925073331
-6562.434670905601      0.5436546680428345
-6544.772127312644      0.5204354882132787
-6521.538037786762      0.508589846506613
-6504.26720667526       0.5036432960763513
-6482.827008828584      0.4961989644954432
-6465.431037746319      0.5038563964453084
-6445.055412527345      0.48884424595135645
-6421.191110509373      0.5040991481140962
-6400.15843203789       0.5042145578382282
-6374.8682013513135     0.5144359660165447
-6354.242639731368      0.5120284826810089
-6335.651392362406      0.5196924733060664
-6316.203864688319      0.5122372076201547
-6297.402551188126      0.519902350912206
-6275.090990339895      0.5149834597850198
-6249.44992360687       0.5226861339143714
-6230.3284515989835     0.5429563296849471
-6209.454076270918      0.5376694583239638
-6188.072338151138      0.5280642409850174
-6171.078588323615      0.5281574884514404
-6154.043836326391      0.543374915763561
-6137.484228540894      0.5510277584521255
-6121.308552359726      0.5738024493057257
-6102.1866557886515     0.5784445607171484
-6089.099807307914      0.5664172064929902
-6078.62535930412       0.5556718565909673
-6052.520521594637      0.5382605076143054
-6025.462161174095      0.5494818767569303
-6004.930819205994      0.55175510054623
-5980.582098762328      0.5626915308315423
-5957.254052160075      0.5550415016854879
-5940.644120344074      0.5793309708563275
-5921.8648062144075     0.5522108972559598
-5894.047181025553      0.5372395822250082
-5871.633930446107      0.5449245448026749
-5848.7847217207855     0.5634147244536143
-5826.296068304904      0.5602972758788027
-5807.820520446727      0.5629193133551356
-5783.580526331067      0.568093640428037
-5760.051413727191      0.560660771061805
-5745.495099688809      0.5632613030653779
-5729.133119219328      0.5593180292813154
-5712.245832437795      0.5634437471970761
-5695.788061812475      0.5595009990291633
-5675.55969154165       0.5565872044114899
-5657.042990862317      0.5687879724447882
-5640.825490776251      0.5764389379328207
-5624.214645384054      0.5538441520501989
-5602.465562281415      0.5431606679028498
-5581.886714696444      0.5465144348531981
-5565.2494771030615     0.5466057260790667
-5542.5566250790525     0.5353872793001262
-5523.467323601504      0.5468349915440331
-5506.601619453357      0.5544895138330732
-5489.662297498604      0.5697064175050448
-5473.059065241367      0.5622355447080443
-5457.764277112128      0.6001293568459083
-5445.932830960548      0.5699463681930395
-5423.304927436762      0.5700705311762233
-5404.42675510966       0.5852980736352089
-5387.619389327096      0.5929522758121593
-5370.982151733715      0.5930435670380279
-5354.344914140334      0.5931348582638973
-5337.715289681912      0.6083500625753873
-5318.621547208972      0.6109754921860144
-5303.179028008537      0.6236635235147192
-5287.438678134831      0.6313118708020111
-5274.013651782425      0.6313855361028855
-5259.952665826657      0.6182292305148192
-5238.585698656088      0.6315799350379718
-5221.8986614926125     0.6543574318123673
-5205.072364381123      0.6544497604385304
-5188.624186305849      0.6545400142641054
-5171.6558498478735     0.6621950997133048
-5153.532064272125      0.662294547869485
-5131.233329743645      0.6699788820789729
-5110.555620163299      0.6700923440311248
-5093.358643136045      0.6656495201801738
-5074.034094579878      0.6869290939221084
-5055.037353113767      0.6855209366430826
-5038.911887370294      0.7007333745537885
-5021.066314748303      0.7083932735403522
-5003.58337628771       0.7160511826943523
-4985.120758674617      0.7085905126469099
-4959.74691758215       0.6741607033553931
-4929.108203802836      0.6786499529160714
-4906.171477689028      0.6712138330289177
-4889.6054571464665     0.6637427560451936
-4876.319674629614      0.6638156572925178
-4856.745559453324      0.6361958130659593
-4838.6687948548115     0.6262123666369783
-4822.031557261431      0.6263036578628469
-4805.39431966805       0.6263949490887155
-4791.526148439421      0.6189090685674632
-4768.266517315706      0.6223975768004371
-4746.484608845703      0.6191562188134974
-4736.053463524904      0.5889655464824504
-4718.344586553725      0.606347237807852
-4692.607981019153      0.5816419614738537
-4671.391301764968      0.5817583808401761
-4653.78731445855       0.5742929993487325
-4628.914604780932      0.5626664039456921
-4605.7094028726915     0.5518708783710382
-4594.614104576291      0.5443697826454734
-4571.009393542288      0.5444993055301754
-4542.779797279583      0.5597781607717023
-4522.5232149057865     0.552327334500383
-4511.049797573174      0.5448283135754055
-4492.496183719941      0.5427695552891638
-4471.498546385274      0.5450453377169033
-4454.347066902641      0.5451394506715719
-4430.27820599054       0.5560743453221626
-4407.649416684546      0.5605196431258141
-4390.89997839997       0.5530495725850413
-4375.016920512899      0.5657400212210986
-4357.544477705447      0.5532325996369059
-4341.201298054013      0.5608842547491335
-4324.270002518686      0.553415182088643
-4306.928211580202      0.5560309984565475
-4291.622330025737      0.5611563026022228
-4278.487297651325      0.5650093653740544
-4256.561487100775      0.553786709713922
-4239.420090792442      0.5538807673405746
-4220.965549547391      0.556502689550209
-4201.390197740182      0.5717340575462782
-4175.176893141985      0.5920431673545474
-4153.862024587421      0.5568708974945471
-4138.801225556874      0.5695568342626576
-4118.312171532374      0.5642678485810757
-4096.932233979434      0.5546626213621266
-4084.6177464991597     0.539606238095641
-4069.0731266999046     0.549774170523567
-4049.3014285168447     0.5398000244705541
-4032.752418698583      0.5398908315762858
-4015.520994048293      0.5399853832030788
-3999.6074296446677     0.5476346809466381
-3982.752478143322      0.5401651893740294
-3966.203468325055      0.5402559964797611
-3945.860132465774      0.5428882828123323
-3931.9574926679234     0.5480058871424927
-3911.017251781992      0.55001128400409
-3884.3881280241185     0.5633908628354236
-3862.6684968778536     0.5725844148965749
-3843.7441381986755     0.5711758604414365
-3827.1069006052967     0.5712671516673051
-3810.4696630119142     0.5713584428931746
-3802.4799316453827     0.5487163515571485
-3781.955681113963      0.5639529263146938
-3757.413217952064      0.559046276510978
-3739.7690163749976     0.586870343688739
-3723.6359374965687     0.5869588685138236
-3700.603781340291      0.5795232722668198
-3686.372179592181      0.5493534536576821
-3672.515428065988      0.5645534427648604
-3647.5054526251915     0.5462058428457528
-3622.936460037712      0.5648254906179506
-3601.8950013140857     0.5725029259508165
-3578.285316365247      0.5927977492750376
-3557.2635615627623     0.5878717807725131
-3540.12216525443       0.5879658383991657
-3522.791709427991      0.5880609334261129
-3503.317773440267      0.58060581264691
-3475.9571036114794     0.5639515507987491
-3447.494294199045      0.5733501477175587
-3423.7965446136986     0.5886041359800389
-3406.6551483053627     0.5886981936066915
-3390.5220694269337     0.5887867184317761
-3374.0738913516616     0.5888769722573519
-3357.2475942401725     0.5889693008835142
-3340.6103566467937     0.5890605921093837
-3323.378931996507      0.5891551437361766
-3306.7493075380844     0.6043703480476665
-3282.002820415564      0.5935832797554097
-3255.199922421365      0.6091903943575092
-3237.5184382348198     0.6123122065061288
-3221.0324482559226     0.6124026678117618
-3202.101631704805      0.6074652259913202
-3183.4721091991414     0.6201707449249811
-3171.8508399519233     0.6051105578574179
-3155.8764848670726     0.6152808483126782
-3136.217622205928      0.605306083112823
-3122.032551213615      0.5978219414720618
-3104.9788509693863     0.6004361770395183
-3084.872247354251      0.590463868667026
-3068.2350097608687     0.5905551598928946
-3051.59777216749       0.5906464511187641
-3036.022869009179      0.5907319131429807
-3013.382416702687      0.5715310915509866
-2986.8819035671404     0.5506710113110351
-2967.349559930266      0.5583401658842213
-2949.935938862054      0.5503696079936269
-2939.0501032854445     0.5383301764540471
-2919.4970350034127     0.5405980322966837
-2905.6633766532577     0.5158274425575105
-2886.850457351775      0.5204678585604521
-2872.385094899015      0.5084480684664374
-2849.1433781397755     0.5085755995425751
-2825.242448483623      0.5011447703969223
-2816.9124099844994     0.4785045463814255
-2799.779714401833      0.4958830761059314
-2777.23664174485       0.481747044740243
-2760.407637740933      0.5015005295377328
-2749.6186412409843     0.5015597305145088
-2729.106458938313      0.4823472307592054
-2705.8825303293233     0.4891964219444853
-2690.7466915680234     0.4791968381775984
-2671.3327744749367     0.47174138806496835
-2654.6955368815543     0.47183267929083694
-2635.413749975167      0.47647566804650765
-2622.79988502595       0.45688374105479834
-2607.5277510083506     0.4670501783089662
-2589.651449517929      0.45706563190633975
-2570.3620494765855     0.44658470757638913
-2556.2395149499935     0.43456303632984206
-2538.003237047611      0.4296217834629861
-2513.6410728319097     0.4304756509430394
-2490.190916723939      0.4273634782897231
-2473.967809503556      0.42745249711494804
-2457.240543568223      0.427544282340957
-2437.1829902940226     0.42916673688070794
-2413.4933553437877     0.40509839798052916
-2390.1722082098313     0.3976643874739745
-2371.467405092215      0.40532900119787474
-2354.1324732257963     0.41298609821564547
-2337.810334829257      0.4130756604410246
-2325.3119840975924     0.3904583086320086
-2310.3390352065        0.411335905568035
-2287.8896192149186     0.41334958351864515
-2271.8541818134036     0.4285615274292107
-2255.2169442200247     0.4286528186550802
-2238.5797066266423     0.4287441098809488
-2221.94246903326       0.4288354011068174
-2196.074611440781      0.4247762436721416
-2171.2565125123        0.42911352318562823
-2148.4679222951163     0.4065526355926128
-2122.915718167933      0.4066928446883429
-2107.6310663840923     0.40677671405610916
-2083.6101935993356     0.3917845656278267
-2053.1603969155367     0.37682769374953917
-2037.7026091499938     0.3466646034223091
-2016.6022752474928     0.34341950552497646
-1982.930060753868      0.3394031718646566
-1958.5174861333871     0.35466108248824835
-1935.7320076340693     0.3472241326808607
-1914.2602742604176     0.33725931499715767
-1896.1704424609488     0.3323172585567411
-1871.9924309453709     0.3324499272343351
-1852.030791087298      0.33860904193962593
-1828.4624990351913     0.32428658589889015
-1805.0325404649302     0.3176933921728171
-1783.225617677188      0.3304163460180849
-1756.614397877831      0.31795907038810167
-1727.1014216192125     0.29867592806389087
-1704.283007247941      0.2955602889410214
-1687.5962794436055     0.30321382915778283
-1672.442915165073      0.29321434155625603
-1658.4583757587789     0.28824975870945657
-1633.589435992806      0.27326226376249174
-1609.0898178626448     0.26583471971776973
-1592.452580269266      0.2659260109436392
-1576.0422140976152     0.2660160572891552
-1560.4132939341325     0.2661018157134558
-1550.8480665833777     0.2434683693798796
-1532.4317662360554     0.2397884338971057
-1504.4132846225802     0.2545259894732457
-1478.4756721845697     0.22874153360677685
-1456.4489779283613     0.22886239765702587
-1439.0862665783898     0.22139569224520628
-1424.5486953532127     0.22903743969062695
-1414.2150299244167     0.21180962235168455
-1390.830664422625      0.20653652371460485
-1374.1934268292462     0.20662781494047433
-1349.5551650524758     0.19920103165596714
-1325.1059627938157     0.19177321097116629
-1309.935655463294      0.19437711205569386
-1292.373742207641      0.16926688569361126
-1275.172643211601      0.19204720320880675
-1256.9776937561364     0.16189913213249874
-1237.5977981116412     0.16956745019878205
-1224.450675353859      0.19232552288767302
-1211.1562686455036     0.16215056173707953
-1190.4467409947792     0.1509212321350546
-1167.617277507532      0.13718287582205502
-1147.6117306343112     0.13549217869153907
-1123.0229827192816     0.16587501086675172
-1100.4070035054938     0.16275826094928103
-1084.3243404985587     0.16284650913428766
-1067.6961057393746     0.1629377509601424
-1050.8698086278855     0.16303007958630555
-1033.589768672944      0.16312489797317387
-1024.567273254259      0.367347796483247
-1022.4364413700932     0.1405001658020666
-1003.3205531334679     0.15421661716085833
-971.9412663858602      0.17102515075184588
-949.659946601485       0.16358543454367513
-931.6365093950808      0.15914714561400878
-917.0748830803059      0.15620225665152354
-904.3643464225534      0.17706743936403324
-881.3666578284647      0.17908412577549537
-865.094935303423       0.17917341136079568
-848.545925485163       0.1792642184665274
-830.4416367855047      0.19448751450031043
-808.0634388517683      0.16688305673144566
-797.8565732643219      0.18710433660816062
-777.8233135440605      0.15948701178231595
-753.9925898821748      0.1830238954518979
-723.9712507662989      0.1557494521712135
-695.4482547554326      0.17002165368748745
-677.5717901263997      0.16507842646673954
-654.2143283387013      0.15310742876655148
-630.8261179448018      0.14264899527497477
-614.0073832140406      0.14274128240512596
-597.5818922809376      0.1428314117426659
-580.7631575501764      0.14292369887281708
-564.6704113689411      0.14301200238583878
-547.7407617208919      0.14310489812416272
-531.0401441747708      0.1431965371261299
-514.4734888014864      0.14328744105588953
-501.48709321963906     0.14713968823348988
-478.25251528496665     0.12836223656257584
-454.3499904957753      0.128493393599741
-431.17659169635954     0.14374450466426314
-411.84241399185703     0.1362886170086517
-397.7812558342266      0.13888643201145445
-374.9586884777018      0.13228990543110353
-358.9407330897884      0.09876900997682547
-342.411194166285       0.1196551481752719
-311.48549564970017     0.11751423829305274
-287.87493149790316     0.1142829144369566
-268.47082930673787     0.12346376081450838
-256.7405593018775      0.09932979893573535
-241.69494062074955     0.09638756571800222
-224.7122818015814      0.1070675207283509
-209.2055947493609      0.09959063100964638
-191.45118398052728     0.06944014262598586
-171.79051672443165     0.07257281487368239
-149.0967523326617      0.08815738199206091
-125.25174900759157     0.07736536711173425
-108.61451141420912     0.07745665833760285
-83.96463725690046      0.07339081762992272
-69.7752575255945       0.03985988848391209
-52.570539269367146     0.057238813408529765
-27.254065997258294     0.03253123174054373
-4.667103013027372      0.05282044322317514
 7.857571441891196      0.05540982729025412
 20.758330735585332     0.038196096012447
 47.20117014430798      0.03747696617667007
 65.40610448810185      0.03303967315128631
 87.69410087099459      0.02127886361865894
 110.80060593651797     0.01816480529623732
 127.8915863733564      0.018258586282811073
 144.44059619162        0.0183493933885428
 157.62316232215016     -0.004264204019408524
 170.69561291456193     0.016602964573662504
 193.16254515871333     0.003492783778666464
 209.61072323398912     0.0035830376042413903
 228.85926611772447     -0.0008485289715185473
 243.9174126353755      0.018895238843217754
 260.98948712040146     0.018988916089762498
 277.53849693866505     0.019079723195494225
 293.9992789818134      0.019170046181089084
 313.8734523782732      0.023816285457681552
 327.6850890306414      0.011792908263982937
 352.81251889710256     0.00016771055200504037
 374.6406497036587      0.04229847077492632
 386.5006364796536      0.007794508769062958
 415.0599110638723      0.037478939542562095
 435.2515360755933      0.03506907512635227
 459.3865394208333      0.02763953038106326
 481.43187739864516     0.0307852877044672
 500.9933531596653      0.053074425161812044
 510.1152986783309      0.04304184218557339
 525.7427203835032      0.06041211222773857
 550.6193760013339      0.05334673121230793
 560.0270114584746      0.04331571586318006
 577.2373187225094      0.05853410647557222
 605.4636026672997      0.07717382239968007
 629.1276236479207      0.07394279186988939
 645.440759210258       0.07403230469525379
 662.402098834682       0.07412537432162658
 679.0393364280608      0.07421666554749606
 697.6611080372822      0.08944280109408353
 719.0192264489997      0.09712197399010947
 740.109265835501       0.09723769846290153
 756.7465034288834      0.09732898968877102
 773.3837410222659      0.09742028091463961
 790.0209786156447      0.09751157214050821
 806.743686337486       0.09306614589682027
 825.0022171513701      0.11736466119822353
 841.2090878509189      0.10535442704291675
 854.2193312759082      0.08526054321563503
 875.8814192062346      0.08285874746837774
 897.9717761887587      0.07919897213131843
 923.272954713022       0.06043286023361727
 948.1148436812146      0.05804851257130483
 967.5962216090666      0.04177112562549379
 988.117025513744       0.06078867018587086
 1009.2680269489392     0.06090472916732903
 1028.6256632369368     0.04840765194606789
 1048.7955928280862     0.058096832371663965
 1070.1314035459545     0.038552764113515714
 1098.6679710776152     0.06139528118633564
 1121.2946311226915     0.05647811905964062
 1136.4336037564717     0.02832980665666529
 1155.2864328032083     0.008772113874655929
 1170.9882698815018     -0.01080286891225235
 1188.4023010116907     -0.05154199341638499
 1205.2438243930956     -0.08169749096146361
 1228.8755780343818     -0.08576891826183974
 1252.8772360452713     -0.10412205098251537
 1273.732266213272      -0.12480305397616753
 1292.0551697085248     -0.1039070752949316
 1308.512556051799      -0.11137874837215911
 1324.9607341270712     -0.11128849454658418
 1341.1890376141746     -0.10363746977853427
 1350.6612276220185     -0.11492846047803074
 1375.1127440320233     -0.1412612120398693
 1397.15944201612       -0.16166560553609077
 1420.9863231452218     -0.19394333826825694
 1453.3609170524542     -0.21225052732924699
 1476.902231484175      -0.20119849602412998
 1494.043627792511      -0.20110443839747738
 1515.1271174660833     -0.18082347671718502
 1537.7823025985672     -0.20842641461228517
 1564.932876468898      -0.22556195484222208
 1590.8228765422537     -0.2518061008773058
 1607.468583592803      -0.2685398541064634
 1618.6665211043692     -0.2857629290440613
 1642.5370396527214     -0.2910333600803847
 1664.794900709734      -0.2965827106528893
 1689.2218138326352     -0.2788940857490845
 1711.5246100808254     -0.27048954092560784
 1727.266881364776      -0.2451965690917417
 1741.299883007403      -0.22243363544147243
 1759.8957264541386     -0.20720764216692533
 1775.7603154397366     -0.19955861315944112
 1793.5963196803677     -0.18433678924607566
 1810.7893161256325     -0.16155651619089273
 1836.710983275425      -0.17086675157910847
 1861.900822722022      -0.1839619913398698
 1876.648749617656      -0.18643277117104784
 1886.1791044379133     -0.1886223694818927
 1893.6294854608605     -0.18585024849312148
 1899.5891254680464     -0.1617031489337668
 1908.9855997269806     -0.16165158895278253
 1917.0126932693674     -0.10791626781849839
 1925.5221601742232     -0.05505927441306646
 1935.080410552484      -0.0004345769825810919
 1945.361083547392      0.023190018426884507
 1954.5242653649002     0.03994057098382342
 1963.900469185599      0.08026047611345799
 1974.4510132032628     0.15694457419520624
 1984.2217292488567     0.2497273992182203
 1990.905279223156      0.36877022946813653
 1994.5854081366379     0.45626777553362263
 1999.5030770617595     0.5335004710143556
 2006.3378495247598     0.6581005471888197
 2011.721666505986      0.8074791433111299
 2016.9023894643688     0.985214040386281
