3063.7136	27.040886
3063.991	31.040886
3064.2668	32.968964
3064.5442	27.468966
3064.8201	31
3065.0972	30.009851
3065.373	31.968966
3065.6504	32
3065.9263	28.468966
3066.2034	26.040886
3066.4792	29.5
3066.7563	27.5
3067.0322	27
3067.3093	26.009851
3067.5852	34.5
3067.8623	29
3068.1382	29.968966
3068.4153	28.040886
3068.6912	32.040886
3068.9668	33
3069.2439	27.040886
3069.5195	29.509851
3069.7966	33.468964
3070.0725	31.5
3070.3481	33.009853
3070.6252	32.5
3070.9009	32.968964
3071.1777	29.5
3071.4536	33.040886
3071.7292	30.040886
3072.0061	32
3072.2817	30.040886
3072.5574	30.968966
3072.8345	25.968966
3073.1099	32.040886
3073.3855	33.040886
3073.6626	28.968966
3073.938	27.968966
3074.2136	31.968966
3074.4905	32.5
3074.7661	33.968964
3075.0415	28.009851
3075.3184	31.968966
3075.594	37.5
3075.8694	34
3076.145	27.040886
3076.4219	32.968964
3076.6973	30.968966
3076.9727	30.009851
3077.2483	27.468966
3077.5249	35.468964
3077.8003	32
3078.0759	33.040886
3078.3513	28.040886
3078.6267	28.040886
3078.9033	35
3079.1787	27.040886
3079.4541	31.968966
3079.7295	31.968966
3080.0049	27.468966
3080.2815	25.5
3080.5569	26.009851
3080.832	34.468964
3081.1074	27.468966
3081.3828	27.5
3081.658	29.040886
3081.9333	31.009851
3082.21	33.468964
3082.4851	28
3082.7605	31.040886
3083.0356	32.040886
3083.311	30.5
3083.5862	30.468966
3083.8613	32.040886
3084.1365	33.968964
3084.4119	29
3084.687	29
3084.9622	34.968964
3085.2385	36.009853
3085.5137	32
3085.7888	27
3086.064	23.040886
3086.3391	29.968966
3086.6143	35.968964
3086.8894	26.040886
3087.1643	22.5
3087.4395	34.968964
3087.7146	29.468966
3087.9895	28.5
3088.2646	23.040886
3088.5398	27.040886
3088.8147	32.468964
3089.0898	32.468964
3089.3647	25.040886
3089.6384	28.040886
3089.9133	26.968966
3090.1885	30.968966
3090.4634	25.040886
3090.7383	29.009851
3091.0132	30.040886
3091.2881	29.468966
3091.5632	29.040886
3091.8381	29.040886
3092.113	31.040886
3092.3879	24.468966
3092.6626	29.5
3092.9363	31.040886
3093.2112	31.468966
3093.4861	30.040886
3093.7607	33.040886
3094.0356	29.040886
3094.3105	31.468966
3094.584	29.468966
3094.8589	30
3095.1335	28.040886
3095.4084	28.968966
3095.6831	30.468966
3095.958	30.968966
3096.2314	25.040886
3096.5061	32.468964
3096.7808	31.468966
3097.0554	28.040886
3097.3289	22.040886
3097.6038	32.040886
3097.8784	30.5
3098.1531	30.040886
3098.4263	30.040886
3098.7009	32
3098.9756	30.040886
3099.2502	26.040886
3099.5237	32.5
3099.7983	32.968964
3100.0728	29.509851
3100.3462	26.040886
3100.6208	25.040886
3100.8953	34.009853
3101.1699	34.509853
3101.4431	30.968966
3101.7178	30.040886
3101.9922	32.040886
3102.2654	25.968966
3102.54	28.468966
3102.8132	26.5
3103.0876	27.968966
3103.3621	25.968966
3103.6353	28.968966
3103.9097	29.5
3104.1841	30.968966
3104.4573	27.040886
3104.7317	28.040886
3105.0049	32.968964
3105.2793	30.509851
3105.5525	32
3105.8267	28.040886
3106.1011	30.968966
3106.3743	29.509851
3106.6487	29.009851
3106.9216	28.509851
3107.196	26.509851
3107.469	28.968966
3107.7434	28.040886
3108.0164	34.468964
3108.2905	27.5
3108.5637	30.468966
3108.8379	31.468966
3109.1108	30.509851
3109.385	33
3109.658	30.968966
3109.9324	30.509851
3110.2053	29.5
3110.4795	23.040886
3110.7524	34.968964
3111.0266	28.040886
3111.2993	29.468966
3111.5723	32.040886
3111.8464	26.040886
3112.1194	30.5
3112.3936	30.040886
3112.6663	32
3112.9404	26.468966
3113.2131	30.009851
3113.4861	30.040886
3113.76	31.040886
3114.033	27.040886
3114.3057	28.009851
3114.5798	32.5
3114.8525	32.040886
3115.1252	30.968966
3115.3992	31.968966
3115.6721	28.040886
3115.9448	36.040886
3116.2188	30
3116.4915	26.5
3116.7642	23.5
3117.0381	31.968966
3117.3108	30.968966
3117.5835	32.040886
3117.8574	31.5
3118.1299	31.968966
3118.4026	28.040886
3118.6753	30.509851
3118.949	27.040886
3119.2217	25.968966
3119.4941	28.009851
3119.7668	34.968964
3120.0408	30.468966
3120.3132	26.968966
3120.5857	27
3120.8584	32
3121.1309	31.968966
3121.4045	28.040886
3121.677	22.040886
3121.9497	37.468964
3122.2222	33.468964
3122.4946	31.009851
3122.7683	30.040886
3123.0408	31.040886
3123.3132	29.009851
3123.5857	29.509851
3123.8582	32.040886
3124.1304	29
3124.4028	30.040886
3124.6753	28.509851
3124.949	31.468966
3125.2212	33.040886
3125.4937	30.040886
3125.7659	32.509853
3126.0383	28.968966
3126.3105	27.968966
3126.583	33.009853
3126.8552	26.040886
3127.1277	30.040886
3127.3999	28
3127.6721	32.968964
3127.9443	32.009853
3128.2166	27
3128.489	30
3128.7612	31.468966
3129.0334	27.009851
3129.3057	30.5
3129.5779	28
3129.8499	33.5
3130.1221	28.968966
3130.3943	30.009851
3130.6665	29.968966
3130.9387	31.968966
3131.2107	26.5
3131.4829	28.040886
3131.7551	34.040886
3132.0271	29.040886
3132.2993	28.040886
3132.5713	28.040886
3132.8435	33.968964
3133.1155	29.009851
3133.3877	22.040886
3133.6597	28.040886
3133.9316	27.009851
3134.2024	28.468966
3134.4744	29.040886
3134.7463	33.509853
3135.0186	30.040886
3135.2905	26.968966
3135.5625	32.509853
3135.8345	35.040886
3136.105	31
3136.377	27.468966
3136.6489	32.968964
3136.9209	28.468966
3137.1929	31.040886
3137.4648	32
3137.7354	28.040886
3138.0073	28.509851
3138.2791	33
3138.551	31.968966
3138.8228	26.040886
3139.0935	31.009851
3139.3652	33.468964
3139.637	36
3139.9089	25.009851
3140.1794	21.040886
3140.4512	32.968964
3140.7229	32.468964
3140.9949	30.040886
3141.2654	26.040886
3141.5371	34.040886
3141.8088	29.968966
3142.0793	29.040886
3142.3511	23.040886
3142.6226	28.040886
3142.8931	29.5
3143.1648	30.5
3143.4365	26.040886
3143.7068	30.468966
3143.9785	32.009853
3144.2502	23.040886
3144.5205	32.5
3144.7922	32.009853
3145.0637	31.5
3145.3342	24.040886
3145.6057	27.5
3145.876	32.968964
3146.1477	32.5
3146.4192	32.968964
3146.6895	27.968966
3146.9612	32
3147.2314	29.040886
3147.5029	31.509851
3147.7732	21.040886
3148.0447	35.040886
3148.3162	28.5
3148.5864	32.468964
3148.8579	23.468966
3149.1279	31.468966
3149.3994	29
3149.6697	30.040886
3149.9412	26.009851
3150.2112	31.468966
3150.4827	30.5
3150.7527	33.040886
3151.0242	28.509851
3151.2942	28.968966
3151.5657	29
3151.8357	30.468966
3152.106	25.468966
3152.3772	28.040886
3152.6472	35.468964
3152.9187	31.040886
3153.1887	31.509851
3153.46	28.040886
3153.73	30.468966
3154	30.968966
3154.2712	30.040886
3154.5413	31.968966
3154.8125	30.5
3155.0825	28
3155.3525	27.009851
3155.6238	33.009853
3155.8936	31
3156.1636	30.040886
3156.4348	31.468966
3156.7046	32.968964
3156.9758	25
3157.2458	34
3157.5156	31.468966
3157.7854	28.468966
3158.0566	33
3158.3264	32
3158.5964	30
3158.8674	32
3159.1372	29.040886
3159.407	25.5
3159.6768	28.509851
3159.948	24.040886
3160.2178	25
3160.4875	29.468966
3160.7573	30.009851
3161.0283	28.040886
3161.2981	31
3161.5676	26.468966
3161.8374	35.968964
3162.1084	28.040886
3162.3782	30.5
3162.6477	30.5
3162.9175	30
3163.1873	35.968964
3163.458	33
3163.7278	28
3163.9973	22.040886
3164.2671	30.009851
3164.5366	29.5
3164.8062	29.5
3165.0759	31.040886
3165.3467	34.040886
3165.6162	27.468966
3165.8857	26.968966
3166.1555	27.040886
3166.425	30.040886
3166.6946	25.968966
3166.9641	26.968966
3167.2336	22.040886
3167.5032	34.040886
3167.7725	26.968966
3168.042	28.5
3168.3127	22.040886
3168.5823	29.040886
3168.8518	30.968966
3169.1211	29.468966
3169.3906	22.040886
3169.6602	28.009851
3169.9294	31.468966
3170.199	32.040886
3170.4683	26.040886
3170.7375	30.040886
3171.0071	29.968966
3171.2764	30.968966
3171.5457	26.040886
3171.8152	33.040886
3172.0845	32.968964
3172.3538	32.468964
3172.623	31.040886
3172.8911	25.040886
3173.1604	34.468964
3173.4297	32.468964
3173.699	32.468964
3173.9683	30.040886
3174.2375	36.040886
3174.5068	33.468964
3174.7759	21.040886
3175.0452	34.009853
3175.3145	32.040886
3175.5837	30.968966
3175.8516	30.968966
3176.1208	33.468964
3176.3899	33.968964
3176.6592	32.468964
3176.9282	28.040886
3177.1975	35.040886
3177.4653	30.968966
3177.7344	34.468964
3178.0034	30.040886
3178.2727	30.040886
3178.5417	33.468964
3178.8096	28.968966
3179.0786	39.040886
3179.3477	34
3179.6167	35.968964
3179.8857	30.968966
3180.1536	36.009853
3180.4226	31.040886
3180.6917	32
3180.9607	33.468964
3181.2283	30.040886
3181.4973	34.040886
3181.7664	34.468964
3182.0339	34
3182.303	32.968964
3182.572	31.040886
3182.8408	35.468964
3183.1084	33.040886
3183.3774	32.040886
3183.6462	29.040886
3183.9141	34.968964
3184.1829	35.968964
3184.4517	37.468964
3184.7192	34.040886
3184.9883	34.5
3185.2571	33.040886
3185.5247	32.040886
3185.7935	26.040886
3186.061	29.468966
3186.3298	35.040886
3186.5986	22.040886
3186.866	31.5
3187.1348	35.040886
3187.4023	38.968964
3187.6711	40.040886
3187.9399	39.509853
3188.2073	33.468964
3188.4761	36.040886
3188.7434	34.040886
3189.0122	35.968964
3189.2795	32.5
3189.5483	36.468964
3189.8157	32.5
3190.0845	33
3190.3518	37.009853
3190.6204	37.468964
3190.8877	36.468964
3191.1565	42.5
3191.4238	32.040886
3191.6924	34.040886
3191.9597	40.968964
3192.2283	34.968964
3192.4956	37.468964
3192.7642	29.040886
3193.0315	40
3193.2988	38.968964
3193.5674	38
3193.8345	41.040886
3194.103	32
3194.3704	38
3194.6387	42
3194.906	39.509853
3195.1731	39.5
3195.4417	40.468964
3195.709	40.5
3195.9761	35.509853
3196.2444	37.040886
3196.5117	35.5
3196.7788	36.040886
3197.0471	36.968964
3197.3145	40.5
3197.5815	42.968964
3197.8499	39
3198.1169	36.040886
3198.384	37.968964
3198.6523	40
3198.9194	42.040886
3199.1865	39
3199.4548	36.040886
3199.7219	39.968964
3199.9888	36.968964
3200.2559	45
3200.5242	42.040886
3200.7913	34.468964
3201.0581	39.968964
3201.3252	41.040886
3201.5935	40.040886
3201.8604	40.5
3202.1272	41.5
3202.3943	40.040886
3202.6611	42.040886
3202.9294	44.040886
3203.1963	35.040886
3203.4631	37.040886
3203.73	42.468964
3203.9971	41.009853
3204.2639	36.040886
3204.532	43
3204.7988	44.040886
3205.0657	40.040886
3205.3325	42.468964
3205.5994	48.009853
3205.8662	41.040886
3206.1331	47.468964
3206.3997	42.968964
3206.6677	46
3206.9346	41.040886
3207.2014	47.5
3207.468	42.468964
3207.7349	52.968964
3208.0015	48.5
3208.2683	45.5
3208.5349	47.468964
3208.8018	43.5
3209.0684	45.468964
3209.335	45.040886
3209.6018	41.040886
3209.8684	47.040886
3210.135	41.040886
3210.4016	49.009853
3210.6685	48.968964
3210.9351	40.040886
3211.2017	48.968964
3211.4683	49.040886
3211.7349	50.040886
3212.0015	50.040886
3212.2681	52.040886
3212.5344	55.468964
3212.801	51.968964
3213.0676	50.009853
3213.3342	52
3213.6006	53.968964
3213.8672	54.468964
3214.1323	53.040886
3214.3989	55.468964
3214.6655	54.009853
3214.9319	52.040886
3215.1985	47.968964
3215.4648	51.968964
3215.7312	46.968964
3215.9978	50.040886
3216.2629	58.509853
3216.5293	54.468964
3216.7957	54.468964
3217.062	55.509853
3217.3286	54.040886
3217.595	57.5
3217.8599	49.040886
3218.1262	49.040886
3218.3926	59.040886
3218.6589	61
3218.9253	56.009853
3219.1904	64.468964
3219.4568	59.468964
3219.7231	60.468964
3219.9893	58.040886
3220.2544	57.040886
3220.5205	55.468964
3220.7869	63
3221.0532	62.040886
3221.3181	62.040886
3221.5842	63.968964
3221.8506	64.468964
3222.1167	66.468964
3222.3816	65.040886
3222.6479	64.040886
3222.9141	63.968964
3223.179	70.468964
3223.4451	69.50985
3223.7112	68.968964
3223.9761	68.968964
3224.2424	74.968964
3224.5085	71.968964
3224.7732	74.040886
3225.0393	79.468964
3225.3042	74
3225.5703	69.50985
3225.8364	79.040886
3226.1011	76.040886
3226.3672	73.040886
3226.6321	75.468964
3226.8979	74.040886
3227.1641	87
3227.4287	80.040886
3227.6948	78.00985
3227.9595	94.468964
3228.2256	90.468964
3228.4902	88
3228.7563	86.50985
3229.021	80.968964
3229.2869	93.040886
3229.5515	78.968964
3229.8174	91.968964
3230.082	96.50985
3230.3481	91.040886
3230.6128	98.5
3230.8787	105.04089
3231.1431	104
3231.4089	106.04089
3231.6736	110
3231.9395	109.04089
3232.2041	112.04089
3232.47	108.04089
3232.7344	113.46896
3233.0002	121.96896
3233.2649	113.96896
3233.5293	135
3233.7952	130.46896
3234.0596	125.50985
3234.3254	117.04089
3234.5898	130.04089
3234.8542	133.96896
3235.1201	130.04089
3235.3845	138.04089
3235.6489	151.96896
3235.9148	156.96896
3236.1792	143.04089
3236.4436	145.04089
3236.7092	163.50986
3236.9736	152.96896
3237.238	165.04089
3237.5037	182.04089
3237.7681	185.04089
3238.0325	184
3238.2981	183.46896
3238.5623	211.96896
3238.8267	206
3239.0911	206
3239.3567	220.46896
3239.6208	232.00986
3239.8853	236.46896
3240.1494	237
3240.415	243.04089
3240.6792	264.00986
3240.9436	261.46896
3241.2078	269
3241.4731	285.04089
3241.7375	291.96896
3242.0017	305.04089
3242.2659	328.00986
3242.53	334
3242.7942	343.00986
3243.0598	362.04089
3243.324	377
3243.5881	368.04089
3243.8523	399.96896
3244.1165	406.04089
3244.3804	430.04089
3244.6445	439.46896
3244.9099	462.04089
3245.1741	493.96896
3245.4382	513.46899
3245.7021	528.04089
3245.9663	531.04089
3246.2305	565.46899
3246.4944	593
3246.7585	614.04089
3247.0225	613.04089
3247.2866	646.96899
3247.5505	696.46899
3247.8145	691.04089
3248.0786	728
3248.3425	751.96899
3248.6064	776.96899
3248.8718	805.46899
3249.1357	838.96899
3249.3997	849.5
3249.6636	871.96899
3249.9263	900
3250.1902	928.04089
3250.4541	972
3250.718	981.00983
3250.9819	1019.969
3251.2456	992
3251.5095	1033.969
3251.7734	1073.469
3252.0374	1076.0409
3252.301	1107.0409
3252.5649	1103.5
3252.8289	1100.969
3253.0925	1128.0409
3253.3564	1143.0409
3253.6201	1135
3253.8826	1124.0409
3254.1465	1164.469
3254.4102	1152.5099
3254.6741	1149
3254.9377	1151.5
3255.2014	1127.0409
3255.4651	1156.5099
3255.7275	1097.0409
3255.9912	1155.0099
3256.2551	1119.469
3256.5188	1140.5
3256.7825	1141.0099
3257.0461	1128.5
3257.3083	1118.5099
3257.572	1087.469
3257.8357	1046.0409
3258.0994	1078.969
3258.3616	1072.969
3258.6252	1050.969
3258.8889	1033.5099
3259.1526	1026.469
3259.4148	989.46899
3259.6785	996
3259.9419	982.96899
3260.2056	956.04089
3260.4678	952.5
3260.7312	940.96899
3260.9949	900.04089
3261.2571	873.5
3261.5205	878
3261.7839	880.04089
3262.0464	855
3262.3098	844.46899
3262.5732	793.04089
3262.8354	793.50983
3263.0989	768.96899
3263.3623	788.46899
3263.6245	775.50983
3263.8879	750.96899
3264.1514	728
3264.4133	736.96899
3264.6768	758.96899
3264.939	727.96899
3265.2021	724.04089
3265.4656	705.5
3265.7278	678.46899
3265.991	695.04089
3266.2532	706.96899
3266.5164	700.96899
3266.7786	684.04089
3267.0417	707.04089
3267.3037	688.50983
3267.5671	695.50983
3267.8291	693.5
3268.0923	691.00983
3268.3557	684.96899
3268.6177	676.04089
3268.8796	710.04089
3269.1428	711.96899
3269.4048	718.50983
3269.668	708.5
3269.9299	720.04089
3270.1931	753.96899
3270.4551	736.5
3270.718	732.04089
3270.98	788
3271.2432	769.50983
3271.5051	796
3271.7668	783.04089
3272.03	824.00983
3272.292	857.46899
3272.5549	842.50983
3272.8169	871.04089
3273.0786	915.46899
3273.3418	912.46899
3273.6035	912.04089
3273.8665	961
3274.1284	982.04089
3274.3901	1010.5098
3274.6531	1054.0409
3274.9148	1082.0099
3275.1765	1096
3275.4397	1111.0409
3275.7014	1143.0409
3275.9631	1197.0409
3276.2249	1226.469
3276.4878	1258.5
3276.7495	1298.0409
3277.011	1332.469
3277.2739	1349
3277.5356	1376.0409
3277.7974	1478.469
3278.0588	1473.0409
3278.3218	1510.0099
3278.5835	1551.0099
3278.845	1569.5099
3279.1067	1609.969
3279.3682	1632.0409
3279.6311	1693.469
3279.8926	1714.0409
3280.1543	1757.5099
3280.4158	1749.0409
3280.6772	1757.5
3280.9402	1832.5099
3281.2017	1843.0099
3281.4631	1876.5099
3281.7246	1876.0409
3281.9861	1905.0409
3282.2476	1920.5099
3282.5103	1942.969
3282.7717	1990.969
3283.0332	1972.0409
3283.2947	1960
3283.5562	1939.469
3283.8176	1984.5099
3284.0791	1961.469
3284.3403	2005.969
3284.6018	1978.469
3284.8633	1994.469
3285.1245	2013.0409
3285.3872	1964.0409
3285.6487	1967.969
3285.9099	1965.5099
3286.1714	1951.5
3286.4326	1900.0409
3286.6938	1869.0099
3286.9553	1857.0099
3287.2166	1830.0409
3287.4778	1802.0409
3287.7393	1798.0409
3288.0005	1731.0409
3288.2617	1711.0409
3288.5229	1696.0409
3288.7842	1682.969
3289.0454	1600.0409
3289.3066	1640.969
3289.5667	1588.0409
3289.8279	1532.469
3290.0891	1506.969
3290.3503	1489.0099
3290.6113	1461.5099
3290.8726	1414.969
3291.1338	1386.5099
3291.395	1348.0409
3291.656	1314.469
3291.9172	1270.0099
3292.1782	1262.469
3292.4382	1234.0099
3292.6992	1204.0409
3292.9604	1185
3293.2214	1142.5
3293.4824	1105.0099
3293.7437	1105.969
3294.0034	1097.469
3294.2644	1036.5099
3294.5254	1014.5098
3294.7866	1006.469
3295.0476	965.50983
3295.3074	917.96899
3295.5684	885.04089
3295.8293	878.46899
3296.0903	883.96899
3296.3513	830.04089
3296.6111	825.04089
3296.8718	811.46899
3297.1328	811.50983
3297.3938	785.04089
3297.6536	745.04089
3297.9143	731.04089
3298.1753	743.96899
3298.4351	730.5
3298.6958	698.46899
3298.9568	697.04089
3299.2163	677.96899
3299.4773	643.04089
3299.738	627.04089
3299.9976	645.96899
3300.2585	595.50983
3300.5193	608.04089
3300.7788	594.50983
3301.0396	576.00983
3301.3005	572.46899
3301.5601	555.96899
3301.8208	563.50983
3302.0815	525.46899
3302.3411	526.04089
3302.6018	532.96899
3302.8613	487.00986
3303.1221	466.50986
3303.3826	453.04089
3303.6421	477.50986
3303.9028	462.96896
3304.1624	438.46896
3304.4229	443.46896
3304.6824	422.50986
3304.9431	409.46896
3305.2024	420.46896
3305.4631	409.04089
3305.7224	406.04089
3305.9832	390.96896
3306.2424	385.00986
3306.5029	392.46896
3306.7625	382
3307.0229	368.96896
3307.2822	360.04089
3307.543	354.50986
3307.8022	336.96896
3308.0627	335.96896
3308.322	335.04089
3308.5825	332
3308.8418	337.96896
3309.1011	312.46896
3309.3616	304.04089
3309.6208	314.04089
3309.8813	285.04089
3310.1404	291.00986
3310.3997	296.96896
3310.6602	290.04089
3310.9194	292.96896
3311.1785	273.50986
3311.439	262.46896
3311.6982	275.50986
3311.9585	254.04089
3312.2178	242.04089
3312.4768	236.04089
3312.7371	256
3312.9963	246.04089
3313.2554	256.50986
3313.5144	238.46896
3313.7749	237.96896
3314.0339	237.00986
3314.293	214.46896
3314.5532	220.04089
3314.8123	229.5
3315.0713	213.46896
3315.3303	218.50986
3315.5908	219.50986
3315.8496	206.04089
3316.1086	207.96896
3316.3677	199.04089
3316.6279	198.00986
3316.887	191.96896
3317.146	181
3317.4048	189.96896
3317.6638	187.46896
3317.9229	180.04089
3318.1829	177.46896
3318.4419	171.04089
3318.7007	182.04089
3318.9597	177.96896
3319.2185	166.46896
3319.4775	167
3319.7375	144.04089
3319.9963	169.50986
3320.2554	158.96896
3320.5142	164.04089
3320.7729	160.04089
3321.0317	164.04089
3321.2905	153.96896
3321.5493	147.50986
3321.8081	150.96896
3322.0669	154.46896
3322.3257	145.96896
3322.5857	147
3322.8445	136.04089
3323.1033	143.46896
3323.3621	140.96896
3323.6208	143
3323.8796	139.46896
3324.1382	131.00986
3324.397	136.96896
3324.6558	126.04089
3324.9143	116.04089
3325.1731	126
3325.4316	129.96896
3325.6904	132.96896
3325.949	116.04089
3326.2075	121.46896
3326.4663	125.96896
3326.7236	124.96896
3326.9822	127.04089
3327.241	121.96896
3327.4995	120.5
3327.7581	116.96896
3328.0166	110.04089
3328.2751	109.5
3328.5337	112.96896
3328.7922	114.46896
3329.0508	113.04089
3329.3093	113.46896
3329.5667	102.46896
3329.8252	109
3330.0835	104.50985
3330.342	101.46896
3330.6006	109.46896
3330.8591	103.04089
3331.1162	103.50985
3331.3748	110.5
3331.6331	101.46896
3331.8916	100.04089
3332.1501	95.040886
3332.4072	98.040886
3332.6655	98.00985
3332.9241	104.46896
3333.1824	100.04089
3333.4395	98.968964
3333.698	87.50985
3333.9563	86.040886
3334.2146	89.040886
3334.4717	80.040886
3334.73	92.5
