w Int P
1420 0 5.66
1420.3552 0.000739657508357204 5.66
1420.7106 0.00134714523446357 5.66
1421.0658 0.00168908852805956 5.66
1421.4211 0.000903943411571475 5.66
1421.7764 0.00151131488073897 5.66
1422.1317 0.00102278151449532 5.66
1422.4869 0.00108971436079883 5.66
1422.8422 0 5.66
1423.1975 0.000272273706262716 5.66
1423.5527 0.000631823728322376 5.66
1423.9081 0.000247630589051818 5.66
1424.2633 0.000631669186810052 5.66
1424.6187 0.000634782085202292 5.66
1424.9739 0.00129070198376206 5.66
1425.3291 0.00173276594066096 5.66
1425.6844 0.00194800307981958 5.66
1426.0397 0.0011466121654005 5.66
1426.395 0.00115841447035398 5.66
1426.7502 0.00204582275441376 5.66
1427.1056 0.00199850954077073 5.66
1427.4608 0.00173453110764036 5.66
1427.816 0.00146379314002641 5.66
1428.1714 0.00215547419133464 5.66
1428.5266 0.00174288792120627 5.66
1428.882 0.00143795939402106 5.66
1429.2372 0.00162816889190445 5.66
1429.5925 0.00140257363802577 5.66
1429.9478 0.00134898864682198 5.66
1430.303 0.00266957379172854 5.66
1430.6583 0.00289909517276871 5.66
1431.0135 0.00129041509443233 5.66
1431.3689 0.00265450059129632 5.66
1431.7241 0.00256584183172618 5.66
1432.0795 0.00141071948716142 5.66
1432.4347 0.00247479372316965 5.66
1432.7899 0.00281975754147196 5.66
1433.1453 0.00104760158417863 5.66
1433.5005 0.00239042846503306 5.66
1433.8558 0.00127902310461899 5.66
1434.2111 0 5.66
1434.5664 0.00181803956032975 5.66
1434.9216 0.00244723204356856 5.66
1435.2769 0.00259271161948423 5.66
1435.6322 0.000650386474026205 5.66
1435.9874 0.000769404099924338 5.66
1436.3428 0.00191182295204405 5.66
1436.698 0.00265656871510887 5.66
1437.0533 0.00212392938810691 5.66
1437.4086 0.0018214276045612 5.66
1437.7638 0.00190940096355856 5.66
1438.1191 0.00246822907755152 5.66
1438.4744 0.00247079701920887 5.66
1438.8297 0.00218834489572697 5.66
1439.1849 0.00261269693885027 5.66
1439.5403 0.00186420998843992 5.66
1439.8955 0.00137124825013469 5.66
1440.2507 0.00163368255483903 5.66
1440.6061 0.00134475039437302 5.66
1440.9613 0.00283200976142993 5.66
1441.3167 0.00357550807250386 5.66
1441.6719 0.00362466221675629 5.66
1442.0272 0.00309986324999476 5.66
1442.3824 0.0018496724003661 5.66
1442.7377 0.00272741484929208 5.66
1443.093 0.00189111140299742 5.66
1443.4482 0.00247139214723534 5.66
1443.8036 0.00272347907077568 5.66
1444.1588 0.00245005198285807 5.66
1444.5142 0.00342550721473548 5.66
1444.8694 0.00272913954537699 5.66
1445.2246 0.00253625261127185 5.66
1445.58 0.00268641637290512 5.66
1445.9352 0.00410737343086634 5.66
1446.2905 0.0030017838825614 5.66
1446.6458 0.00195340736270867 5.66
1447.0011 0.00269054054160292 5.66
1447.3563 0.00328670737082159 5.66
1447.7115 0.00290145398844642 5.66
1448.0669 0.0043133125856467 5.66
1448.4221 0.00331757595748036 5.66
1448.7775 0.00118340041073128 5.66
1449.1327 0.00153713672965183 5.66
1449.488 0.00128025020457906 5.66
1449.8433 0.00277235272468866 5.66
1450.1985 0.00427592487852055 5.66
1450.5538 0.0037184440531239 5.66
1450.9091 0.00363338220206686 5.66
1451.2644 0.00371230314356662 5.66
1451.6196 0.00287236971598718 5.66
1451.975 0.00293766165407872 5.66
1452.3302 0.00347141592995155 5.66
1452.6854 0.00280459184542609 5.66
1453.0408 0.0029253976108855 5.66
1453.396 0.00361442570330107 5.66
1453.7513 0.00319618353005165 5.66
1454.1066 0.00316757790123423 5.66
1454.4619 0.00270032206734324 5.66
1454.8171 0.00497868656089512 5.66
1455.1724 0.00523247233161832 5.66
1455.5277 0.00424829123321419 5.66
1455.8829 0.00400843287432754 5.66
1456.2383 0.0033731177361537 5.66
1456.5935 0.00398171672370859 5.66
1456.9489 0.00347010783600658 5.66
1457.3041 0.00368607652108656 5.66
1457.6593 0.00355148420179972 5.66
1458.0146 0.00253468513593822 5.66
1458.3699 0.00462044242198648 5.66
1458.7252 0.0031114105105918 5.66
1459.0804 0.00391862967574316 5.66
1459.4358 0.00247924786869392 5.66
1459.791 0.00320042995691896 5.66
1460.1462 0.00391745607615353 5.66
1460.5016 0.00382515281824425 5.66
1460.8568 0.00395870492647013 5.66
1461.2122 0.00390610775370165 5.66
1461.5674 0.00449210295530146 5.66
1461.9227 0.00427422199424205 5.66
1462.278 0.00476816329297007 5.66
1462.6332 0.00505527708629695 5.66
1462.9885 0.00475066233023011 5.66
1463.3438 0.00467298143142114 5.66
1463.6991 0.00489863987175134 5.66
1464.0543 0.0043842859980404 5.66
1464.4097 0.00380197771911719 5.66
1464.7649 0.00429497170541646 5.66
1465.1201 0.00465131767470419 5.66
1465.4755 0.00404271057004629 5.66
1465.8307 0.0042876014221948 5.66
1466.186 0.00487630778909468 5.66
1466.5413 0.00524516461337377 5.66
1466.8966 0.0056160089096463 5.66
1467.2518 0.00428509155693675 5.66
1467.6071 0.00423421604962889 5.66
1467.9624 0.00476687996572597 5.66
1468.3176 0.00402036456732092 5.66
1468.673 0.00567210487319285 5.66
1469.0282 0.00489970442048995 5.66
1469.3835 0.0050885759940149 5.66
1469.7388 0.00454227384289585 5.66
1470.094 0.00616141905239449 5.66
1470.4493 0.00550808168453951 5.66
1470.8046 0.00493485396565648 5.66
1471.1599 0.00495935255407484 5.66
1471.5151 0.00623626086693573 5.66
1471.8705 0.00556402955838262 5.66
1472.2257 0.00450980740247401 5.66
1472.5809 0.0031346621425797 5.66
1472.9363 0.00593691674682185 5.66
1473.2915 0.00614237000889795 5.66
1473.6469 0.00561844989973188 5.66
1474.0021 0.00479958763045093 5.66
1474.3574 0.00529284666267373 5.66
1474.7126 0.00558922619799218 5.66
1475.0679 0.00583967973955227 5.66
1475.4232 0.00572899600500095 5.66
1475.7784 0.00553356559353415 5.66
1476.1338 0.0058334743030074 5.66
1476.489 0.0056802424932227 5.66
1476.8444 0.00631485426462462 5.66
1477.1996 0.00741942297100152 5.66
1477.5548 0.00611905624978374 5.66
1477.9102 0.00629399229436913 5.66
1478.2654 0.00684745319553003 5.66
1478.6207 0.0060607544032711 5.66
1478.976 0.00594022458186371 5.66
1479.3313 0.00666218664848055 5.66
1479.6865 0.0080061540766497 5.66
1480.0417 0.00792497706378551 5.66
1480.3971 0.00704814186459642 5.66
1480.7523 0.0068055681306556 5.66
1481.1077 0.00725506358124302 5.66
1481.4629 0.00726313189515907 5.66
1481.8182 0.00652531289631216 5.66
1482.1735 0.00700071738679226 5.66
1482.5287 0.00760227389321928 5.66
1482.884 0.0074276693171618 5.66
1483.2393 0.00782147488574109 5.66
1483.5946 0.0077898747382715 5.66
1483.9498 0.00696681618770935 5.66
1484.3052 0.00568943958914383 5.66
1484.6604 0.00753614615853894 5.66
1485.0156 0.00838016968450849 5.66
1485.371 0.00727242644468389 5.66
1485.7262 0.00646962748234101 5.66
1486.0815 0.00712627527128944 5.66
1486.4368 0.00868753542765251 5.66
1486.7921 0.00949929045971598 5.66
1487.1473 0.00796735244658896 5.66
1487.5026 0.00761178751870746 5.66
1487.8579 0.00810233573953166 5.66
1488.2131 0.00605276205284375 5.66
1488.5685 0.00772165637933095 5.66
1488.9237 0.00702928038736301 5.66
1489.2791 0.00916908007576469 5.66
1489.6343 0.00921107536567264 5.66
1489.9895 0.00882566910083642 5.66
1490.3448 0.00736036841878046 5.66
1490.7001 0.00731762154262214 5.66
1491.0554 0.00715503155041777 5.66
1491.4106 0.0096901206840697 5.66
1491.766 0.00918314466736347 5.66
1492.1212 0.00984791160624886 5.66
1492.4764 0.00894495333487022 5.66
1492.8318 0.00812258688592732 5.66
1493.187 0.00732816299213383 5.66
1493.5424 0.0069958380734493 5.66
1493.8976 0.00669282480658017 5.66
1494.2529 0.00812789075958563 5.66
1494.6082 0.00854326872796498 5.66
1494.9634 0.007806340809268 5.66
1495.3187 0.00916846509495709 5.66
1495.674 0.00955541757411396 5.66
1496.0293 0.00964411614763649 5.66
1496.3845 0.00872262030740067 5.66
1496.7399 0.00876542863580001 5.66
1497.0951 0.00865336632337015 5.66
1497.4503 0.00910550722576625 5.66
1497.8057 0.00824316087234938 5.66
1498.1609 0.00684648352494571 5.66
1498.5162 0.00723737367823575 5.66
1498.8715 0.00834914799002339 5.66
1499.2268 0.00950665393350058 5.66
1499.582 0.00888503818149455 5.66
1499.9373 0.00937495966028945 5.66
1500.2926 0.00927160135351031 5.66
1500.6478 0.00767442892668707 5.66
1501.0032 0.00857583808660424 5.66
1501.3584 0.00914278078687861 5.66
1501.7137 0.00914480108986959 5.66
1502.069 0.00944029867234921 5.66
1502.4242 0.00883759166651869 5.66
1502.7795 0.00900837595186771 5.66
1503.1348 0.00855215047344885 5.66
1503.4901 0.00871358078613229 5.66
1503.8453 0.00949809880734342 5.66
1504.2007 0.00951090338230812 5.66
1504.5559 0.0100179123548113 5.66
1504.9111 0.00954048910305555 5.66
1505.2665 0.00929300938658869 5.66
1505.6217 0.00892652936194095 5.66
1505.9771 0.00905570943534051 5.66
1506.3323 0.0110408096199962 5.66
1506.6876 0.0106592059947466 5.66
1507.0428 0.0104931944281943 5.66
1507.3981 0.00997939311070681 5.66
1507.7534 0.00967587439258199 5.66
1508.1086 0.011030245434194 5.66
1508.464 0.0110455295953426 5.66
1508.8192 0.00961047342595486 5.66
1509.1746 0.0105165854329196 5.66
1509.5298 0.0104481387372211 5.66
1509.885 0.0113339113448008 5.66
1510.2404 0.011856896101371 5.66
1510.5956 0.0119235609919811 5.66
1510.9509 0.0103563363874088 5.66
1511.3062 0.0120714731211061 5.66
1511.6615 0.0117892392924815 5.66
1512.0167 0.0133148455359336 5.66
1512.3719 0.0127980911794016 5.66
1512.7273 0.012957651507819 5.66
1513.0825 0.0135277089030084 5.66
1513.4379 0.0141082177772177 5.66
1513.7931 0.0134710217051529 5.66
1514.1484 0.0145896666003759 5.66
1514.5037 0.0143123683652321 5.66
1514.8589 0.0152429773674037 5.66
1515.2142 0.014984210616243 5.66
1515.5695 0.0136451878045631 5.66
1515.9248 0.0144631828749863 5.66
1516.28 0.015672817580728 5.66
1516.6354 0.0162184578446828 5.66
1516.9906 0.0169683057746562 5.66
1517.3458 0.0175862731864525 5.66
1517.7012 0.0174995497580664 5.66
1518.0564 0.018500082330015 5.66
1518.4117 0.0196614559715736 5.66
1518.767 0.0185979729912304 5.66
1519.1223 0.017999587360501 5.66
1519.4775 0.0198099900499703 5.66
1519.8328 0.0206125485554847 5.66
1520.1881 0.021049959852875 5.66
1520.5433 0.0208445662207263 5.66
1520.8987 0.0211631889604048 5.66
1521.2539 0.0232336439554816 5.66
1521.6093 0.0236135132345121 5.66
1521.9645 0.0235506037742182 5.66
1522.3197 0.0238916668216675 5.66
1522.675 0.0247522506863226 5.66
1523.0303 0.0255292572843946 5.66
1523.3856 0.0252781833352781 5.66
1523.7408 0.0251410330870537 5.66
1524.0962 0.0262438987364936 5.66
1524.4514 0.0276004146962156 5.66
1524.8066 0.0266920804385953 5.66
1525.162 0.026210372622078 5.66
1525.5172 0.0276499965524704 5.66
1525.8726 0.0296326650165192 5.66
1526.2278 0.0305633439947425 5.66
1526.5831 0.0299271834657806 5.66
1526.9384 0.0300491723853453 5.66
1527.2936 0.0309943767185853 5.66
1527.6489 0.03242806825066 5.66
1528.0042 0.0324588342593714 5.66
1528.3595 0.0323990314811922 5.66
1528.7147 0.0325568774491464 5.66
1529.0701 0.0340001104176658 5.66
1529.4253 0.0356021670189454 5.66
1529.7805 0.035274284111139 5.66
1530.1359 0.0335828105349855 5.66
1530.4911 0.034691741335462 5.66
1530.8464 0.0362978629865225 5.66
1531.2017 0.0376523674886562 5.66
1531.557 0.0367797320198931 5.66
1531.9122 0.0357702063064728 5.66
1532.2675 0.0379155542855164 5.66
1532.6228 0.0382589200510938 5.66
1532.978 0.038991288419689 5.66
1533.3334 0.0392115833974271 5.66
1533.6886 0.0380583101401729 5.66
1534.0439 0.0383846610766293 5.66
1534.3992 0.0395845185042496 5.66
1534.7544 0.0400029606134315 5.66
1535.1097 0.040446627921976 5.66
1535.465 0.0405495194642691 5.66
1535.8203 0.0420596750451379 5.66
1536.1755 0.0408959129862039 5.66
1536.5309 0.0417330924972558 5.66
1536.8861 0.0421634989900797 5.66
1537.2413 0.0411190156751217 5.66
1537.5967 0.04143859297942 5.66
1537.9519 0.0424274159718284 5.66
1538.3073 0.0406141460350521 5.66
1538.6625 0.0429857414479007 5.66
1539.0178 0.0436307268150828 5.66
1539.373 0.0451751748710956 5.66
1539.7283 0.0448276716407489 5.66
1540.0836 0.0451475117619494 5.66
1540.4388 0.0441857675221712 5.66
1540.7942 0.0449639541791052 5.66
1541.1494 0.045762404280111 5.66
1541.5048 0.0477965165513835 5.66
1541.86 0.0496417323266312 5.66
1542.2152 0.0484216395459853 5.66
1542.5706 0.0504313971087887 5.66
1542.9258 0.0488127983191431 5.66
1543.2811 0.0500038783159161 5.66
1543.6364 0.0485680953579783 5.66
1543.9917 0.0518431382387585 5.66
1544.3469 0.0513298263997322 5.66
1544.7021 0.0513475947635266 5.66
1545.0575 0.0553953287745459 5.66
1545.4127 0.056641983093526 5.66
1545.7681 0.0625422722276339 5.66
1546.1233 0.0587379334290518 5.66
1546.4786 0.0599093744947607 5.66
1546.8339 0.0612112448361807 5.66
1547.1891 0.0643097621238238 5.66
1547.5444 0.0661270365112391 5.66
1547.8997 0.0670480774028355 5.66
1548.255 0.0691105570031253 5.66
1548.6102 0.072491207083161 5.66
1548.9656 0.0743595825969258 5.66
1549.3208 0.0729984956779631 5.66
1549.676 0.0761111146612657 5.66
1550.0314 0.0800104918363424 5.66
1550.3866 0.0838388593444267 5.66
1550.7419 0.0858805971302271 5.66
1551.0972 0.0879221447637128 5.66
1551.4525 0.0919954394555843 5.66
1551.8077 0.0959420284607747 5.66
1552.163 0.0987072729857973 5.66
1552.5183 0.100398065659555 5.66
1552.8735 0.105001243001372 5.66
1553.2289 0.108110415611317 5.66
1553.5841 0.115533886448468 5.66
1553.9395 0.11553330049743 5.66
1554.2947 0.117252878835298 5.66
1554.6499 0.122119805043721 5.66
1555.0052 0.124867456676585 5.66
1555.3605 0.128799087893992 5.66
1555.7158 0.131445373130928 5.66
1556.071 0.133899859740808 5.66
1556.4264 0.135053536370568 5.66
1556.7816 0.141764202240769 5.66
1557.1368 0.145324911350657 5.66
1557.4922 0.146812054291691 5.66
1557.8474 0.148474138175681 5.66
1558.2028 0.151500107738798 5.66
1558.558 0.154860396308973 5.66
1558.9133 0.154553327066828 5.66
1559.2686 0.157112088996345 5.66
1559.6238 0.160437184176113 5.66
1559.9791 0.161753909216359 5.66
1560.3344 0.165615997929227 5.66
1560.6897 0.16796213914652 5.66
1561.0449 0.168581245190377 5.66
1561.4003 0.169695651564102 5.66
1561.7555 0.171538691996869 5.66
1562.1107 0.174186685208298 5.66
1562.4661 0.176221307087774 5.66
1562.8213 0.180536456915443 5.66
1563.1766 0.182882286282939 5.66
1563.5319 0.183818311176935 5.66
1563.8872 0.186610458451444 5.66
1564.2424 0.188048040906586 5.66
1564.5977 0.19125137354644 5.66
1564.953 0.194203218340941 5.66
1565.3082 0.196586557560746 5.66
1565.6636 0.198258604612612 5.66
1566.0188 0.200465703061044 5.66
1566.3741 0.203158879858789 5.66
1566.7294 0.205916967050686 5.66
1567.0846 0.209488971208068 5.66
1567.4399 0.213022857025734 5.66
1567.7952 0.216843964111735 5.66
1568.1505 0.220554896946588 5.66
1568.5057 0.22165784935829 5.66
1568.8611 0.220996856812146 5.66
1569.2163 0.224946016676631 5.66
1569.5715 0.231239762187675 5.66
1569.9269 0.233228709481156 5.66
1570.2821 0.234455435837554 5.66
1570.6375 0.23792733539696 5.66
1570.9927 0.241640850906955 5.66
1571.348 0.245546872410616 5.66
1571.7032 0.24709443896459 5.66
1572.0585 0.245913855625189 5.66
1572.4138 0.249268306112595 5.66
1572.769 0.254309046748855 5.66
1573.1244 0.254008932871674 5.66
1573.4796 0.251918421673455 5.66
1573.835 0.251426611444762 5.66
1574.1902 0.252269017154837 5.66
1574.5454 0.255169441367101 5.66
1574.9008 0.25521494833715 5.66
1575.256 0.25132437926689 5.66
1575.6113 0.250428180123287 5.66
1575.9666 0.251038109009728 5.66
1576.3219 0.247852012025279 5.66
1576.6771 0.243545237568565 5.66
1577.0323 0.241832711141542 5.66
1577.3877 0.240552962963307 5.66
1577.7429 0.238282362310866 5.66
1578.0983 0.234477893395294 5.66
1578.4535 0.228182232211932 5.66
1578.8088 0.222582182016515 5.66
1579.1641 0.22018794011929 5.66
1579.5193 0.216061468087391 5.66
1579.8746 0.207865017338082 5.66
1580.2299 0.203604871625275 5.66
1580.5852 0.202618973831774 5.66
1580.9404 0.198649111246276 5.66
1581.2958 0.192025018171518 5.66
1581.651 0.185239456170611 5.66
1582.0062 0.179927407274726 5.66
1582.3616 0.175483433306482 5.66
1582.7168 0.170859606486301 5.66
1583.0721 0.164668471623631 5.66
1583.4274 0.161701308408255 5.66
1583.7827 0.157603567984402 5.66
1584.1379 0.151260262237065 5.66
1584.4932 0.145678131995787 5.66
1584.8485 0.140193747650366 5.66
1585.2037 0.13405570752372 5.66
1585.5591 0.131421002405642 5.66
1585.9143 0.127645787335582 5.66
1586.2697 0.121939924576409 5.66
1586.6249 0.121418208005072 5.66
1586.9801 0.120901214817233 5.66
1587.3354 0.115519314963353 5.66
1587.6907 0.109994534660194 5.66
1588.046 0.106900205182827 5.66
1588.4012 0.104888310557605 5.66
1588.7566 0.101578876572076 5.66
1589.1118 0.0991365227428895 5.66
1589.467 0.0984894121291355 5.66
1589.8224 0.09585556649952 5.66
1590.1776 0.094019258521708 5.66
1590.533 0.0938126311285351 5.66
1590.8882 0.0919591409875653 5.66
1591.2434 0.0900172832629 5.66
1591.5988 0.0892083978524613 5.66
1591.954 0.0893060149762519 5.66
1592.3093 0.0896894040010309 5.66
1592.6646 0.0902497259516083 5.66
1593.0199 0.0891002058943388 5.66
1593.3751 0.0894228340551809 5.66
1593.7303 0.0910512457672803 5.66
1594.0857 0.0910257650751998 5.66
1594.4409 0.0907494058385892 5.66
1594.7963 0.0908514336826657 5.66
1595.1515 0.092553152915135 5.66
1595.5068 0.0965219627131155 5.66
1595.8621 0.0982371785501757 5.66
1596.2173 0.0984520588034062 5.66
1596.5726 0.0997415160017214 5.66
1596.9279 0.102954576833996 5.66
1597.2832 0.105814190149767 5.66
1597.6384 0.106251959340217 5.66
1597.9938 0.109857383855018 5.66
1598.349 0.114578546905071 5.66
1598.7042 0.119067564403224 5.66
1599.0596 0.123230903415499 5.66
1599.4148 0.125777712777221 5.66
1599.7701 0.131770808056758 5.66
1600.1254 0.13683204290279 5.66
1600.4807 0.140593693163025 5.66
1600.8359 0.146058838553549 5.66
1601.1912 0.151901873232403 5.66
1601.5465 0.15950086565847 5.66
1601.9017 0.166922298062807 5.66
1602.2571 0.172084750579256 5.66
1602.6123 0.178188693655842 5.66
1602.9677 0.186679572289105 5.66
1603.3229 0.192988096438049 5.66
1603.6781 0.202830852357073 5.66
1604.0334 0.211737392947877 5.66
1604.3887 0.220242582851053 5.66
1604.744 0.232955387113372 5.66
1605.0992 0.242684234189787 5.66
1605.4546 0.250686147554893 5.66
1605.8098 0.259297142415733 5.66
1606.165 0.272260457547215 5.66
1606.5204 0.287258470087591 5.66
1606.8756 0.300493117359989 5.66
1607.231 0.313230173241819 5.66
1607.5862 0.33029925715268 5.66
1607.9415 0.344097602949258 5.66
1608.2968 0.360248224152001 5.66
1608.652 0.376969793298577 5.66
1609.0073 0.390025548669628 5.66
1609.3625 0.408102919032325 5.66
1609.7179 0.429261752478158 5.66
1610.0731 0.448850423013859 5.66
1610.4285 0.469767588079871 5.66
1610.7837 0.48760738214056 5.66
1611.1389 0.512436688500337 5.66
1611.4943 0.534860514022874 5.66
1611.8495 0.555099269686038 5.66
1612.2048 0.571588978102479 5.66
1612.5601 0.590430923894622 5.66
1612.9154 0.616183613291006 5.66
1613.2706 0.642655097858961 5.66
1613.6259 0.664152307755541 5.66
1613.9812 0.683463214792334 5.66
1614.3364 0.706975001399989 5.66
1614.6918 0.733803066381179 5.66
1615.047 0.752682788238872 5.66
1615.4023 0.769857448111203 5.66
1615.7576 0.792111608736118 5.66
1616.1128 0.817996085502448 5.66
1616.4681 0.835069584343349 5.66
1616.8234 0.855984159941542 5.66
1617.1787 0.872827878725339 5.66
1617.5339 0.89532444973081 5.66
1617.8893 0.916037916031205 5.66
1618.2445 0.924085801433332 5.66
1618.5997 0.933662967811344 5.66
1618.9551 0.946190148780374 5.66
1619.3103 0.965326195958306 5.66
1619.6656 0.981458060536726 5.66
1620.0209 0.98124930004129 5.66
1620.3762 0.982566321719147 5.66
1620.7314 0.990115475630233 5.66
1621.0867 1 5.66
1621.442 0.994965097696109 5.66
1621.7972 0.996754005567922 5.66
1622.1526 0.994769142182345 5.66
1622.5078 0.999839394457849 5.66
1622.8632 0.992307331686408 5.66
1623.2184 0.987028658324803 5.66
1623.5736 0.97920422577376 5.66
1623.929 0.980267047627548 5.66
1624.2842 0.974252332686135 5.66
1624.6395 0.961431986130303 5.66
1624.9948 0.944252587911889 5.66
1625.3501 0.937533772769785 5.66
1625.7053 0.927253332921852 5.66
1626.0605 0.914836798031309 5.66
1626.4159 0.898046371178126 5.66
1626.7711 0.881419940100664 5.66
1627.1265 0.869791311921876 5.66
1627.4817 0.856366741580552 5.66
1627.837 0.840629838821584 5.66
1628.1923 0.818573414035296 5.66
1628.5475 0.802797952596658 5.66
1628.9028 0.793511853023091 5.66
1629.2581 0.778375147030297 5.66
1629.6134 0.757703107156078 5.66
1629.9686 0.729822321179748 5.66
1630.324 0.711775527558857 5.66
1630.6792 0.700504599515746 5.66
1631.0344 0.683720068197735 5.66
1631.3898 0.659740567994214 5.66
1631.745 0.646794588210757 5.66
1632.1003 0.637261321052428 5.66
1632.4556 0.621592591701332 5.66
1632.8109 0.603400708467973 5.66
1633.1661 0.577440590173863 5.66
1633.5214 0.571289988178599 5.66
1633.8767 0.554020708764064 5.66
1634.2319 0.539124298658086 5.66
1634.5873 0.519877993811587 5.66
1634.9425 0.508099663331883 5.66
1635.2979 0.497396620560214 5.66
1635.6531 0.479373612004263 5.66
1636.0083 0.463324141080116 5.66
1636.3636 0.44864766453768 5.66
1636.7189 0.430470780518905 5.66
1637.0742 0.42111707799441 5.66
1637.4294 0.408633077062605 5.66
1637.7848 0.392694973732727 5.66
1638.14 0.383338826256172 5.66
1638.4952 0.37335687990579 5.66
1638.8506 0.361080509276056 5.66
1639.2058 0.350280839517555 5.66
1639.5612 0.338176571944825 5.66
1639.9164 0.330045940924439 5.66
1640.2717 0.320410911853366 5.66
1640.627 0.307308128261438 5.66
1640.9822 0.2988321045766 5.66
1641.3375 0.289763889131329 5.66
1641.6927 0.280976601319483 5.66
1642.0481 0.270473811753488 5.66
1642.4033 0.260706996125885 5.66
1642.7587 0.251458823926304 5.66
1643.1139 0.244002526256554 5.66
1643.4691 0.239750553696942 5.66
1643.8245 0.231169420605205 5.66
1644.1797 0.219126162314544 5.66
1644.535 0.213794462671749 5.66
1644.8903 0.211369081431466 5.66
1645.2456 0.205184852900867 5.66
1645.6008 0.195924017370541 5.66
1645.9561 0.188422877575227 5.66
1646.3114 0.184266813633405 5.66
1646.6666 0.180460048491287 5.66
1647.022 0.1740948135656 5.66
1647.3772 0.168429271516656 5.66
1647.7325 0.161727570082877 5.66
1648.0878 0.154944118365955 5.66
1648.443 0.151929679888802 5.66
1648.7983 0.147541493213357 5.66
1649.1536 0.140328586296692 5.66
1649.5089 0.1319306577608 5.66
1649.8641 0.129822728610553 5.66
1650.2195 0.128334368130888 5.66
1650.5747 0.125130652039665 5.66
1650.9299 0.121029721266679 5.66
1651.2853 0.118236071631775 5.66
1651.6405 0.113112501710239 5.66
1651.9958 0.110131335678407 5.66
1652.3511 0.105120384960078 5.66
1652.7064 0.100431293655731 5.66
1653.0616 0.0998815182088349 5.66
1653.4169 0.0973806541057017 5.66
1653.7722 0.0947326577475328 5.66
1654.1274 0.0910887770782018 5.66
1654.4828 0.0903793032978974 5.66
1654.838 0.0879329486640089 5.66
1655.1934 0.0825372775727889 5.66
1655.5486 0.0812085926082541 5.66
1655.9038 0.0792807529122298 5.66
1656.2592 0.0746107106600641 5.66
1656.6144 0.0724979364288382 5.66
1656.9697 0.0712672669697399 5.66
1657.325 0.0699080469398 5.66
1657.6803 0.0668229284405585 5.66
1658.0355 0.0672534262064935 5.66
1658.3907 0.0637405680880955 5.66
1658.7461 0.0632892755146219 5.66
1659.1013 0.0597674574191543 5.66
1659.4567 0.056583394657765 5.66
1659.8119 0.0579464297994447 5.66
1660.1672 0.0553294586929451 5.66
1660.5225 0.0539743079225401 5.66
1660.8777 0.0525207689481619 5.66
1661.233 0.0504709233172607 5.66
1661.5883 0.0479163830187291 5.66
1661.9436 0.0470623748707157 5.66
1662.2988 0.0475916681732853 5.66
1662.6542 0.046311265871088 5.66
1663.0094 0.0452719014564422 5.66
1663.3646 0.0440964868636623 5.66
1663.72 0.04227605959376 5.66
1664.0752 0.0397849354988944 5.66
1664.4305 0.040625861417254 5.66
1664.7858 0.040005337493436 5.66
1665.1411 0.0371942589040727 5.66
1665.4963 0.0358787781162719 5.66
1665.8516 0.0359487504898411 5.66
1666.2069 0.0335436546984922 5.66
1666.5621 0.0318880294501248 5.66
1666.9175 0.0330517004855466 5.66
1667.2727 0.0328616247632622 5.66
1667.6281 0.031181963448899 5.66
1667.9833 0.0299151616536658 5.66
1668.3385 0.0315637903598661 5.66
1668.6938 0.0292805365656955 5.66
1669.0491 0.028913668223618 5.66
1669.4044 0.0291967861298002 5.66
1669.7596 0.0271108005566717 5.66
1670.115 0.0256708551381616 5.66
1670.4702 0.0252423063555531 5.66
1670.8254 0.0245471412094328 5.66
1671.1808 0.0241165508987671 5.66
1671.536 0.0237599922612921 5.66
1671.8914 0.0222985641948745 5.66
1672.2466 0.0222444291229909 5.66
1672.6019 0.0223159736758981 5.66
1672.9572 0.0216544011915974 5.66
1673.3124 0.0198738359845402 5.66
1673.6677 0.0185598402599143 5.66
1674.0229 0.0189951899523115 5.66
1674.3783 0.0180775290511526 5.66
1674.7335 0.0182631555116777 5.66
1675.0889 0.0181771934531597 5.66
1675.4441 0.017766299932668 5.66
1675.7993 0.0164248808479212 5.66
1676.1547 0.0162019033981196 5.66
1676.5099 0.015219267503828 5.66
1676.8652 0.0141926778755864 5.66
1677.2205 0.0150157926069311 5.66
1677.5758 0.0138729567838285 5.66
1677.931 0.0133525636726022 5.66
1678.2863 0.0133715379559734 5.66
1678.6416 0.0115291500216475 5.66
1678.9968 0.0109603182703793 5.66
1679.3522 0.0102532320425385 5.66
1679.7074 0.0114499006422441 5.66
1680.0627 0.0114521711856813 5.66
1680.418 0.0120655943110574 5.66
1680.7732 0.00924028208673143 5.66
1681.1285 0.00747138345838832 5.66
1681.4838 0.00992393999587101 5.66
1681.8391 0.0102865765576311 5.66
1682.1943 0.00848466941537931 5.66
1682.5497 0.00886648433289398 5.66
1682.9049 0.00750053027528385 5.66
1683.2601 0.00796558632289557 5.66
1683.6155 0.00822974867902972 5.66
1683.9707 0.00643878442218534 5.66
1684.326 0.0071134305080264 5.66
1684.6813 0.00754841850431794 5.66
1685.0366 0.00894528209668741 5.66
1685.3918 0.00677397137689884 5.66
1685.7471 0.00384029626597242 5.66
1686.1024 0.00614412022653867 5.66
1686.4576 0.00520918061765231 5.66
1686.813 0.00498436401466274 5.66
1687.1682 0.0059180512025049 5.66
1687.5236 0.00493863795683685 5.66
1687.8788 0.00354482506390208 5.66
1688.234 0.0042281714051539 5.66
1688.5894 0.00522194058676638 5.66
1688.9446 0.00538747935676477 5.66
1689.2999 0.00501989528137461 5.66
1689.6552 0.0054798548402441 5.66
1690.0105 0.00461450448696247 5.66
1690.3657 0.00425983520288645 5.66
1690.7209 0.00393767131609749 5.66
1691.0763 0.00388098891099962 5.66
1691.4315 0.00356703351933239 5.66
1691.7869 0.00162710921059681 5.66
1692.1421 0.00362848110912754 5.66
1692.4974 0.00269120602310866 5.66
1692.8527 0.00216390084883917 5.66
1693.2079 0.00265956457363706 5.66
1693.5632 0.00280062424914944 5.66
1693.9185 0.00335089170593381 5.66
1694.2738 0.00319158374268146 5.66
1694.629 0.00279902851142114 5.66
1694.9844 0.00240615301085649 5.66
1695.3396 0.0011528375783924 5.66
1695.6948 0.00246616082013094 5.66
1696.0502 0.0020645900345189 5.66
1696.4054 0.00274384657978576 5.66
1696.7607 0.00289502159783186 5.66
1697.116 0.00219595716194289 5.66
1697.4713 0.000185171098312503 5.66
1697.8265 0.00127967085932048 5.66
1698.1818 0.0019359375830302 5.66
1698.5371 0.00172780154779545 5.66
1698.8923 0.000304690746818285 5.66
1699.2477 0.00223885059477339 5.66
1699.6029 0.00280594693811805 5.66
1699.9583 0.00224316502008854 5.66
1700.3135 0.00131801064931755 5.66
1700.6687 0.00120099448878468 5.66
1701.024 0.0020766612350432 5.66
1701.3793 0.00238990687396928 5.66
1701.7346 0.00230074153596065 5.66
1702.0898 0.00131614631221824 5.66
1702.4452 0.00157327987819117 5.66
1702.8004 0.000942625045752748 5.66
1703.1556 0.000822410523286323 5.66
1703.511 0.00111509116297255 5.66
1703.8662 0.00130814953656612 5.66
1704.2216 0.00157113294834903 5.66
1704.5768 0.00240836423363687 5.66
1704.9321 0.00194738951100563 5.66
1705.2874 0.00109918861468375 5.66
1705.6426 0 5.66
1705.9979 0.00215499064875206 5.66
1706.3531 0.00310213728497428 5.66
1706.7085 0.00273490839212327 5.66
1707.0637 0.00128333149656799 5.66
1707.4191 0.00167695753937743 5.66
1707.7743 0.000480698917402565 5.66
1708.1295 0.00174039434967033 5.66
1708.4849 0.00183849935591256 5.66
1708.8401 0.00214715483160426 5.66
1709.1954 0.00376190602084031 5.66
1709.5507 0.00321154340302186 5.66
1709.906 0.00355834526675521 5.66
1710.2612 0.00355096607416798 5.66
1710.6165 0.0030936503082056 5.66
1710.9718 0.00313727712439972 5.66
1711.327 0.00327100692212727 5.66
1711.6824 0.00373989068744634 5.66
1712.0376 0.00440008226857472 5.66
1712.3929 0.00260255549447071 5.66
1712.7482 0.00235930027405985 5.66
1713.1034 0.00432604590362489 5.66
1713.4587 0.00355583830684123 5.66
1713.814 0.00417741482899686 5.66
1714.1693 0.00368363317333648 5.66
1714.5245 0.00357715724284813 5.66
1714.8799 0.00390619843226842 5.66
1715.2351 0.0038982472615185 5.66
1715.5903 0.00620135712363356 5.66
1715.9457 0.00455708506098078 5.66
1716.3009 0.00424918534716777 5.66
1716.6563 0.00399231933656023 5.66
1717.0115 0.00456749914204326 5.66
1717.3668 0.00468061750195551 5.66
1717.722 0.00443862990468838 5.66
1718.0773 0.00323549112384858 5.66
1718.4326 0.00346534246854735 5.66
1718.7878 0.00409670467693681 5.66
1719.1432 0.00354742852163084 5.66
1719.4984 0.00340478333905545 5.66
1719.8538 0.0039936037753594 5.66
1720.209 0.00389008889671582 5.66
1720.5642 0.00321579685742186 5.66
1720.9196 0.00317724471934146 5.66
1721.2748 0.0047608022497712 5.66
1721.6301 0.00516398655664605 5.66
1721.9854 0.00397086652096408 5.66
1722.3407 0.00420980334326006 5.66
1722.6959 0.00382424009985163 5.66
1723.0511 0.00474017133208983 5.66
1723.4065 0.00477668600359506 5.66
1723.7617 0.00463892012941531 5.66
1724.1171 0.00461494430717189 5.66
1724.4723 0.0034061462809553 5.66
1724.8276 0.00472429484725801 5.66
1725.1829 0.00353004682804514 5.66
1725.5381 0.00592576771291093 5.66
1725.8934 0.00493095220198299 5.66
1726.2487 0.00463616190123741 5.66
1726.604 0.00436841886573723 5.66
1726.9592 0.00364276364380106 5.66
1727.3146 0.00326261884512517 5.66
1727.6698 0.00280976906424007 5.66
1728.025 0.00254192379460839 5.66
1728.3804 0.0037986162058945 5.66
1728.7356 0.00364729018984762 5.66
1729.0909 0.00286076448202416 5.66
1729.4462 0.00288174035448913 5.66
1729.8015 0.00280442345303962 5.66
1730.1567 0.00359086932565708 5.66
1730.512 0.00231303491254996 5.66
1730.8673 0.00156758895018881 5.66
1731.2225 0.00168326492654781 5.66
1731.5779 0.00219928288702979 5.66
1731.9331 0.0037334373248774 5.66
1732.2885 0.00304820834942252 5.66
1732.6437 0.0020555648260471 5.66
1732.9989 0.00286021816310339 5.66
1733.3542 0.00220185055174394 5.66
1733.7095 0.00204877848932951 5.66
1734.0648 0.00207836674043266 5.66
1734.42 0.00218890784368506 5.66
1734.7754 0 5.66
1735.1306 0.00247787591341505 5.66
1735.4858 0.00346225371352991 5.66
1735.8412 0.000869036264283508 5.66
1736.1964 0.00175369514812349 5.66
1736.5518 0.00263769724134874 5.66
1736.907 0.00335747733492498 5.66
1737.2623 0.00268939481848847 5.66
1737.6176 0.00175781519711095 5.66
1737.9728 0.00187335512569285 5.66
1738.3281 0.000525826443181982 5.66
1738.6833 0.00175721590316111 5.66
1739.0387 0.0010925589784144 5.66
1739.3939 0.00033724694214584 5.66
1739.7493 0.00148378168777186 5.66
1740.1045 0.00212768111985547 5.66
1740.4597 0.00246074084489821 5.66
1740.8151 0.00214416990198996 5.66
1741.1703 0.00176147501737693 5.66
1741.5256 0.00192074522227612 5.66
1741.8809 0.00165128660927442 5.66
1742.2362 0.00179988394505315 5.66
1742.5914 0.00125629738391138 5.66
1742.9467 0.00130536747694847 5.66
1743.302 0.00261450698356638 5.66
1743.6572 0.00200819221623634 5.66
1744.0126 0.00192226005828594 5.66
1744.3678 0 5.66
1744.7231 0.00108282515315071 5.66
1745.0784 0.00217767401746552 5.66
1745.4336 0.00228955133028402 5.66
1745.7889 0.00204971273089522 5.66
1746.1442 0.00141062424665157 5.66
1746.4995 0.000978336292583527 5.66
1746.8547 0.000540986026273824 5.66
1747.2101 0.00105831842891928 5.66
1747.5653 0.000420964436771361 5.66
1747.9205 0.00172192502225887 5.66
1748.2759 0.000620038207205412 5.66
1748.6311 0.00103335942088995 5.66
1748.9865 0.000878450908970316 5.66
1749.3417 0.000793021616382412 5.66
1749.697 0.0014391558939104 5.66
1750.0522 0.000961834850437835 5.66
1750.4075 0.000169644849694786 5.66
1750.7628 0.00108113363997396 5.66
1751.118 0.00149844272800275 5.66
1751.4734 0.00182358970738166 5.66
1751.8286 0.00179744382164861 5.66
1752.184 0.00109359524090075 5.66
1752.5392 0.00109983001253629 5.66
1752.8944 0.00155064850207386 5.66
1753.2498 0.00084982182191137 5.66
1753.605 0 5.66
1753.9603 0.00112686765449132 5.66
1754.3156 0.00184500899337152 5.66
1754.6709 0.000847876053077907 5.66
1755.0261 0.000681471001866348 5.66
1755.3813 0.00182556223688016 5.66
1755.7367 0.00308926771623308 5.66
1756.0919 0.00160241380664384 5.66
1756.4473 0.000841289968820311 5.66
1756.8025 0.000540038023322236 5.66
1757.1578 0.00173830939320848 5.66
1757.5131 0 5.66
1757.8683 0.00315100167700606 5.66
1758.2236 0.00210887694037162 5.66
1758.5789 0 5.66
1758.9342 0.00145921272844173 5.66
1759.2894 0.00117960716572451 5.66
1759.6448 0.000546125328852997 5.66
1760 0 5.66
