w Int P
1500 0 20.39
1500.3491 0.00830168258439267 20.39
1500.6984 0.00996692382540798 20.39
1501.0475 0.000980194979140852 20.39
1501.3967 0.00562365273409255 20.39
1501.7458 0.00541467085633949 20.39
1502.0951 0.0122205465754645 20.39
1502.4442 0.00432083541887523 20.39
1502.7935 0.011186988795306 20.39
1503.1426 0.00589461235729118 20.39
1503.4917 0.00276617200776534 20.39
1503.8409 0.00143582764460055 20.39
1504.1901 0.00370057636007301 20.39
1504.5393 0 20.39
1504.8884 0.0131303604314536 20.39
1505.2377 0 20.39
1505.5868 0.00286799652981686 20.39
1505.936 0.0180401609188453 20.39
1506.2852 0.0291853483811807 20.39
1506.6343 0.0265266471470189 20.39
1506.9835 0.0238498974144199 20.39
1507.3326 0.0187385635125051 20.39
1507.6819 0.0168461420126231 20.39
1508.031 0.0177365224421671 20.39
1508.3802 0.0135553918845291 20.39
1508.7294 0.016821669265589 20.39
1509.0786 0.0231379802019278 20.39
1509.4277 0.0316106060315526 20.39
1509.7769 0.0372996794352195 20.39
1510.1261 0.0203730370452092 20.39
1510.4752 0.0255193858816295 20.39
1510.8245 0.0294851097389314 20.39
1511.1736 0.0183107659669684 20.39
1511.5228 0.0281381470628009 20.39
1511.8719 0.0129553231756077 20.39
1512.2212 0.0146637680497705 20.39
1512.5703 0 20.39
1512.9196 0.00545033813645131 20.39
1513.2687 0.0148481779873255 20.39
1513.6178 0.00110719058635826 20.39
1513.967 0.0311793210566723 20.39
1514.3162 0.0191777898670984 20.39
1514.6654 0.0227285781514071 20.39
1515.0145 0.0153498895268686 20.39
1515.3638 0.0224197881174379 20.39
1515.7129 0.0119147566500876 20.39
1516.0621 0.0110865083184886 20.39
1516.4113 0.0215758593257064 20.39
1516.7604 0.0213925735000222 20.39
1517.1096 0.018332906731664 20.39
1517.4587 0.0120920980522292 20.39
1517.808 0.0219775835103866 20.39
1518.1571 0.0301195487091513 20.39
1518.5063 0.0188185584091153 20.39
1518.8555 0.0149046029641016 20.39
1519.2047 0.0213500547682741 20.39
1519.5538 0.0192038644077552 20.39
1519.903 0.016445856300642 20.39
1520.2522 0.0153441478002523 20.39
1520.6013 0.0180662927698928 20.39
1520.9506 0.0314298467677795 20.39
1521.2997 0.0213244768440803 20.39
1521.6489 0.020383577682218 20.39
1521.998 0.0215981450434109 20.39
1522.3473 0.0103171072820463 20.39
1522.6964 0.0101368910046104 20.39
1523.0455 0.0119634594880002 20.39
1523.3948 0.0170406328029831 20.39
1523.7439 0.0149577419348328 20.39
1524.0931 0.017006137443486 20.39
1524.4423 0.0252019633512062 20.39
1524.7915 0.0147384984954243 20.39
1525.1406 0.0144551422159755 20.39
1525.4899 0.0203207600120343 20.39
1525.839 0.0233475218604022 20.39
1526.1881 0.00922664207885289 20.39
1526.5374 0.0126347604622679 20.39
1526.8865 0.0170847589120406 20.39
1527.2357 0.00943384318438884 20.39
1527.5848 0.0185699762144274 20.39
1527.9341 0.0125725216340392 20.39
1528.2832 0.00869544005393031 20.39
1528.6324 0.0228960339369621 20.39
1528.9816 0.0249954825537819 20.39
1529.3307 0.0173688126013512 20.39
1529.6799 0.0193515865759559 20.39
1530.0291 0.0180451089890723 20.39
1530.3783 0.0119100252509083 20.39
1530.7274 0.0122638944642336 20.39
1531.0767 0.013684599640015 20.39
1531.4258 0.0152224238309544 20.39
1531.775 0.0161821475928428 20.39
1532.1241 0.0248604408020734 20.39
1532.4734 0.0195867634324167 20.39
1532.8225 0.0375073550856877 20.39
1533.1716 0.0215202376825238 20.39
1533.5209 0.0267400734212621 20.39
1533.87 0.0065133691381422 20.39
1534.2192 0.0203855531674256 20.39
1534.5684 0.0237460453647517 20.39
1534.9176 0.00902239743740131 20.39
1535.2667 0.0198045081217646 20.39
1535.616 0.00638113244041406 20.39
1535.9651 0.0187520285744395 20.39
1536.3142 0.0224214234099047 20.39
1536.6635 0.0189986200162273 20.39
1537.0126 0.0321186290623267 20.39
1537.3618 0.029188503591793 20.39
1537.7109 0.024396839773328 20.39
1538.0602 0.0214689811541507 20.39
1538.4093 0.0230158708502789 20.39
1538.7585 0.0224024908960414 20.39
1539.1077 0.0181983756674167 20.39
1539.4568 0.0180772760264464 20.39
1539.806 0.0146764440794953 20.39
1540.1552 0.0166637826154843 20.39
1540.5044 0.0155619309755392 20.39
1540.8535 0.0101928739985438 20.39
1541.2028 0.0112579091874308 20.39
1541.5519 0.00810555908175722 20.39
1541.9011 0.0046134359071188 20.39
1542.2502 0.0123522087865275 20.39
1542.5994 0.0133174195647141 20.39
1542.9486 0.00857484513668411 20.39
1543.2977 0.018217215061721 20.39
1543.647 0.0240759939679006 20.39
1543.9961 0.0132125251489144 20.39
1544.3453 0.0102439110423174 20.39
1544.6945 0.0207711304141911 20.39
1545.0437 0.0195417573345947 20.39
1545.3928 0.0184396905102567 20.39
1545.7419 0.0167398410929119 20.39
1546.0912 0.00943224606444415 20.39
1546.4403 0.0187864124464629 20.39
1546.7896 0.0216401036178253 20.39
1547.1387 0.00715353408048904 20.39
1547.4879 0.00779273656858221 20.39
1547.837 0.0142692730378546 20.39
1548.1863 0.0161304822438203 20.39
1548.5354 0.0252105204724557 20.39
1548.8845 0.0183748397043116 20.39
1549.2338 0.0168211844365461 20.39
1549.5829 0.0202688561003754 20.39
1549.9321 0.0118630541652401 20.39
1550.2813 0.0137800634662409 20.39
1550.6305 0.0207334062224984 20.39
1550.9796 0.0191325775688438 20.39
1551.3289 0.0171489787892187 20.39
1551.678 0.0231901006347285 20.39
1552.0271 0.0155845835277375 20.39
1552.3763 0.0231401621076207 20.39
1552.7255 0.0343632941900676 20.39
1553.0747 0.027585736508757 20.39
1553.4238 0.0231309754910067 20.39
1553.7731 0.022916231721998 20.39
1554.1222 0.0201265972502335 20.39
1554.4714 0.0198783026847704 20.39
1554.8206 0.0237842361109362 20.39
1555.1698 0.0248956878017682 20.39
1555.5189 0.0203829234552067 20.39
1555.868 0.0235430595606107 20.39
1556.2173 0.00830088906813187 20.39
1556.5664 0 20.39
1556.9156 0.00810469334708303 20.39
1557.2648 0.00208119446781194 20.39
1557.614 0.019527779580848 20.39
1557.9631 0.0288857589517266 20.39
1558.3124 0.0212155788366656 20.39
1558.6615 0.0250639576682638 20.39
1559.0106 0.0219302752564432 20.39
1559.3599 0.0278118802817001 20.39
1559.709 0.0258389483350901 20.39
1560.0582 0.0307299041884654 20.39
1560.4073 0.0171200444588733 20.39
1560.7566 0.0321826046763953 20.39
1561.1057 0.0328071785322081 20.39
1561.455 0.027239941150551 20.39
1561.8041 0.0189127739558113 20.39
1562.1532 0.0179581845209779 20.39
1562.5024 0.0316559128638654 20.39
1562.8516 0.018170962465051 20.39
1563.2008 0.0130099907390801 20.39
1563.5499 0.0262165156283904 20.39
1563.8992 0.0238152548420533 20.39
1564.2483 0.0230031210738393 20.39
1564.5975 0.0162134597709821 20.39
1564.9467 0.028266928134212 20.39
1565.2958 0.0249761898210999 20.39
1565.645 0.0223131941932193 20.39
1565.9941 0.0325280705615443 20.39
1566.3434 0.0350733947290984 20.39
1566.6925 0.0223759701445283 20.39
1567.0417 0.0162404248020068 20.39
1567.3909 0.0281749919077121 20.39
1567.7401 0.0288656606413431 20.39
1568.0892 0.0188093358060757 20.39
1568.4384 0.0258222560493557 20.39
1568.7876 0.0318361099076811 20.39
1569.1367 0.0254537798549795 20.39
1569.486 0.0225632203543911 20.39
1569.8351 0.0255078478406742 20.39
1570.1843 0.0320168214218457 20.39
1570.5334 0.0266139158261903 20.39
1570.8827 0.0269925683493051 20.39
1571.2318 0.0237775031479241 20.39
1571.5809 0.0370740469133163 20.39
1571.9302 0.030308938208361 20.39
1572.2793 0.0229936563410004 20.39
1572.6285 0.0296246484411296 20.39
1572.9777 0.0309384672779 20.39
1573.3269 0.027375171558434 20.39
1573.676 0.0352257005560257 20.39
1574.0253 0.029109029942367 20.39
1574.3744 0.0339428450923471 20.39
1574.7236 0.0194514804780569 20.39
1575.0728 0.0215481136400492 20.39
1575.4219 0.0215550721222062 20.39
1575.7711 0.0260033768520629 20.39
1576.1202 0.0319230804796711 20.39
1576.4695 0.0262543571530882 20.39
1576.8186 0.0419638521205402 20.39
1577.1678 0.0363747817925376 20.39
1577.517 0.0427822694287834 20.39
1577.8662 0.0435620504879775 20.39
1578.2153 0.0297714850216286 20.39
1578.5645 0.0232446915604467 20.39
1578.9137 0.0373224236146818 20.39
1579.2628 0.0434333616885814 20.39
1579.6121 0.0308070539825885 20.39
1579.9612 0.0333629939578172 20.39
1580.3104 0.0380435028556595 20.39
1580.6595 0.0266918286597252 20.39
1581.0088 0.0154224521321006 20.39
1581.3579 0.023086549810711 20.39
1581.707 0.0317844808818938 20.39
1582.0563 0.0321026171817767 20.39
1582.4054 0.0358567783769952 20.39
1582.7546 0.0444197091547627 20.39
1583.1038 0.0522748307344466 20.39
1583.453 0.0497159929898631 20.39
1583.8021 0.0429173813006651 20.39
1584.1514 0.044490374371373 20.39
1584.5005 0.0467347631516247 20.39
1584.8496 0.0455012265317024 20.39
1585.1989 0.0423129526598456 20.39
1585.548 0.0461489419676863 20.39
1585.8972 0.040725834002213 20.39
1586.2463 0.0469490889140792 20.39
1586.5956 0.0443195523453385 20.39
1586.9447 0.0411386020713772 20.39
1587.2939 0.0464343565880102 20.39
1587.6431 0.0623701514047952 20.39
1587.9922 0.0567524251449632 20.39
1588.3414 0.0443214908160618 20.39
1588.6906 0.0572367706348138 20.39
1589.0398 0.0555545513375604 20.39
1589.3889 0.0483247874024776 20.39
1589.7382 0.0454307766481595 20.39
1590.0873 0.0542617002708966 20.39
1590.4365 0.0529722400098348 20.39
1590.7856 0.0391596310519223 20.39
1591.1348 0.0476158751475771 20.39
1591.484 0.0678316540077895 20.39
1591.8331 0.0572821497858743 20.39
1592.1824 0.0622459439805763 20.39
1592.5315 0.0783586312673842 20.39
1592.8807 0.0696832335545595 20.39
1593.2299 0.0641170973642443 20.39
1593.5791 0.0571551278452257 20.39
1593.9282 0.0576582716446983 20.39
1594.2775 0.0615660617201041 20.39
1594.6266 0.0707081071191515 20.39
1594.9757 0.0728583259762085 20.39
1595.325 0.0745014574291641 20.39
1595.6741 0.0733086519650097 20.39
1596.0233 0.0615628471668256 20.39
1596.3724 0.0652005722857549 20.39
1596.7217 0.0594918971187626 20.39
1597.0708 0.057083105225328 20.39
1597.42 0.0608358948544884 20.39
1597.7692 0.0687108174060314 20.39
1598.1183 0.0732519916867696 20.39
1598.4675 0.0748670874793035 20.39
1598.8167 0.0704899320554438 20.39
1599.1659 0.069975063547354 20.39
1599.515 0.0822897653876498 20.39
1599.8643 0.0827782695674956 20.39
1600.2134 0.0796273149826317 20.39
1600.5626 0.080616381976519 20.39
1600.9117 0.0810958918449212 20.39
1601.2609 0.0838893919811907 20.39
1601.6101 0.0823992341587723 20.39
1601.9592 0.0824061926409292 20.39
1602.3085 0.0872877611131323 20.39
1602.6576 0.0875228522381373 20.39
1603.0068 0.0813530011154553 20.39
1603.356 0.0795585126934203 20.39
1603.7052 0.0682124648652575 20.39
1604.0543 0.0860910966583843 20.39
1604.4034 0.0970160088401023 20.39
1604.7527 0.084564903950173 20.39
1605.1018 0.0881366258295722 20.39
1605.451 0.0838027144559011 20.39
1605.8002 0.0966929448524218 20.39
1606.1494 0.096126434773548 20.39
1606.4985 0.0974328618546942 20.39
1606.8478 0.0865133661141593 20.39
1607.1969 0.0866974359397878 20.39
1607.546 0.100577162063515 20.39
1607.8953 0.111197274841995 20.39
1608.2444 0.10526421214116 20.39
1608.5936 0.102327183786267 20.39
1608.9427 0.102839504421693 20.39
1609.292 0.0903435968508585 20.39
1609.6411 0.109764430120495 20.39
1609.9904 0.0982980776599593 20.39
1610.3395 0.128047590887511 20.39
1610.6886 0.113769030867306 20.39
1611.0378 0.10901212620242 20.39
1611.387 0.125062225906555 20.39
1611.7362 0.11782429922872 20.39
1612.0853 0.119988354909486 20.39
1612.4346 0.135227438007862 20.39
1612.7837 0.108691376613537 20.39
1613.1329 0.10964302056583 20.39
1613.4821 0.12025550302276 20.39
1613.8312 0.1326171387329 20.39
1614.1804 0.120558335439788 20.39
1614.5295 0.116798974126012 20.39
1614.8788 0.126282861016475 20.39
1615.2279 0.13985927442187 20.39
1615.5771 0.13603562375515 20.39
1615.9263 0.138114428090271 20.39
1616.2755 0.130982361066006 20.39
1616.6246 0.140059500628783 20.39
1616.9739 0.139525431727764 20.39
1617.323 0.134556922874587 20.39
1617.6721 0.151906860766881 20.39
1618.0214 0.147233704858338 20.39
1618.3705 0.148723939033279 20.39
1618.7197 0.152085178360273 20.39
1619.0688 0.15951280949302 20.39
1619.4181 0.148336903095207 20.39
1619.7672 0.156999065181883 20.39
1620.1165 0.160834681112472 20.39
1620.4656 0.159057102850476 20.39
1620.8147 0.164662535631551 20.39
1621.1639 0.162212658897575 20.39
1621.5131 0.167017953679116 20.39
1621.8623 0.171921871614472 20.39
1622.2114 0.169962331168509 20.39
1622.5607 0.170227458119632 20.39
1622.9098 0.169106874513479 20.39
1623.259 0.170130406331477 20.39
1623.6082 0.172694580995269 20.39
1623.9573 0.169881578901194 20.39
1624.3065 0.171699312591283 20.39
1624.6556 0.183889530731385 20.39
1625.0049 0.189624433616539 20.39
1625.354 0.196889617258067 20.39
1625.7032 0.204541957800641 20.39
1626.0524 0.190365261642761 20.39
1626.4016 0.192809405836978 20.39
1626.7507 0.213536244411976 20.39
1627.0999 0.217325471010236 20.39
1627.4491 0.201575464379095 20.39
1627.7982 0.202933199038729 20.39
1628.1475 0.211326378419859 20.39
1628.4966 0.230523500468476 20.39
1628.8458 0.220211954017478 20.39
1629.1949 0.217452136220509 20.39
1629.5442 0.20838265561862 20.39
1629.8933 0.225537128495533 20.39
1630.2424 0.239025988206082 20.39
1630.5917 0.218310736977553 20.39
1630.9408 0.229647254903618 20.39
1631.29 0.226525194816509 20.39
1631.6392 0.229636862376104 20.39
1631.9884 0.243034108982981 20.39
1632.3375 0.24558176276838 20.39
1632.6868 0.253121862206879 20.39
1633.0359 0.317758731609443 20.39
1633.385 0.263497858358751 20.39
1633.7343 0.283931460025725 20.39
1634.0834 0.256562310513369 20.39
1634.4326 0.258520305063558 20.39
1634.7817 0.27100139868505 20.39
1635.131 0.275447695673046 20.39
1635.4801 0.256117343125579 20.39
1635.8293 0.273042550359512 20.39
1636.1785 0.280397462809929 20.39
1636.5277 0.281283485228174 20.39
1636.8768 0.282516529430478 20.39
1637.226 0.287844887957 20.39
1637.5752 0.277196550036053 20.39
1637.9243 0.303351606360771 20.39
1638.2736 0.296755195574297 20.39
1638.6227 0.284833332910798 20.39
1638.9719 0.310556724260907 20.39
1639.321 0.318371627413548 20.39
1639.6703 0.313147002510434 20.39
1640.0194 0.320315121628865 20.39
1640.3685 0.282674277606121 20.39
1640.7178 0.310709384895603 20.39
1641.0669 0.321023043461692 20.39
1641.4161 0.3200599891006 20.39
1641.7653 0.301574028907974 20.39
1642.1145 0.312835442492447 20.39
1642.4636 0.334982066415121 20.39
1642.8129 0.321049339889494 20.39
1643.162 0.321343929356447 20.39
1643.5111 0.336168853679035 20.39
1643.8604 0.319328501551564 20.39
1644.2095 0.347492378399677 20.39
1644.5587 0.340313457027543 20.39
1644.9078 0.356349755504842 20.39
1645.2571 0.355868202916336 20.39
1645.6062 0.342484853581295 20.39
1645.9554 0.346866328043078 20.39
1646.3046 0.338701540933895 20.39
1646.6537 0.348921315855901 20.39
1647.0029 0.357257831665488 20.39
1647.3521 0.360936602240004 20.39
1647.7013 0.35847191851422 20.39
1648.0504 0.359361555018228 20.39
1648.3997 0.35264998050707 20.39
1648.7488 0.371847150268872 20.39
1649.098 0.3603092795318 20.39
1649.4471 0.358301501055597 20.39
1649.7963 0.365796388087003 20.39
1650.1455 0.373932047291282 20.39
1650.4946 0.367400279542526 20.39
1650.8439 0.380949727422117 20.39
1651.193 0.383336905861285 20.39
1651.5422 0.383182939886067 20.39
1651.8914 0.393863668102231 20.39
1652.2406 0.3962457374425 20.39
1652.5897 0.397400770586999 20.39
1652.9388 0.393533847849381 20.39
1653.2881 0.381110798312351 20.39
1653.6372 0.393972420490228 20.39
1653.9865 0.40039380477968 20.39
1654.3356 0.390433733343361 20.39
1654.6848 0.40233601452708 20.39
1655.0339 0.413300051520664 20.39
1655.3832 0.403737439245312 20.39
1655.7323 0.407309590543378 20.39
1656.0814 0.404771305065304 20.39
1656.4307 0.399611824564387 20.39
1656.7798 0.400910824293037 20.39
1657.129 0.421442384917314 20.39
1657.4781 0.42688901231364 20.39
1657.8274 0.407857448060141 20.39
1658.1765 0.409238180475042 20.39
1658.5258 0.424290402835771 20.39
1658.8749 0.431176218941753 20.39
1659.2241 0.435913267964061 20.39
1659.5732 0.429046903551875 20.39
1659.9224 0.42987404789958 20.39
1660.2716 0.435098121307644 20.39
1660.6207 0.435523651659187 20.39
1660.97 0.455463676329637 20.39
1661.3191 0.469161201703471 20.39
1661.6683 0.470762317532741 20.39
1662.0175 0.46386596954777 20.39
1662.3667 0.464383184948795 20.39
1662.7158 0.471756025440535 20.39
1663.0649 0.471539224988487 20.39
1663.4142 0.475817635182151 20.39
1663.7633 0.498612903953257 20.39
1664.1125 0.49347532759243 20.39
1664.4617 0.474458399170475 20.39
1664.8109 0.478535352179901 20.39
1665.16 0.481338780446776 20.39
1665.5093 0.491417284955627 20.39
1665.8584 0.508826578050312 20.39
1666.2075 0.509978303080637 20.39
1666.5568 0.519625321351308 20.39
1666.9059 0.511772009703209 20.39
1667.2551 0.517423195640811 20.39
1667.6042 0.528938033644372 20.39
1667.9535 0.55473348402045 20.39
1668.3026 0.562843493223568 20.39
1668.6519 0.539633526297937 20.39
1669.001 0.547331754808362 20.39
1669.3501 0.568580750577822 20.39
1669.6993 0.583304741821229 20.39
1670.0485 0.577942643115235 20.39
1670.3977 0.578239391791834 20.39
1670.7468 0.568825827178824 20.39
1671.0961 0.570374661473425 20.39
1671.4452 0.566399111717497 20.39
1671.7944 0.588560029903253 20.39
1672.1436 0.595290090480258 20.39
1672.4927 0.611517702925823 20.39
1672.8419 0.621775278806822 20.39
1673.191 0.623481303814039 20.39
1673.5403 0.628028212005232 20.39
1673.8894 0.618198890600763 20.39
1674.2386 0.639929594899944 20.39
1674.5878 0.647044350984841 20.39
1674.937 0.67026725334244 20.39
1675.2861 0.656311170836623 20.39
1675.6353 0.654192169137631 20.39
1675.9845 0.664367519296131 20.39
1676.3336 0.684495716440789 20.39
1676.6829 0.685408518072246 20.39
1677.032 0.676123874485653 20.39
1677.3812 0.699339778909422 20.39
1677.7303 0.712218593738366 20.39
1678.0796 0.718404577076425 20.39
1678.4287 0.736721295431686 20.39
1678.778 0.72649801458523 20.39
1679.1271 0.726648446615291 20.39
1679.4762 0.730622565594293 20.39
1679.8254 0.749723080559187 20.39
1680.1746 0.750707503469715 20.39
1680.5238 0.748817206971793 20.39
1680.8729 0.772340992463361 20.39
1681.2222 0.767268588525438 20.39
1681.5713 0.772359243751363 20.39
1681.9205 0.789192921191683 20.39
1682.2697 0.789790596927355 20.39
1682.6188 0.805481006620726 20.39
1682.968 0.781660426043351 20.39
1683.3171 0.804066832355057 20.39
1683.6664 0.818879470908489 20.39
1684.0155 0.825393124169892 20.39
1684.3647 0.831086727129138 20.39
1684.7139 0.843612794591799 20.39
1685.0631 0.846778727947364 20.39
1685.4122 0.836038180131898 20.39
1685.7614 0.855113645674561 20.39
1686.1106 0.871906353393187 20.39
1686.4597 0.869598618026012 20.39
1686.809 0.860352375977343 20.39
1687.1581 0.894415447426309 20.39
1687.5073 0.889963795815953 20.39
1687.8564 0.878506564149956 20.39
1688.2057 0.896098002705185 20.39
1688.5548 0.900079024191646 20.39
1688.9039 0.914958023457463 20.39
1689.2532 0.926830225642027 20.39
1689.6023 0.906207195672264 20.39
1689.9515 0.915314947407463 20.39
1690.3007 0.925175883579874 20.39
1690.6499 0.937627216290112 20.39
1690.999 0.931216592318586 20.39
1691.3483 0.963328377769348 20.39
1691.6974 0.942090006754423 20.39
1692.0465 0.941402690678699 20.39
1692.3958 0.93818562985177 20.39
1692.7449 0.946571723448864 20.39
1693.0941 0.952849701596076 20.39
1693.4432 0.967846154819467 20.39
1693.7925 0.952230759200094 20.39
1694.1416 0.96240687655764 20.39
1694.4908 0.993254632189705 20.39
1694.84 0.987153424436134 20.39
1695.1891 0.965311258966867 20.39
1695.5383 0.971795803397215 20.39
1695.8875 0.98133960593198 20.39
1696.2367 0.983492779218437 20.39
1696.5858 0.988526560327601 20.39
1696.9351 0.991199183273275 20.39
1697.2842 0.999027191647451 20.39
1697.6334 0.98191629364357 20.39
1697.9825 0.979816190154001 20.39
1698.3318 0.974218798039295 20.39
1698.6809 0.952068135018905 20.39
1699.03 0.994520250020936 20.39
1699.3793 0.980090988281302 20.39
1699.7284 0.983959406650685 20.39
1700.0776 0.984598338387162 20.39
1700.4268 1 20.39
1700.776 0.995275556205447 20.39
1701.1251 0.955921570268007 20.39
1701.4744 0.981659080932854 20.39
1701.8235 0.980312639012348 20.39
1702.1726 0.968902102650269 20.39
1702.5219 0.97652390296623 20.39
1702.871 0.974851500468816 20.39
1703.2202 0.99945913488736 20.39
1703.5693 0.999090813263505 20.39
1703.9186 0.977654663519752 20.39
1704.2677 0.971022046001873 20.39
1704.6169 0.983069343459817 20.39
1704.9661 0.967055753289222 20.39
1705.3152 0.969554469250998 20.39
1705.6644 0.957681985946101 20.39
1706.0135 0.964398038539134 20.39
1706.3628 0.962268090828253 20.39
1706.7119 0.942613558996125 20.39
1707.0612 0.950149046160055 20.39
1707.4103 0.948531784200339 20.39
1707.7595 0.950754936825094 20.39
1708.1086 0.957983142748089 20.39
1708.4578 0.957315862422068 20.39
1708.807 0.959796841195261 20.39
1709.1561 0.955006270714099 20.39
1709.5054 0.947647800837966 20.39
1709.8545 0.939455121207917 20.39
1710.2037 0.93174289366038 20.39
1710.5529 0.912552973133276 20.39
1710.9021 0.911023881351732 20.39
1711.2512 0.918039493225861 20.39
1711.6003 0.921317508641549 20.39
1711.9496 0.894874257720673 20.39
1712.2987 0.887525719763226 20.39
1712.6479 0.888169995376445 20.39
1712.9971 0.893612277084835 20.39
1713.3463 0.890327721793322 20.39
1713.6954 0.885092178146962 20.39
1714.0447 0.860400001123017 20.39
1714.3938 0.858101394878609 20.39
1714.7429 0.872874852578759 20.39
1715.0922 0.857329658959215 20.39
1715.4413 0.849689816101712 20.39
1715.7905 0.843047811202661 20.39
1716.1396 0.828390090404047 20.39
1716.4889 0.828184033746901 20.39
1716.838 0.820646980994719 20.39
1717.1873 0.80992202781465 20.39
1717.5364 0.803437146222553 20.39
1717.8855 0.807174623707346 20.39
1718.2347 0.807385647694531 20.39
1718.5839 0.810609727518463 20.39
1718.9331 0.795571124478691 20.39
1719.2822 0.785510282795224 20.39
1719.6315 0.776722023706918 20.39
1719.9806 0.779538175489846 20.39
1720.3298 0.77851870823945 20.39
1720.679 0.751886421466884 20.39
1721.0282 0.753179437354906 20.39
1721.3773 0.760308320330706 20.39
1721.7264 0.726390122635039 20.39
1722.0757 0.703634639702857 20.39
1722.4248 0.700052055740256 20.39
1722.774 0.691158926858958 20.39
1723.1232 0.696983868312671 20.39
1723.4724 0.688309552098711 20.39
1723.8215 0.683823503069907 20.39
1724.1708 0.688379540383869 20.39
1724.5199 0.693027051450028 20.39
1724.869 0.680674720429632 20.39
1725.2183 0.656423842655625 20.39
1725.5674 0.646047219208093 20.39
1725.9166 0.631034540332281 20.39
1726.2657 0.64788993105995 20.39
1726.615 0.652793383979766 20.39
1726.9641 0.635264649496754 20.39
1727.3134 0.626757611922031 20.39
1727.6625 0.630970535392972 20.39
1728.0116 0.635710769082375 20.39
1728.3608 0.59947020783087 20.39
1728.71 0.605410774236725 20.39
1729.0592 0.609999976002484 20.39
1729.4083 0.593370619156144 20.39
1729.7576 0.595707086807671 20.39
1730.1067 0.587909504159889 20.39
1730.4559 0.56936045123203 20.39
1730.8051 0.560426161776297 20.39
1731.1542 0.552580627377386 20.39
1731.5034 0.549304803598765 20.39
1731.8525 0.529718803804983 20.39
1732.2018 0.531204147754474 20.39
1732.5509 0.526543754746939 20.39
1732.9001 0.524210218662882 20.39
1733.2493 0.533070911525103 20.39
1733.5985 0.527007651658163 20.39
1733.9476 0.514087835917364 20.39
1734.2968 0.511378812970159 20.39
1734.646 0.518612772496087 20.39
1734.9951 0.505729059732091 20.39
1735.3444 0.503471272493658 20.39
1735.6935 0.469810598762923 20.39
1736.0427 0.480738656226782 20.39
1736.3918 0.489668346142889 20.39
1736.7411 0.469780202979845 20.39
1737.0902 0.471636794895166 20.39
1737.4393 0.469644634534919 20.39
1737.7886 0.447889506243692 20.39
1738.1377 0.438126283505124 20.39
1738.4869 0.41851925431298 20.39
1738.8361 0.424394771743008 20.39
1739.1853 0.440192770880929 20.39
1739.5344 0.420688010737151 20.39
1739.8837 0.404960520941343 20.39
1740.2328 0.417948821625932 20.39
1740.582 0.411237887078659 20.39
1740.9312 0.416338176579912 20.39
1741.2803 0.390322666036146 20.39
1741.6295 0.396048793483305 20.39
1741.9786 0.382532260743969 20.39
1742.3279 0.39590481994162 20.39
1742.677 0.384574855244952 20.39
1743.0262 0.3809392899543 20.39
1743.3754 0.377101229905648 20.39
1743.7246 0.364739591026055 20.39
1744.0737 0.362678819105488 20.39
1744.4229 0.359594325199528 20.39
1744.7721 0.376537695252629 20.39
1745.1212 0.35047431247971 20.39
1745.4705 0.354683029614187 20.39
1745.8196 0.339323129773344 20.39
1746.1688 0.33542458531025 20.39
1746.5179 0.340196564172208 20.39
1746.8672 0.325547774067457 20.39
1747.2163 0.322709929308287 20.39
1747.5654 0.310424571695521 20.39
1747.9147 0.317612054790979 20.39
1748.2638 0.301514302349769 20.39
1748.613 0.303688930665173 20.39
1748.9622 0.306615916389244 20.39
1749.3114 0.301196148346735 20.39
1749.6605 0.289047759384289 20.39
1750.0098 0.28013146991569 20.39
1750.3589 0.272337513469983 20.39
1750.708 0.283754841627386 20.39
1751.0573 0.270694852876693 20.39
1751.4064 0.286289693060103 20.39
1751.7556 0.278130202114478 20.39
1752.1047 0.265175380800135 20.39
1752.454 0.266266741075015 20.39
1752.8031 0.26111739924992 20.39
1753.1523 0.265417968053995 20.39
1753.5015 0.246490629089456 20.39
1753.8506 0.244719348967906 20.39
1754.1998 0.251042765971825 20.39
1754.549 0.237113319539665 20.39
1754.8982 0.246426571963532 20.39
1755.2473 0.24818953470509 20.39
1755.5966 0.23435964599797 20.39
1755.9457 0.232347350673568 20.39
1756.2949 0.214954101944053 20.39
1756.644 0.212669173479404 20.39
1756.9932 0.230227248401864 20.39
1757.3424 0.220533333228917 20.39
1757.6915 0.217834381551871 20.39
1758.0408 0.222931661334375 20.39
1758.3899 0.19852954033944 20.39
1758.7391 0.19942041359818 20.39
1759.0883 0.206278361415923 20.39
1759.4375 0.20123950363528 20.39
1759.7866 0.193600249240395 20.39
1760.1357 0.190451616697211 20.39
1760.485 0.181277198896666 20.39
1760.8341 0.190865044489455 20.39
1761.1833 0.19118537938394 20.39
1761.5325 0.182183543962355 20.39
1761.8817 0.187396675146612 20.39
1762.2308 0.186552939345399 20.39
1762.5801 0.169946795339692 20.39
1762.9292 0.169740475883994 20.39
1763.2784 0.16972063167238 20.39
1763.6276 0.162869961110044 20.39
1763.9767 0.166284086338719 20.39
1764.3259 0.154904003105112 20.39
1764.675 0.153840055049795 20.39
1765.0243 0.149025668113052 20.39
1765.3734 0.143573840598169 20.39
1765.7227 0.141028565514496 20.39
1766.0718 0.159703434942282 20.39
1766.421 0.15665593465925 20.39
1766.7701 0.150626332280355 20.39
1767.1193 0.133963063475648 20.39
1767.4685 0.144066255393727 20.39
1767.8176 0.148919807897986 20.39
1768.1669 0.151074806401794 20.39
1768.516 0.12092418494927 20.39
1768.8652 0.118879250018107 20.39
1769.2144 0.132111377195393 20.39
1769.5636 0.135360442823976 20.39
1769.9127 0.1211169360905 20.39
1770.2618 0.126558362749639 20.39
1770.6111 0.126690942472269 20.39
1770.9602 0.130334584026164 20.39
1771.3094 0.129871213949302 20.39
1771.6586 0.117608055083968 20.39
1772.0078 0.113996171437571 20.39
1772.3569 0.125270375943761 20.39
1772.7062 0.125231522191959 20.39
1773.0553 0.122627901458948 20.39
1773.4044 0.113599573103262 20.39
1773.7537 0.111889231047447 20.39
1774.1028 0.115109593031016 20.39
1774.452 0.125347845072008 20.39
1774.8011 0.112415305815155 20.39
1775.1504 0.103391502635899 20.39
1775.4995 0.108312776054355 20.39
1775.8488 0.109195772849455 20.39
1776.1979 0.110585968379422 20.39
1776.547 0.109371946452248 20.39
1776.8962 0.108295986790572 20.39
1777.2454 0.107434815984283 20.39
1777.5946 0.106707973698733 20.39
1777.9437 0.101554162738625 20.39
1778.293 0.0904510189482459 20.39
1778.6421 0.0819012538401417 20.39
1778.9913 0.0781177935797565 20.39
1779.3405 0.0913869143799701 20.39
1779.6896 0.0869863355702583 20.39
1780.0388 0.0775567355389382 20.39
1780.3879 0.0718227640555579 20.39
1780.7372 0.0793273807886622 20.39
1781.0863 0.0915437616586508 20.39
1781.4355 0.0890007965003446 20.39
1781.7847 0.084306014402592 20.39
1782.1339 0.0819203596158985 20.39
1782.483 0.0750629175693457 20.39
1782.8323 0.0777874365561254 20.39
1783.1814 0.0680426152026498 20.39
1783.5305 0.0697479563208789 20.39
1783.8798 0.0761528477526464 20.39
1784.2289 0.077518486896629 20.39
1784.5781 0.0761149126009579 20.39
1784.9272 0.0849171446949933 20.39
1785.2765 0.0627242638339289 20.39
1785.6256 0.0604213315940636 20.39
1785.9749 0.0674858737156504 20.39
1786.324 0.067074498894347 20.39
1786.6731 0.0589703431272438 20.39
1787.0223 0.0531967977208534 20.39
1787.3715 0.0453573986303565 20.39
1787.7207 0.0577628153520349 20.39
1788.0698 0.0552138898336607 20.39
1788.4191 0.0626759464055645 20.39
1788.7682 0.0661641861152543 20.39
1789.1174 0.053854634129508 20.39
1789.4666 0.0437360079906789 20.39
1789.8157 0.042034548163476 20.39
1790.1649 0.0501201085232928 20.39
1790.514 0.0531016342061325 20.39
1790.8633 0.0451139705567341 20.39
1791.2124 0.0489211888138977 20.39
1791.5616 0.0538627683567728 20.39
1791.9108 0.0610536269720679 20.39
1792.26 0.0674682874904891 20.39
1792.6091 0.0599539144056736 20.39
1792.9583 0.0542542767231619 20.39
1793.3075 0.0533566053301926 20.39
1793.6566 0.0548938210881633 20.39
1794.0059 0.0642245645585219 20.39
1794.355 0.0624252449884687 20.39
1794.7042 0.0526594419498169 20.39
1795.0533 0.0489798252729095 20.39
1795.4026 0.0470767378532715 20.39
1795.7517 0.0521281728409601 20.39
1796.1008 0.0482685820294689 20.39
1796.4501 0.0447028968626606 20.39
1796.7992 0.0493712267819633 20.39
1797.1484 0.0457127114492282 20.39
1797.4976 0.0444912901902651 20.39
1797.8468 0.0437476687679196 20.39
1798.1959 0.0430929248932936 20.39
1798.5452 0.0468751020564564 20.39
1798.8943 0.0482779256761067 20.39
1799.2434 0.0421930396199575 20.39
1799.5927 0.0475611871548554 20.39
1799.9418 0.0326329644049337 20.39
1800.291 0.0502616707458877 20.39
1800.6401 0.0680963268866528 20.39
1800.9894 0.0395329405813046 20.39
1801.3385 0.0407516549236538 20.39
1801.6877 0.0487844763094267 20.39
1802.0369 0.0385300107323263 20.39
1802.3861 0.0349455939762106 20.39
1802.7352 0.0314671997056972 20.39
1803.0844 0.0154555021581154 20.39
1803.4336 0.0288755079543344 20.39
1803.7827 0.0415529890461196 20.39
1804.132 0.0400085775440437 20.39
1804.4811 0.0548335495798169 20.39
1804.8303 0.0313237885952465 20.39
1805.1794 0.0310282772920099 20.39
1805.5287 0.0334667716378957 20.39
1805.8778 0.0374861863340498 20.39
1806.2269 0.044030646408699 20.39
1806.5762 0.0436363771403237 20.39
1806.9253 0.0325383621413209 20.39
1807.2745 0.0308954903174643 20.39
1807.6237 0.0241577250557122 20.39
1807.9729 0.029859439256443 20.39
1808.322 0.0418260416018966 20.39
1808.6713 0.0370816976210315 20.39
1809.0204 0.0405429952854771 20.39
1809.3695 0.0437797547003599 20.39
1809.7188 0.0328334282453462 20.39
1810.0679 0.0347705282084988 20.39
1810.4171 0.0365849537844135 20.39
1810.7662 0.0381737156867979 20.39
1811.1155 0.0360522291140931 20.39
1811.4646 0.0362406090307849 20.39
1811.8138 0.0320352687868393 20.39
1812.163 0.0386739745185763 20.39
1812.5121 0.0330266024663386 20.39
1812.8613 0.036883788544722 20.39
1813.2104 0.0162413393085815 20.39
1813.5597 0.0285940132681339 20.39
1813.9088 0.0344045650323938 20.39
1814.2581 0.0392286709252182 20.39
1814.6072 0.0434267396911653 20.39
1814.9564 0.038307135296765 20.39
1815.3055 0.0273381208461545 20.39
1815.6547 0.0248871785177089 20.39
1816.0039 0.0341407894600723 20.39
1816.353 0.0173999746130988 20.39
1816.7023 0.038170749455504 20.39
1817.0514 0.0253495568685187 20.39
1817.4006 0.0248120564062479 20.39
1817.7498 0.0321293549623295 20.39
1818.099 0.0275670405710941 20.39
1818.4481 0.0238939128873743 20.39
1818.7972 0.0237535171492309 20.39
1819.1465 0.0417366650505767 20.39
1819.4956 0.0364425773259731 20.39
1819.8448 0.0283956894974257 20.39
1820.194 0.0308299729667008 20.39
1820.5432 0.0393192186821207 20.39
1820.8923 0.0363422740836902 20.39
1821.2416 0.0301339623456526 20.39
1821.5907 0.0267586603639666 20.39
1821.9398 0.0197694026910945 20.39
1822.2891 0.0184771871816037 20.39
1822.6382 0.028044070781694 20.39
1822.9874 0.0377875529965313 20.39
1823.3365 0.0386956385988171 20.39
1823.6858 0.0243398710687902 20.39
1824.0349 0.0164173434933578 20.39
1824.3842 0.0203444096955854 20.39
1824.7333 0.0416822156071015 20.39
1825.0825 0.043031676193218 20.39
1825.4316 0.0300968467034754 20.39
1825.7808 0.0228544986038121 20.39
1826.13 0.0202916370472766 20.39
1826.4791 0.0375740925912983 20.39
1826.8284 0.0330513604513037 20.39
1827.1775 0 20.39
1827.5267 0.0358777648964489 20.39
1827.8759 0.0355311070289564 20.39
1828.2251 0.0212746401837816 20.39
1828.5742 0.0204982768436556 20.39
1828.9233 0.0239051988249468 20.39
1829.2726 0.0460269030575307 20.39
1829.6217 0.0519751883266563 20.39
1829.9709 0.0291143960367834 20.39
1830.3201 0.0285108344757659 20.39
1830.6693 0.0162184968038461 20.39
1831.0184 0.036448451711727 20.39
1831.3677 0.023687316617498 20.39
1831.7168 0.0152404066758765 20.39
1832.0659 0.017773922897641 20.39
1832.4152 0.0245536273767153 20.39
1832.7643 0.0195085244004743 20.39
1833.1135 0.0176697479965402 20.39
1833.4626 0.0176407798938206 20.39
1833.8119 0.0212225717522793 20.39
1834.161 0.0257932024162635 20.39
1834.5103 0.0255034828098131 20.39
1834.8594 0.0236634812407583 20.39
1835.2085 0.0276930920977318 20.39
1835.5577 0.0318149648771918 20.39
1835.9069 0.0290328510886195 20.39
1836.2561 0.0203730136325345 20.39
1836.6052 0.0219043939210966 20.39
1836.9545 0.0129991362714253 20.39
1837.3036 0.0122375640187121 20.39
1837.6528 0.0225149784387237 20.39
1838.002 0.0152991964371868 20.39
1838.3511 0.0301117803927835 20.39
1838.7003 0.0279888719709685 20.39
1839.0494 0.0103063593356298 20.39
1839.3987 0.0147793698760905 20.39
1839.7478 0.0185551783965768 20.39
1840.097 0.0405419810234983 20.39
1840.4462 0.0384427224371485 20.39
1840.7954 0.0360747113829485 20.39
1841.1445 0.0117369887272228 20.39
1841.4937 0.0159593454747195 20.39
1841.8429 0.0173841509386344 20.39
1842.192 0.016113765278922 20.39
1842.5413 0.0206214474006296 20.39
1842.8904 0.0259106068249731 20.39
1843.2396 0.0218578432012735 20.39
1843.5887 0.0199815955158601 20.39
1843.938 0.0217564095287254 20.39
1844.2871 0.0177810520691193 20.39
1844.6364 0.00543995204862274 20.39
1844.9855 0.00995394716177176 20.39
1845.3346 0.0156314442004783 20.39
1845.6838 0.00939635900759282 20.39
1846.033 0.0118831009301642 20.39
1846.3822 0.0162466887058602 20.39
1846.7313 0.0175543100602177 20.39
1847.0806 0.0227628511593644 20.39
1847.4297 0.0253459731893446 20.39
1847.7789 0.0101105749233707 20.39
1848.1281 0.016576230690742 20.39
1848.4772 0.0157263731410089 20.39
1848.8264 0.0100189162544877 20.39
1849.1755 0 20.39
1849.5248 0.0148144259235785 20.39
1849.8739 0.0148945283183918 20.39
1850.2231 0.0350061521341275 20.39
1850.5723 0.0130963920365619 20.39
1850.9215 0.0102088132847538 20.39
1851.2706 0.005715400120774 20.39
1851.6198 0.00948486039478559 20.39
1851.969 0.0209318652041219 20.39
1852.3181 0.0211343837277702 20.39
1852.6674 0.00285443545426963 20.39
1853.0165 0.00180263795652508 20.39
1853.3657 0.00828427472139544 20.39
1853.7148 0.00499479245523516 20.39
1854.0641 0.0018823568169591 20.39
1854.4132 0 20.39
