w Int P
1500 0 25.36
1500.3491 0.0156086612570511 25.36
1500.6984 0.0245029837776251 25.36
1501.0475 0.0432260571378232 25.36
1501.3967 0.0644624867380692 25.36
1501.7458 0.0630869299219133 25.36
1502.0951 0.104411598199796 25.36
1502.4442 0.134055382286741 25.36
1502.7935 0.107635871834156 25.36
1503.1426 0.0903160274064756 25.36
1503.4917 0 25.36
1503.8409 0.166810803796769 25.36
1504.1901 0.142025130563039 25.36
1504.5393 0.162607936643241 25.36
1504.8884 0.173909556520348 25.36
1505.2377 0.147025102570717 25.36
1505.5868 0.152847347480587 25.36
1505.936 0.155941147516389 25.36
1506.2852 0.162154450761422 25.36
1506.6343 0.176282402984185 25.36
1506.9835 0.159768912610075 25.36
1507.3326 0.125752291823854 25.36
1507.6819 0.176229212056632 25.36
1508.031 0.165723223109334 25.36
1508.3802 0.114438054530746 25.36
1508.7294 0.116517763869709 25.36
1509.0786 0.139389454398551 25.36
1509.4277 0.155088252994849 25.36
1509.7769 0.130163679017761 25.36
1510.1261 0.111452175635687 25.36
1510.4752 0.130875358479201 25.36
1510.8245 0.148521464628903 25.36
1511.1736 0.167270027886938 25.36
1511.5228 0.106162194499532 25.36
1511.8719 0.0801836617516568 25.36
1512.2212 0.0679250910549147 25.36
1512.5703 0.0270662158085385 25.36
1512.9196 0.0814512804005952 25.36
1513.2687 0.163885738429632 25.36
1513.6178 0.137142867358867 25.36
1513.967 0.12959952167096 25.36
1514.3162 0.16128747100021 25.36
1514.6654 0.0832804314053451 25.36
1515.0145 0.124536294369264 25.36
1515.3638 0.160017697835708 25.36
1515.7129 0.134210437581199 25.36
1516.0621 0.132566435083184 25.36
1516.4113 0.214887835886427 25.36
1516.7604 0.206178238918061 25.36
1517.1096 0.180133909778232 25.36
1517.4587 0.127106522521416 25.36
1517.808 0.114506751658418 25.36
1518.1571 0.160348548501071 25.36
1518.5063 0.151832321258027 25.36
1518.8555 0.130773721912462 25.36
1519.2047 0.164725196218535 25.36
1519.5538 0.159804438821584 25.36
1519.903 0.146716590432004 25.36
1520.2522 0.176089623430561 25.36
1520.6013 0.139782773375225 25.36
1520.9506 0.140066190546582 25.36
1521.2997 0.119545899872762 25.36
1521.6489 0.101246103673283 25.36
1521.998 0.0935366689039779 25.36
1522.3473 0.149702660039503 25.36
1522.6964 0.0961201501022833 25.36
1523.0455 0.0381868577522616 25.36
1523.3948 0.0909078030649736 25.36
1523.7439 0.141273672044507 25.36
1524.0931 0.17305854450657 25.36
1524.4423 0.13644863330403 25.36
1524.7915 0.143100444082554 25.36
1525.1406 0.202760079189766 25.36
1525.4899 0.109601719523386 25.36
1525.839 0.148397713721115 25.36
1526.1881 0.16675810415487 25.36
1526.5374 0.188880733431796 25.36
1526.8865 0.160724456041689 25.36
1527.2357 0.126747319094994 25.36
1527.5848 0.137328691549073 25.36
1527.9341 0.132971997788269 25.36
1528.2832 0.0643714933710594 25.36
1528.6324 0.050175897144409 25.36
1528.9816 0.0746642540015456 25.36
1529.3307 0.142042005932631 25.36
1529.6799 0.175855444022795 25.36
1530.0291 0.139269547471595 25.36
1530.3783 0.147378375176298 25.36
1530.7274 0.178197854901721 25.36
1531.0767 0.163617355596094 25.36
1531.4258 0.121808556801262 25.36
1531.775 0.162513815591949 25.36
1532.1241 0.173057052779698 25.36
1532.4733 0.148650907095765 25.36
1532.8225 0.144897265506721 25.36
1533.1716 0.11163710623775 25.36
1533.5209 0.141030315296155 25.36
1533.87 0.1685074358479 25.36
1534.2192 0.111770557180422 25.36
1534.5684 0.110892045708561 25.36
1534.9176 0.106853878530426 25.36
1535.2667 0.125537217995418 25.36
1535.616 0.102517970208468 25.36
1535.9651 0.169967381859156 25.36
1536.3142 0.15966196327986 25.36
1536.6635 0.186100793871656 25.36
1537.0126 0.139010596895246 25.36
1537.3618 0.156099463322504 25.36
1537.7109 0.150371429406065 25.36
1538.0602 0.128991998071302 25.36
1538.4093 0.151881839923837 25.36
1538.7585 0.197817874011075 25.36
1539.1077 0.193264736649578 25.36
1539.4568 0.177950438152124 25.36
1539.806 0.156688578797607 25.36
1540.1552 0.126405279461622 25.36
1540.5044 0.141105840783687 25.36
1540.8535 0.171363089491909 25.36
1541.2028 0.173019184133933 25.36
1541.5519 0.165726451594701 25.36
1541.9011 0.171031520726008 25.36
1542.2502 0.189979789824596 25.36
1542.5994 0.183492128209652 25.36
1542.9486 0.136737563753109 25.36
1543.2977 0.0984952288582722 25.36
1543.647 0.107400770388594 25.36
1543.9961 0.135409287145218 25.36
1544.3453 0.0998054937752712 25.36
1544.6945 0.0992387885364257 25.36
1545.0437 0.149777182523916 25.36
1545.3928 0.162523812001529 25.36
1545.7419 0.172050557027304 25.36
1546.0912 0.0911143100731577 25.36
1546.4403 0.136558136113784 25.36
1546.7896 0.111012066712705 25.36
1547.1387 0.055987140757322 25.36
1547.4879 0.182693092579744 25.36
1547.837 0.149603821569718 25.36
1548.1863 0.174137810017124 25.36
1548.5354 0.175271914692151 25.36
1548.8845 0.167452108585282 25.36
1549.2338 0.118773109781576 25.36
1549.5829 0.122252581365198 25.36
1549.9321 0.152048752520387 25.36
1550.2813 0.156179217025289 25.36
1550.6305 0.155802035414829 25.36
1550.9796 0.15158029648912 25.36
1551.3289 0.202262301844352 25.36
1551.678 0.1936353152766 25.36
1552.0271 0.17166386725153 25.36
1552.3763 0.200343645295167 25.36
1552.7255 0.213349924935803 25.36
1553.0747 0.200127786615922 25.36
1553.4238 0.201037114154395 25.36
1553.7731 0.197525159769172 25.36
1554.1222 0.147448981044988 25.36
1554.4714 0.119983080604361 25.36
1554.8206 0.171645264216017 25.36
1555.1697 0.199965491147051 25.36
1555.5189 0.168158702329976 25.36
1555.868 0.149548152789419 25.36
1556.2173 0.212427391678095 25.36
1556.5664 0.216840264730049 25.36
1556.9156 0.132694599959328 25.36
1557.2648 0.0993237849296976 25.36
1557.614 0.112337653200158 25.36
1557.9631 0.164360148887817 25.36
1558.3124 0.126394950574902 25.36
1558.6615 0.106654463659435 25.36
1559.0106 0.159561755161113 25.36
1559.3599 0.149632509585869 25.36
1559.709 0.172035334309203 25.36
1560.0582 0.12907739017111 25.36
1560.4073 0.144171499846635 25.36
1560.7566 0.180733946857858 25.36
1561.1057 0.17373524970965 25.36
1561.455 0.178197888624625 25.36
1561.8041 0.224675017083164 25.36
1562.1532 0.176600219401762 25.36
1562.5024 0.104712305085864 25.36
1562.8516 0.112937843996085 25.36
1563.2008 0.145005609050949 25.36
1563.5499 0.144770974658129 25.36
1563.8992 0.148494058370399 25.36
1564.2483 0.173707365769504 25.36
1564.5975 0.210828485876809 25.36
1564.9467 0.18737187950691 25.36
1565.2958 0.183618426282356 25.36
1565.645 0.227363651757032 25.36
1565.9941 0.214027680237073 25.36
1566.3434 0.20696530373895 25.36
1566.6925 0.229383593897748 25.36
1567.0417 0.222869900400749 25.36
1567.3909 0.217399979709648 25.36
1567.7401 0.213065279616751 25.36
1568.0892 0.175179706382239 25.36
1568.4384 0.158961211985206 25.36
1568.7876 0.182286779424398 25.36
1569.1367 0.181228538549178 25.36
1569.486 0.179676275772008 25.36
1569.8351 0.185795341772456 25.36
1570.1843 0.200017531239804 25.36
1570.5334 0.194735689545286 25.36
1570.8827 0.201656372112949 25.36
1571.2318 0.235214578735936 25.36
1571.5809 0.274068400214095 25.36
1571.9302 0.24497805645086 25.36
1572.2793 0.169600905600959 25.36
1572.6285 0.167119464181371 25.36
1572.9777 0.195963214264366 25.36
1573.3269 0.206489452831687 25.36
1573.676 0.221372041458198 25.36
1574.0253 0.19703794348101 25.36
1574.3744 0.250221883766139 25.36
1574.7235 0.262143754058088 25.36
1575.0728 0.246543880832326 25.36
1575.4219 0.287797342331111 25.36
1575.7711 0.293920446545706 25.36
1576.1202 0.256509787056121 25.36
1576.4695 0.21682120130435 25.36
1576.8186 0.185832731993658 25.36
1577.1678 0.248791023361828 25.36
1577.517 0.290943308983735 25.36
1577.8661 0.243970207447265 25.36
1578.2153 0.194183360995162 25.36
1578.5645 0.2401390870965 25.36
1578.9137 0.221817293476393 25.36
1579.2628 0.166474413537251 25.36
1579.6121 0.194337601129401 25.36
1579.9612 0.252114871805878 25.36
1580.3104 0.257360768836279 25.36
1580.6595 0.187286725412769 25.36
1581.0088 0.166767498889051 25.36
1581.3579 0.206604480193122 25.36
1581.707 0.237035691035659 25.36
1582.0563 0.219349136725552 25.36
1582.4054 0.230883986896484 25.36
1582.7546 0.265066962441487 25.36
1583.1038 0.212307582446362 25.36
1583.453 0.18898449753792 25.36
1583.8021 0.238513888181934 25.36
1584.1514 0.224565838734031 25.36
1584.5005 0.233221524326356 25.36
1584.8496 0.270775192580898 25.36
1585.1989 0.234241171429317 25.36
1585.548 0.264270280949796 25.36
1585.8972 0.336604948846258 25.36
1586.2463 0.284397037551812 25.36
1586.5956 0.293841948151259 25.36
1586.9447 0.276201206290468 25.36
1587.2939 0.279288570399711 25.36
1587.6431 0.248890096795893 25.36
1587.9922 0.247014685364831 25.36
1588.3414 0.249063944125893 25.36
1588.6906 0.199090359744961 25.36
1589.0398 0.256806252725331 25.36
1589.3889 0.256537037234579 25.36
1589.7382 0.273881039070408 25.36
1590.0873 0.245543691209188 25.36
1590.4365 0.289968819492638 25.36
1590.7856 0.229041860706414 25.36
1591.1348 0.216473305137437 25.36
1591.484 0.267414568915829 25.36
1591.8331 0.209541793487187 25.36
1592.1824 0.245703580055433 25.36
1592.5315 0.287693042588525 25.36
1592.8807 0.294753774850089 25.36
1593.2299 0.316169793273228 25.36
1593.5791 0.338090503608956 25.36
1593.9282 0.314877498109541 25.36
1594.2773 0.307956608431678 25.36
1594.6266 0.332121443658667 25.36
1594.9757 0.334890946090034 25.36
1595.325 0.309843612968011 25.36
1595.6741 0.294601358424581 25.36
1596.0233 0.275327720083911 25.36
1596.3724 0.22636918323315 25.36
1596.7217 0.221684641452235 25.36
1597.0708 0.230456557957051 25.36
1597.4199 0.233601457418186 25.36
1597.7692 0.264709600758173 25.36
1598.1183 0.312264218593092 25.36
1598.4675 0.298017711305598 25.36
1598.8167 0.29071604906879 25.36
1599.1659 0.320245753652697 25.36
1599.515 0.321507135979833 25.36
1599.8643 0.306021860670272 25.36
1600.2134 0.310495634878027 25.36
1600.5625 0.339012685891454 25.36
1600.9117 0.334352058950554 25.36
1601.2609 0.303707098965369 25.36
1601.6101 0.307032112064284 25.36
1601.9592 0.328216913671589 25.36
1602.3085 0.34229626774548 25.36
1602.6576 0.300902826360246 25.36
1603.0068 0.259649826408779 25.36
1603.356 0.325940967148696 25.36
1603.7052 0.364114793512197 25.36
1604.0543 0.264609161873666 25.36
1604.4034 0.296072426372245 25.36
1604.7527 0.376639992911454 25.36
1605.1018 0.368361795139783 25.36
1605.451 0.29972700155318 25.36
1605.8002 0.278658219995446 25.36
1606.1494 0.351544072169493 25.36
1606.4985 0.341054509243712 25.36
1606.8478 0.285898951090475 25.36
1607.1969 0.355440999459042 25.36
1607.546 0.383727317702382 25.36
1607.8953 0.359907997791346 25.36
1608.2444 0.381919191580606 25.36
1608.5936 0.387212349444847 25.36
1608.9427 0.348780875156046 25.36
1609.292 0.428289395571105 25.36
1609.6411 0.369767936380434 25.36
1609.9904 0.342005026484739 25.36
1610.3395 0.477769301040368 25.36
1610.6886 0.40163645714206 25.36
1611.0378 0.398687210314344 25.36
1611.387 0.387107097794574 25.36
1611.7362 0.405288246623439 25.36
1612.0853 0.423287840935442 25.36
1612.4346 0.441826811822013 25.36
1612.7837 0.36768593522316 25.36
1613.1329 0.400909285300566 25.36
1613.4821 0.409898586182045 25.36
1613.8312 0.386822656312487 25.36
1614.1804 0.438695304328498 25.36
1614.5295 0.379067442121231 25.36
1614.8788 0.351674646032008 25.36
1615.2279 0.372735435979786 25.36
1615.5771 0.445465673213142 25.36
1615.9263 0.437650001379025 25.36
1616.2755 0.451177591070977 25.36
1616.6246 0.442126121526117 25.36
1616.9738 0.427570017353531 25.36
1617.323 0.407615707735244 25.36
1617.6721 0.470973022797379 25.36
1618.0214 0.437700767649575 25.36
1618.3705 0.415240477381801 25.36
1618.7197 0.439524421526721 25.36
1619.0688 0.453799823708719 25.36
1619.4181 0.45788351142553 25.36
1619.7672 0.454037169529587 25.36
1620.1163 0.430975360275018 25.36
1620.4656 0.436165835242845 25.36
1620.8147 0.449779297575272 25.36
1621.1639 0.452281760836447 25.36
1621.5131 0.403988337521955 25.36
1621.8623 0.40623192284167 25.36
1622.2114 0.492321506863454 25.36
1622.5607 0.48885537243299 25.36
1622.9098 0.482546183954092 25.36
1623.2589 0.509960097943506 25.36
1623.6082 0.476492075357969 25.36
1623.9573 0.464356932463678 25.36
1624.3065 0.507036483770434 25.36
1624.6556 0.523240646689558 25.36
1625.0049 0.50602996671043 25.36
1625.354 0.475588455098687 25.36
1625.7032 0.427544784158144 25.36
1626.0524 0.461349096680798 25.36
1626.4016 0.49755900485761 25.36
1626.7507 0.532241193221974 25.36
1627.0999 0.508902546819463 25.36
1627.4491 0.526997050786289 25.36
1627.7982 0.532498556012845 25.36
1628.1475 0.588462728018499 25.36
1628.4966 0.559925386140908 25.36
1628.8458 0.509099185578755 25.36
1629.1949 0.582627377894157 25.36
1629.5442 0.594673747644101 25.36
1629.8933 0.592102487675775 25.36
1630.2424 0.518491278226906 25.36
1630.5917 0.520769928690301 25.36
1630.9408 0.607907512096619 25.36
1631.29 0.551984057699372 25.36
1631.6392 0.533014733020498 25.36
1631.9884 0.54064067411603 25.36
1632.3375 0.548840081332871 25.36
1632.6868 0.646284280307278 25.36
1633.0359 0.725768298272527 25.36
1633.385 0.618271647312279 25.36
1633.7343 0.551876848096905 25.36
1634.0834 0.602728197267954 25.36
1634.4326 0.618163126628035 25.36
1634.7817 0.609191673901444 25.36
1635.131 0.624086181300464 25.36
1635.4801 0.649950285750917 25.36
1635.8293 0.661481297330357 25.36
1636.1785 0.656573511597852 25.36
1636.5276 0.630949146927957 25.36
1636.8768 0.608715558721567 25.36
1637.226 0.65650658053701 25.36
1637.5752 0.608396821275977 25.36
1637.9243 0.58515567060519 25.36
1638.2736 0.645096764931564 25.36
1638.6227 0.610053854005622 25.36
1638.9719 0.667663602227064 25.36
1639.321 0.60910612105938 25.36
1639.6702 0.656474773187033 25.36
1640.0194 0.698783154042659 25.36
1640.3685 0.608371582691251 25.36
1640.7178 0.668685192289231 25.36
1641.0669 0.684558145137056 25.36
1641.4161 0.68975217052056 25.36
1641.7653 0.724491709625049 25.36
1642.1145 0.716962388493525 25.36
1642.4636 0.631501869779845 25.36
1642.8127 0.697698581157967 25.36
1643.162 0.731857930038772 25.36
1643.5111 0.687308098939847 25.36
1643.8604 0.653306278684295 25.36
1644.2095 0.70511437156478 25.36
1644.5587 0.69448014813204 25.36
1644.9078 0.714519450870366 25.36
1645.2571 0.682311909304429 25.36
1645.6062 0.687780754605161 25.36
1645.9553 0.721224171194736 25.36
1646.3046 0.749445369209082 25.36
1646.6537 0.692844986067106 25.36
1647.0029 0.714617093740334 25.36
1647.3521 0.743942097436208 25.36
1647.7013 0.749978748905975 25.36
1648.0504 0.714349015959858 25.36
1648.3997 0.80514288556763 25.36
1648.7488 0.808735514188371 25.36
1649.098 0.644519046212313 25.36
1649.4471 0.665210010529436 25.36
1649.7963 0.724973680858978 25.36
1650.1455 0.815329423414959 25.36
1650.4946 0.830887976447424 25.36
1650.8439 0.815857442575662 25.36
1651.193 0.80190122064086 25.36
1651.5422 0.775842002417199 25.36
1651.8914 0.786924420309583 25.36
1652.2406 0.777011020651503 25.36
1652.5897 0.740835482709702 25.36
1652.9388 0.75446613953249 25.36
1653.2881 0.770236125060807 25.36
1653.6372 0.773701283912229 25.36
1653.9865 0.805989699336337 25.36
1654.3356 0.792585141972147 25.36
1654.6848 0.769960211007499 25.36
1655.0339 0.830744692383535 25.36
1655.3832 0.811128128574433 25.36
1655.7323 0.717807806593965 25.36
1656.0814 0.718950268367659 25.36
1656.4307 0.724993455575312 25.36
1656.7798 0.777346392865428 25.36
1657.129 0.839913053299524 25.36
1657.4781 0.807436732250332 25.36
1657.8274 0.808195159225219 25.36
1658.1765 0.784129537544584 25.36
1658.5258 0.767757545248899 25.36
1658.8749 0.842886266046894 25.36
1659.224 0.847630349170146 25.36
1659.5732 0.789105627739613 25.36
1659.9224 0.820638154245382 25.36
1660.2716 0.878664220462477 25.36
1660.6207 0.864029632656586 25.36
1660.97 0.817589663885335 25.36
1661.3191 0.83974273623472 25.36
1661.6683 0.863416612176966 25.36
1662.0175 0.812939968879736 25.36
1662.3666 0.833893269248111 25.36
1662.7158 0.846072676413764 25.36
1663.0649 0.845975405826616 25.36
1663.4142 0.88908030839065 25.36
1663.7633 0.86668005475123 25.36
1664.1125 0.840481743667 25.36
1664.4617 0.806327378593408 25.36
1664.8109 0.7957975708647 25.36
1665.16 0.857632260973193 25.36
1665.5092 0.935277336750053 25.36
1665.8584 0.895114313793663 25.36
1666.2075 0.830066248720065 25.36
1666.5568 0.897924589359235 25.36
1666.9059 0.871861717155849 25.36
1667.2551 0.870367277906387 25.36
1667.6042 0.926904912280628 25.36
1667.9535 0.960371006206513 25.36
1668.3026 0.871204258322031 25.36
1668.6517 0.828133825804334 25.36
1669.001 0.846106243036462 25.36
1669.3501 0.865861884713144 25.36
1669.6993 0.861999216607011 25.36
1670.0485 0.907435169594719 25.36
1670.3977 0.927299745482607 25.36
1670.7468 0.902540580671236 25.36
1671.0961 0.87711112641707 25.36
1671.4452 0.885006796323746 25.36
1671.7944 0.915855961910948 25.36
1672.1436 0.939414183292335 25.36
1672.4927 0.920050822461531 25.36
1672.8419 0.916915894349645 25.36
1673.191 0.854757944535666 25.36
1673.5403 0.915702851288105 25.36
1673.8894 0.930059134815821 25.36
1674.2386 0.924925899536524 25.36
1674.5878 0.940289745528636 25.36
1674.937 0.966257404908395 25.36
1675.2861 0.927097518215111 25.36
1675.6353 0.944448336459199 25.36
1675.9845 0.977476687567714 25.36
1676.3336 0.892139123868902 25.36
1676.6829 0.906437779738841 25.36
1677.032 0.926575830723482 25.36
1677.3812 0.892071524150544 25.36
1677.7303 0.926765239547552 25.36
1678.0796 0.932375778796641 25.36
1678.4287 0.94943371060025 25.36
1678.7778 0.93606623185773 25.36
1679.1271 0.936769136958716 25.36
1679.4762 0.94808074693078 25.36
1679.8254 0.964316516883791 25.36
1680.1746 0.947220911361168 25.36
1680.5238 0.904601669865593 25.36
1680.8729 0.932016064148034 25.36
1681.2222 0.915727258604594 25.36
1681.5713 0.934671205065942 25.36
1681.9204 0.894619126046026 25.36
1682.2697 0.921761874097938 25.36
1682.6188 0.881882412391864 25.36
1682.968 0.832474709255138 25.36
1683.3171 0.861950905443135 25.36
1683.6664 0.919217632137539 25.36
1684.0155 0.925418828245575 25.36
1684.3647 0.973316571171579 25.36
1684.7139 0.933301766643267 25.36
1685.063 1 25.36
1685.4122 0.946595490411242 25.36
1685.7614 0.908237408649662 25.36
1686.1106 0.937560202997613 25.36
1686.4597 0.900508130281855 25.36
1686.809 0.885097588567268 25.36
1687.1581 0.931964330729168 25.36
1687.5073 0.938188872831028 25.36
1687.8564 0.947810427700299 25.36
1688.2056 0.936922801666606 25.36
1688.5548 0.908049930833196 25.36
1688.9039 0.950069651826979 25.36
1689.2532 0.963892529424545 25.36
1689.6023 0.860100090404386 25.36
1689.9515 0.85811911431875 25.36
1690.3007 0.864391013313055 25.36
1690.6499 0.93077091220433 25.36
1690.999 0.941712792604343 25.36
1691.3483 0.915400559766873 25.36
1691.6974 0.887253407944275 25.36
1692.0465 0.919962168320019 25.36
1692.3958 0.957177525671908 25.36
1692.7449 0.850433205708879 25.36
1693.0941 0.800160783006656 25.36
1693.4432 0.842826209945702 25.36
1693.7925 0.845528286741547 25.36
1694.1416 0.835933893959163 25.36
1694.4908 0.865501445633584 25.36
1694.84 0.937724685547822 25.36
1695.1891 0.877326817559948 25.36
1695.5383 0.857540130208023 25.36
1695.8875 0.911085927012284 25.36
1696.2367 0.947597747385758 25.36
1696.5858 0.895617975279054 25.36
1696.9351 0.88259074362218 25.36
1697.2842 0.881089576517622 25.36
1697.6334 0.857757366041671 25.36
1697.9825 0.888774726494146 25.36
1698.3317 0.836814746212868 25.36
1698.6809 0.845146910175045 25.36
1699.03 0.816521194380518 25.36
1699.3793 0.818277574206543 25.36
1699.7284 0.869853589496466 25.36
1700.0776 0.819605085386979 25.36
1700.4268 0.833843412700027 25.36
1700.776 0.852365473519333 25.36
1701.1251 0.822014256996633 25.36
1701.4742 0.84989319069462 25.36
1701.8235 0.839809578940554 25.36
1702.1726 0.794146716781264 25.36
1702.5219 0.752452619466681 25.36
1702.871 0.787740745513688 25.36
1703.2202 0.801457186423789 25.36
1703.5693 0.777363899864809 25.36
1703.9186 0.767243977957915 25.36
1704.2677 0.77296478498052 25.36
1704.6168 0.764805891996712 25.36
1704.9661 0.741042670311209 25.36
1705.3152 0.790981750907105 25.36
1705.6644 0.807066708849693 25.36
1706.0135 0.746711682999812 25.36
1706.3628 0.798095204350026 25.36
1706.7119 0.780101158938702 25.36
1707.0612 0.764114265591925 25.36
1707.4103 0.739791591083333 25.36
1707.7594 0.751919699201 25.36
1708.1086 0.759895773913088 25.36
1708.4578 0.77026735812577 25.36
1708.807 0.785694122504397 25.36
1709.1561 0.817405218204818 25.36
1709.5054 0.802586301440675 25.36
1709.8545 0.753279552145466 25.36
1710.2037 0.732401735095198 25.36
1710.5529 0.707389267494201 25.36
1710.902 0.744511440493444 25.36
1711.2512 0.799725775272896 25.36
1711.6003 0.780311791557066 25.36
1711.9496 0.741422509460538 25.36
1712.2987 0.701886841503065 25.36
1712.6479 0.719868668725797 25.36
1712.9971 0.724509396542399 25.36
1713.3463 0.66442564394679 25.36
1713.6954 0.68867971011272 25.36
1714.0447 0.687172018528439 25.36
1714.3938 0.62597676805743 25.36
1714.7429 0.674687451207917 25.36
1715.0922 0.704545199681867 25.36
1715.4413 0.673407263181228 25.36
1715.7905 0.659489372382688 25.36
1716.1396 0.66061175790786 25.36
1716.4889 0.644156002508296 25.36
1716.838 0.640835773593938 25.36
1717.1873 0.627692214965968 25.36
1717.5364 0.613255988180157 25.36
1717.8855 0.648906639403811 25.36
1718.2347 0.633555938447646 25.36
1718.5839 0.619780886795284 25.36
1718.9331 0.61928958756165 25.36
1719.2822 0.616736002376711 25.36
1719.6315 0.632856697873216 25.36
1719.9806 0.599664259921027 25.36
1720.3298 0.601343789110039 25.36
1720.679 0.636375058199021 25.36
1721.0281 0.607543584871802 25.36
1721.3773 0.66968970073161 25.36
1721.7264 0.657256968277899 25.36
1722.0757 0.642891448131079 25.36
1722.4248 0.632253474660008 25.36
1722.774 0.595383244636928 25.36
1723.1232 0.546466785208038 25.36
1723.4724 0.546315341320186 25.36
1723.8215 0.551546249455429 25.36
1724.1707 0.566835265793961 25.36
1724.5199 0.555468019143681 25.36
1724.869 0.570254260989011 25.36
1725.2183 0.582427908391064 25.36
1725.5674 0.555568806407807 25.36
1725.9166 0.484137362584604 25.36
1726.2657 0.512415900080909 25.36
1726.615 0.483987111932824 25.36
1726.9641 0.485266169043347 25.36
1727.3132 0.509680749138842 25.36
1727.6625 0.561959248515242 25.36
1728.0116 0.565716137351158 25.36
1728.3608 0.523021681967581 25.36
1728.71 0.494828906060156 25.36
1729.0592 0.490061077715668 25.36
1729.4083 0.50084321265496 25.36
1729.7576 0.470634746725275 25.36
1730.1067 0.502464570861928 25.36
1730.4558 0.543490853759024 25.36
1730.8051 0.482247773607986 25.36
1731.1542 0.491585091063981 25.36
1731.5034 0.513598305836676 25.36
1731.8525 0.450807906164973 25.36
1732.2018 0.417745154835471 25.36
1732.5509 0.430167586519977 25.36
1732.9001 0.434862491390004 25.36
1733.2493 0.47426231373378 25.36
1733.5984 0.471507581829207 25.36
1733.9476 0.489615341883572 25.36
1734.2968 0.427056255086311 25.36
1734.646 0.453388264756219 25.36
1734.9951 0.441908817902151 25.36
1735.3444 0.453738959731418 25.36
1735.6935 0.383266465212854 25.36
1736.0427 0.441994815893772 25.36
1736.3918 0.384589173463021 25.36
1736.7411 0.358503158641185 25.36
1737.0902 0.383824916205747 25.36
1737.4393 0.434889131246285 25.36
1737.7886 0.386845848292885 25.36
1738.1377 0.365753912858537 25.36
1738.4869 0.404525127688804 25.36
1738.8361 0.401658875496123 25.36
1739.1853 0.431695097106121 25.36
1739.5344 0.387609229071109 25.36
1739.8837 0.400520510503761 25.36
1740.2328 0.417198722640362 25.36
1740.5819 0.390286788424154 25.36
1740.9312 0.422707092313429 25.36
1741.2803 0.395019676976108 25.36
1741.6295 0.399127375591539 25.36
1741.9786 0.341402242239343 25.36
1742.3279 0.392179729848309 25.36
1742.677 0.341533827535704 25.36
1743.0262 0.437036678342963 25.36
1743.3754 0.398832962760204 25.36
1743.7245 0.377576094700444 25.36
1744.0737 0.407820667425478 25.36
1744.4229 0.371185780985543 25.36
1744.7721 0.348517815765691 25.36
1745.1212 0.358506218448851 25.36
1745.4705 0.346020180974604 25.36
1745.8196 0.383478559092625 25.36
1746.1688 0.366271813763595 25.36
1746.5179 0.345472568899795 25.36
1746.8671 0.357156986072002 25.36
1747.2163 0.331893517335186 25.36
1747.5654 0.325253022726384 25.36
1747.9147 0.334824538567702 25.36
1748.2638 0.298800196870745 25.36
1748.613 0.303317873613874 25.36
1748.9622 0.367545291276127 25.36
1749.3114 0.345666063264929 25.36
1749.6605 0.327070018573782 25.36
1750.0096 0.220410902593712 25.36
1750.3589 0.284948785421227 25.36
1750.708 0.269155442658818 25.36
1751.0573 0.300775770482612 25.36
1751.4064 0.326739775882646 25.36
1751.7556 0.267826785569227 25.36
1752.1047 0.271885874777621 25.36
1752.454 0.288594544997566 25.36
1752.8031 0.317093536993184 25.36
1753.1522 0.329888291832085 25.36
1753.5015 0.31622918666912 25.36
1753.8506 0.25442338770241 25.36
1754.1998 0.321245828588602 25.36
1754.549 0.308103130735358 25.36
1754.8982 0.288022311933805 25.36
1755.2473 0.308114831139502 25.36
1755.5966 0.236575613313801 25.36
1755.9457 0.293524954870637 25.36
1756.2948 0.258441891447652 25.36
1756.644 0.250083584551828 25.36
1756.9932 0.249401128693517 25.36
1757.3424 0.229595133561913 25.36
1757.6915 0.192939206534681 25.36
1758.0408 0.27826359521157 25.36
1758.3899 0.255993597041024 25.36
1758.7391 0.23334993464833 25.36
1759.0883 0.235705716419112 25.36
1759.4375 0.294178263033943 25.36
1759.7866 0.263507171355377 25.36
1760.1357 0.267871438753016 25.36
1760.485 0.280452182524607 25.36
1760.8341 0.248460285022271 25.36
1761.1833 0.275508027360755 25.36
1761.5325 0.267189488727552 25.36
1761.8817 0.240825668666278 25.36
1762.2308 0.247883323299749 25.36
1762.5801 0.255901187257892 25.36
1762.9292 0.227441748909253 25.36
1763.2783 0.263930223288902 25.36
1763.6276 0.237849875924782 25.36
1763.9767 0.223615468268843 25.36
1764.3259 0.260488276881279 25.36
1764.675 0.261296262591092 25.36
1765.0243 0.215745700446917 25.36
1765.3734 0.198597643173043 25.36
1765.7227 0.189812743763514 25.36
1766.0718 0.228953396237293 25.36
1766.4209 0.203914893001521 25.36
1766.7701 0.194434813712243 25.36
1767.1193 0.246923773740277 25.36
1767.4685 0.236034610768898 25.36
1767.8176 0.196648890294401 25.36
1768.1669 0.194569169715171 25.36
1768.516 0.214188023937813 25.36
1768.8652 0.191825429024417 25.36
1769.2144 0.212011993357489 25.36
1769.5635 0.215735934091764 25.36
1769.9127 0.230350522962028 25.36
1770.2618 0.196887968211553 25.36
1770.6111 0.169085482170448 25.36
1770.9602 0.138972683106264 25.36
1771.3094 0.135790686277749 25.36
1771.6586 0.205084619021379 25.36
1772.0078 0.256643347515057 25.36
1772.3569 0.237949995456676 25.36
1772.7061 0.221591351554414 25.36
1773.0553 0.217878823048467 25.36
1773.4044 0.252279271523295 25.36
1773.7537 0.252233207678249 25.36
1774.1028 0.224526100326829 25.36
1774.452 0.242903496886455 25.36
1774.8011 0.232654848942929 25.36
1775.1504 0.187024173921879 25.36
1775.4995 0.185056354112457 25.36
1775.8486 0.223734292284193 25.36
1776.1979 0.222151771046332 25.36
1776.547 0.17320072676679 25.36
1776.8962 0.131705178836775 25.36
1777.2454 0.193340839267673 25.36
1777.5946 0.225681026527352 25.36
1777.9437 0.218336422341224 25.36
1778.293 0.168909799411962 25.36
1778.6421 0.205966844676767 25.36
1778.9912 0.182903210308695 25.36
1779.3405 0.17959605287011 25.36
1779.6896 0.185268350297005 25.36
1780.0388 0.144157997374505 25.36
1780.3879 0.101425883264903 25.36
1780.7372 0.111065216481609 25.36
1781.0863 0.166512585684956 25.36
1781.4355 0.197831477852394 25.36
1781.7847 0.184752562913112 25.36
1782.1339 0.155160501301334 25.36
1782.483 0.164555069686127 25.36
1782.8322 0.155854313862176 25.36
1783.1814 0.168669436878136 25.36
1783.5305 0.161472186592638 25.36
1783.8798 0.160776286282297 25.36
1784.2289 0.201122378194803 25.36
1784.5781 0.199481737747976 25.36
1784.9272 0.173510985747135 25.36
1785.2765 0.139293994215565 25.36
1785.6256 0.220170765900002 25.36
1785.9747 0.202454906209816 25.36
1786.324 0.203817541812449 25.36
1786.6731 0.138585716626788 25.36
1787.0223 0.232461622834977 25.36
1787.3715 0.275624637102536 25.36
1787.7207 0.148720597442862 25.36
1788.0698 0.14241688430447 25.36
1788.4191 0.235468227196927 25.36
1788.7682 0.191472077899326 25.36
1789.1173 0.0797517300611751 25.36
1789.4666 0.0981178915166944 25.36
1789.8157 0.0971071035925244 25.36
1790.1649 0.161849779613956 25.36
1790.514 0.17266543900652 25.36
1790.8633 0.155828330943657 25.36
1791.2124 0.173935703010879 25.36
1791.5616 0.142994498286749 25.36
1791.9108 0.165961382893507 25.36
1792.2599 0.183721310985125 25.36
1792.6091 0.11376158105472 25.36
1792.9583 0.131662526931735 25.36
1793.3075 0.177008569064821 25.36
1793.6566 0.167512540294331 25.36
1794.0059 0.15539488757166 25.36
1794.355 0.146151108698858 25.36
1794.7042 0.157928606659664 25.36
1795.0533 0.129887983830416 25.36
1795.4025 0.135394583915778 25.36
1795.7517 0.146124274609262 25.36
1796.1008 0.13106424324021 25.36
1796.4501 0.159738165461641 25.36
1796.7992 0.182267115133819 25.36
1797.1484 0.186650982239674 25.36
1797.4976 0.161538997923518 25.36
1797.8468 0.190487932179388 25.36
1798.1959 0.174354157719565 25.36
1798.545 0.118083639828413 25.36
1798.8943 0.150543039570072 25.36
1799.2434 0.158090400973694 25.36
1799.5927 0.198946571586131 25.36
1799.9418 0.171463665019633 25.36
1800.291 0.141467965148111 25.36
1800.6401 0.195422391506873 25.36
1800.9894 0.140966620293722 25.36
1801.3385 0.0841914777310053 25.36
1801.6876 0.142396814370571 25.36
1802.0369 0.133647936938053 25.36
1802.386 0.125778084297789 25.36
1802.7352 0.0993762250287908 25.36
1803.0844 0.0563069009377769 25.36
1803.4336 0.0520958186641245 25.36
1803.7827 0.130407498986055 25.36
1804.132 0.109307790310115 25.36
1804.4811 0.183423957348957 25.36
1804.8303 0.128628711271724 25.36
1805.1794 0.0567472291296638 25.36
1805.5286 0.126116759995716 25.36
1805.8778 0.146625312773971 25.36
1806.2269 0.11315334428017 25.36
1806.5762 0.044178113143014 25.36
1806.9253 0.0840877051468805 25.36
1807.2745 0.113699366932885 25.36
1807.6237 0.136957405172506 25.36
1807.9729 0.133512111706684 25.36
1808.322 0.096081664144393 25.36
1808.6711 0.168628521747385 25.36
1809.0204 0.177417640248005 25.36
1809.3695 0.119455626374979 25.36
1809.7188 0.115843771040176 25.36
1810.0679 0.126438303523189 25.36
1810.4171 0.0432382300578215 25.36
1810.7662 0.196773260153248 25.36
1811.1155 0.168462528031156 25.36
1811.4646 0.170555201529121 25.36
1811.8137 0.18865623372839 25.36
1812.163 0.0649043897740748 25.36
1812.5121 0.0793647335889827 25.36
1812.8613 0.151638346635875 25.36
1813.2104 0.0879835924213763 25.36
1813.5597 0.0252717185591426 25.36
1813.9088 0.141559899548067 25.36
1814.2581 0.144442950756419 25.36
1814.6072 0.160463449622085 25.36
1814.9563 0.192295002813635 25.36
1815.3055 0.181509583136051 25.36
1815.6547 0.124456959832738 25.36
1816.0039 0.111749791696219 25.36
1816.353 0.153118331404232 25.36
1816.7023 0.158708890463404 25.36
1817.0514 0.144262289348213 25.36
1817.4006 0.133723932403628 25.36
1817.7498 0.125785209496038 25.36
1818.0989 0.126002530841461 25.36
1818.4481 0.113270579584759 25.36
1818.7972 0.0621972356900007 25.36
1819.1465 0.108813349244224 25.36
1819.4956 0.124081997405698 25.36
1819.8448 0.0687635585284828 25.36
1820.194 0.0853388476221563 25.36
1820.5432 0.130563193108105 25.36
1820.8923 0.141545514180977 25.36
1821.2415 0.191360682928674 25.36
1821.5907 0.153224496545487 25.36
1821.9398 0.173196174025636 25.36
1822.2891 0.100680414811932 25.36
1822.6382 0.0622450597554754 25.36
1822.9874 0.083439105953337 25.36
1823.3365 0.194506645828577 25.36
1823.6858 0.136675663398712 25.36
1824.0349 0.0851349079361082 25.36
1824.384 0.161263569998372 25.36
1824.7333 0.178344083079685 25.36
1825.0824 0.153019229141319 25.36
1825.4316 0.0367974347205728 25.36
1825.7808 0.181201560200578 25.36
1826.13 0.183036512213071 25.36
1826.4791 0.13074704716267 25.36
1826.8284 0.187020623936204 25.36
1827.1775 0.108767507259254 25.36
1827.5267 0.130458608710578 25.36
1827.8759 0.147216841418169 25.36
1828.225 0.133050731430644 25.36
1828.5742 0.119790361785828 25.36
1828.9233 0.195528094141838 25.36
1829.2726 0.0914432698382507 25.36
1829.6217 0.14201334980693 25.36
1829.9709 0.106167219787368 25.36
1830.3201 0.157434295143437 25.36
1830.6693 0.19422093918686 25.36
1831.0184 0.176041980960209 25.36
1831.3676 0.159682184354683 25.36
1831.7168 0.142600315212628 25.36
1832.0659 0.153167374934507 25.36
1832.4152 0.125162397353292 25.36
1832.7643 0.152668335486646 25.36
1833.1135 0.161117883064579 25.36
1833.4626 0.156634672615066 25.36
1833.8119 0.147099555497635 25.36
1834.161 0.12917351957891 25.36
1834.5101 0.201740069196002 25.36
1834.8594 0.225223944969557 25.36
1835.2085 0.174568052561995 25.36
1835.5577 0.158266659588531 25.36
1835.9069 0.104311657344147 25.36
1836.2561 0.103137448667391 25.36
1836.6052 0.164280046130089 25.36
1836.9545 0.142335405961358 25.36
1837.3036 0.188124850864088 25.36
1837.6527 0.126620675918224 25.36
1838.002 0.14131547747669 25.36
1838.3511 0.1425029907363 25.36
1838.7003 0.120706017708875 25.36
1839.0494 0.136067813899971 25.36
1839.3987 0.181202819029791 25.36
1839.7478 0.149043395319699 25.36
1840.097 0.166329662180982 25.36
1840.4462 0.194235880275614 25.36
1840.7953 0.141205130967611 25.36
1841.1445 0.179094335683415 25.36
1841.4937 0.216081261919025 25.36
1841.8429 0.165282342000796 25.36
1842.192 0.160702688711497 25.36
1842.5413 0.148191868117066 25.36
1842.8904 0.0797596775881772 25.36
1843.2396 0.13248799644906 25.36
1843.5887 0.200146047390601 25.36
1843.9379 0.179828540185428 25.36
1844.2871 0.0892163253718551 25.36
1844.6362 0.111218259111558 25.36
1844.9855 0.182450389300082 25.36
1845.3346 0.100482811229851 25.36
1845.6838 0.0570620663369693 25.36
1846.033 0.134862689813497 25.36
1846.3822 0.161047537699987 25.36
1846.7313 0.096822790932973 25.36
1847.0804 0.115829194699529 25.36
1847.4297 0.129152106467891 25.36
1847.7788 0.149090701364352 25.36
1848.1281 0.169650937425015 25.36
1848.4772 0.147186228461395 25.36
1848.8264 0.195598365219129 25.36
1849.1755 0.121624918769428 25.36
1849.5248 0.153926878456893 25.36
1849.8739 0.20087988124641 25.36
1850.2231 0.124748078533761 25.36
1850.5723 0.109455877268263 25.36
1850.9214 0.0755863702361589 25.36
1851.2706 0.0503338233627728 25.36
1851.6198 0 25.36
1851.969 0.03463138905014 25.36
1852.3181 0.0799890675206401 25.36
1852.6674 0.114568199378592 25.36
1853.0165 0.140578983106604 25.36
1853.3657 0.100559041772337 25.36
1853.7148 0.179470164002354 25.36
1854.064 0.10811367703835 25.36
1854.4132 0.0654310584043893 25.36
1854.7623 0.0616760948468935 25.36
1855.1116 0.0676931994090344 25.36
1855.4607 0.0851061327876537 25.36
1855.8099 0.15728680185743 25.36
1856.1591 0.108129170417482 25.36
1856.5083 0.0234056290121806 25.36
1856.8574 0.0552585050012837 25.36
1857.2065 0.082060292921035 25.36
1857.5558 0.00174718501159387 25.36
1857.9049 0 25.36
1858.2542 0 25.36
1858.6033 0.0486026684746354 25.36
1858.9525 0.0559931000505164 25.36
1859.3016 0.0273323837260756 25.36
1859.6509 0 25.36
1860 0 25.36
