3166.345	48
3166.6157	46.028572
3166.8877	46.518719
3167.1584	49.5
3167.4294	48.99015
3167.7014	49.028572
3167.9722	48.518719
3168.2429	49.99015
3168.5149	46.018719
3168.7856	55.028572
3169.0564	44.028572
3169.3284	50
3169.5991	56.5
3169.8696	49.518719
3170.1416	53.018719
3170.4124	46.49015
3170.6831	47.99015
3170.9548	52.018719
3171.2256	55.018719
3171.4961	58.518719
3171.7668	51.018719
3172.0388	57.518719
3172.3093	52.028572
3172.5798	55.018719
3172.8506	51.99015
3173.1223	49.028572
3173.3928	59.49015
3173.6633	51.518719
3173.9341	55.99015
3174.2058	52.99015
3174.4763	55.028572
3174.7468	55
3175.0173	60.99015
3175.2878	58.028572
3175.5583	58.518719
3175.8301	55
3176.1003	58.49015
3176.3708	61.49015
3176.6414	61
3176.9119	59.5
3177.1821	63.028572
3177.4539	64.028572
3177.7244	64.018723
3177.9946	65.990143
3178.2651	65.028572
3178.5354	58.518719
3178.8057	64.490143
3179.0762	60.99015
3179.3464	64.990143
3179.6167	68.018715
3179.887	62.028572
3180.1587	70.5
3180.429	62.518719
3180.6992	66.990143
3180.9695	64.018723
3181.2397	67.5
3181.51	60.028572
3181.7803	65.490143
3182.0505	69.990143
3182.3208	72.028572
3182.5908	62.49015
3182.8611	72.490143
3183.1313	70.490143
3183.4016	63.99015
3183.6716	64.518723
3183.9419	66.990143
3184.2119	70.028572
3184.4822	76.018715
3184.7522	68.990143
3185.0225	67.028572
3185.2925	74.028572
3185.5625	73.518715
3185.8315	74.490143
3186.1016	76.990143
3186.3716	75.990143
3186.6416	74
3186.9116	73.990143
3187.1816	79.990143
3187.4519	72.490143
3187.7219	78.990143
3187.9919	80.018715
3188.2617	76.028572
3188.5305	78.028572
3188.8005	82.990143
3189.0706	80.028572
3189.3406	80.028572
3189.6104	93.018715
3189.8804	87.5
3190.1504	85
3190.4189	83.018715
3190.689	85.028572
3190.9587	85
3191.2288	85.028572
3191.4985	89.990143
3191.7671	91.028572
3192.0369	83.028572
3192.3069	87.028572
3192.5767	96.018715
3192.8452	95.5
3193.115	90.028572
3193.3848	92.028572
3193.6548	99.990143
3193.9231	96.028572
3194.1929	96.028572
3194.4626	105.49014
3194.7324	102.49014
3195.001	103.99014
3195.2708	102
3195.5405	98.018715
3195.8088	105.02857
3196.0786	103
3196.3484	101.49014
3196.6167	111.02857
3196.8865	110.01871
3197.156	114.01871
3197.4246	110.02857
3197.6941	122.01871
3197.9639	106.99014
3198.2322	112.99014
3198.5017	115.5
3198.7712	117.02857
3199.0398	119.01871
3199.3093	126.02857
3199.5776	128.5
3199.8472	120.51871
3200.1167	127
3200.385	134.5
3200.6545	129.5
3200.9229	136.49014
3201.1924	140.99014
3201.4604	137.02856
3201.73	128.99014
3201.9995	150.02856
3202.2678	154.51872
3202.5371	142.49014
3202.8054	147.01872
3203.075	147.5
3203.343	148.02856
3203.6125	160
3203.8806	159.02856
3204.1499	170.51872
3204.4182	158.5
3204.6875	162.51872
3204.9556	174.02856
3205.2251	176.02856
3205.4932	177.99014
3205.7625	184.49014
3206.0305	183
3206.2986	187.5
3206.5679	188.02856
3206.8359	190
3207.1052	203
3207.3733	217
3207.6414	215.99014
3207.9106	214.5
3208.1785	221.99014
3208.4478	243.51872
3208.7158	237.02856
3208.9836	231.5
3209.2529	230.02856
3209.5208	244.02856
3209.79	261.99014
3210.0579	263.99014
3210.3259	270.02856
3210.595	263.02856
3210.863	301.01871
3211.1309	304.99014
3211.3987	310.99014
3211.6677	324.02856
3211.9358	329.02856
3212.2036	344.99014
3212.4727	350.5
3212.7405	372.01871
3213.0083	369.02856
3213.2773	403
3213.5452	407
3213.813	432.01871
3214.0806	464.5
3214.3496	476.49014
3214.6174	498.49014
3214.8853	510
3215.1528	550.02856
3215.4207	545.02856
3215.6897	572.02856
3215.9573	587.02856
3216.2251	632.02856
3216.4927	659.99011
3216.7603	687.99011
3217.0293	723.51874
3217.2969	766.02856
3217.5647	787.49011
3217.8323	830.5
3218.0999	880.02856
3218.3674	896.51874
3218.6362	989.49011
3218.9038	1008.4901
3219.1714	1053.5
3219.439	1109.0286
3219.7065	1184.5188
3219.9741	1232.9902
3220.2417	1266.0286
3220.5093	1323
3220.7769	1386.4902
3221.0442	1491
3221.313	1563.4902
3221.5806	1641.9902
3221.8481	1689.4902
3222.1155	1763.0286
3222.3831	1810.5188
3222.6504	1849.0188
3222.918	1921
3223.1853	2034.5
3223.4526	2100.0286
3223.7202	2110.0286
3223.9875	2188.4902
3224.2549	2242.0286
3224.5222	2246.4902
3224.7898	2352.5
3225.0571	2305.0286
3225.3245	2345.0286
3225.5918	2380.0286
3225.8591	2391.0188
3226.1265	2408.0286
3226.3938	2426.4902
3226.6611	2429.5
3226.9282	2403.0286
3227.1943	2357.0188
3227.4617	2336.0286
3227.7288	2361.0286
3227.9961	2332.9902
3228.2634	2246
3228.5305	2204.0286
3228.7979	2184.0286
3229.0649	2131.4902
3229.3323	2134.9902
3229.5981	2072.5188
3229.8655	2007.5
3230.1326	1933.9902
3230.3997	1868.0286
3230.6667	1828.0188
3230.9341	1802.9902
3231.2012	1752.4902
3231.467	1707.9902
3231.7341	1648.0188
3232.0012	1614.4902
3232.2683	1575
3232.5354	1553.0188
3232.8013	1490.9902
3233.0684	1416.0188
3233.3354	1417.0286
3233.6023	1379.4902
3233.8682	1327.0286
3234.1353	1303.0286
3234.4021	1301.4902
3234.6692	1229.4902
3234.9351	1215
3235.2019	1173.0286
3235.469	1184
3235.7358	1146.0286
3236.0015	1148.9902
3236.2686	1100.0286
3236.5354	1096.0286
3236.801	1087.9902
3237.0681	1079.0286
3237.335	1062.0286
3237.6006	1069.0286
3237.8674	1050.0286
3238.1343	1028.5187
3238.3999	1010.4901
3238.6667	998.99011
3238.9336	982.99011
3239.1992	988.02856
3239.4661	1007.0286
3239.7329	1019.4901
3239.9985	1001.0286
3240.2651	981.02856
3240.5308	1022.0286
3240.7976	1028.9902
3241.0642	1034.4902
3241.3298	1037.5188
3241.5967	1014.5
3241.8621	1062.0286
3242.1287	1078
3242.3943	1071.0286
3242.6609	1115.4902
3242.9263	1101.0286
3243.1931	1158.0286
3243.4585	1166.4902
3243.7251	1210.0286
3243.9919	1225.0188
3244.2573	1260.0286
3244.5239	1264
3244.7893	1317
3245.0547	1342.0286
3245.3213	1385.0286
3245.5867	1473.9902
3245.853	1523.9902
3246.1184	1566.4902
3246.385	1591.9902
3246.6504	1650
3246.917	1673.0286
3247.1821	1766.9902
3247.4487	1811.4902
3247.7139	1879.0286
3247.9792	1964.5
3248.2456	2025.4902
3248.511	2084.5
3248.7773	2202.0286
3249.0427	2285.0286
3249.3079	2364.9902
3249.5742	2451.9902
3249.8396	2528.0286
3250.1047	2612.0286
3250.3711	2714.0286
3250.6362	2833.4902
3250.9014	2892.0286
3251.1677	2987.9902
3251.4329	3080.5
3251.698	3171.4902
3251.9644	3223.5188
3252.2295	3322.5
3252.4946	3435.0286
3252.761	3483.0286
3253.0259	3530.0286
3253.291	3620.5
3253.5562	3699.4902
3253.8223	3821.4902
3254.0874	3865
3254.3525	3853
3254.6187	3844.9902
3254.8838	3894.0188
3255.1487	3892.0286
3255.4136	3933.4902
3255.6787	3958.5
3255.9448	3903.5
3256.2097	3868.0286
3256.4749	3822.4902
3256.7397	3822.4902
3257.0046	3764.5
3257.2708	3771.0188
3257.5356	3690.0286
3257.8005	3575.0286
3258.0654	3558.9902
3258.3303	3469.9902
3258.5952	3454.4902
3258.8613	3382.0286
3259.1262	3332.5188
3259.3909	3198.0188
3259.6558	3110.5188
3259.9207	3060.9902
3260.1853	3027.5188
3260.4502	2930.4902
3260.7151	2869.0286
3260.9797	2727.0188
3261.2446	2636.5188
3261.5105	2575
3261.7751	2563.0188
3262.04	2502.9902
3262.3047	2385.0188
3262.5693	2362.5188
3262.8342	2275.5188
3263.0989	2203.4902
3263.3635	2139.9902
3263.6282	2067.0286
3263.8928	2032.9901
3264.1575	1966.9902
3264.4221	1889.5
3264.6868	1809.0286
3264.9514	1765.9902
3265.2161	1699.0188
3265.4807	1693.4902
3265.7454	1620.0286
3266.0098	1515.0286
3266.2744	1519.0286
3266.5391	1495.5188
3266.8035	1447.9902
3267.0669	1429.0286
3267.3313	1367.0188
3267.5959	1300.9902
3267.8604	1277.4902
3268.125	1260.4902
3268.3894	1211.9902
3268.6541	1190.4902
3268.9185	1151.4902
3269.1829	1079.4902
3269.4473	1066.5
3269.7104	1046.0188
3269.9751	1015.5187
3270.2395	987
3270.5039	950.02856
3270.7683	925.5
3271.0327	889.01874
3271.2959	897.51874
3271.5603	863.02856
3271.8245	849.02856
3272.0889	824.49011
3272.3533	766.49011
3272.6177	742.02856
3272.8806	750
3273.145	729.51874
3273.4094	700.99011
3273.6736	693.99011
3273.9368	672.51874
3274.2009	654.5
3274.4653	658.02856
3274.7295	631.02856
3274.9924	626.02856
3275.2568	590.02856
3275.521	592.51874
3275.7839	544.02856
3276.0481	556.02856
3276.3125	553.49011
3276.5767	526.02856
3276.8396	534.02856
3277.1038	519.49011
3277.3679	498.01871
3277.6309	489.49014
3277.895	479.49014
3278.1592	466.01871
3278.4219	461.01871
3278.686	471.49014
3278.949	446.02856
3279.2131	445.99014
3279.4771	450.49014
3279.74	436.49014
3280.0042	412.02856
3280.2681	398.51871
3280.531	393.02856
3280.7949	374.49014
3281.0576	378.01871
3281.3218	379.01871
3281.5845	382.99014
3281.8486	350.02856
3282.1113	364.99014
3282.3752	350.5
3282.6392	353
3282.9019	332.02856
3283.1658	340
3283.4285	325
3283.6926	301.02856
3283.9551	322.5
3284.219	319
3284.4817	314.02856
3284.7456	319.99014
3285.0083	297.49014
3285.2722	294.99014
3285.5349	273.02856
3285.7974	277.51871
3286.0613	260.02856
3286.3237	289
3286.5876	270.5
3286.8503	263.02856
3287.114	268.02856
3287.3767	263.49014
3287.6392	260
3287.9028	257.01871
3288.1655	252.99014
3288.4292	252.02856
3288.6917	248.5
3288.9541	230.49014
3289.218	231.49014
3289.4805	230.02856
3289.7429	232
3290.0066	216.49014
3290.269	215.02856
3290.5327	223.51872
3290.7952	227.01872
3291.0576	212.49014
3291.3198	223.99014
3291.5835	209
3291.8459	212.99014
3292.1084	203.49014
3292.3721	197.02856
3292.6343	196.02856
3292.8967	203
3293.1589	204.02856
3293.4226	187.01872
3293.6848	200
3293.9473	192.02856
3294.2095	185.02856
3294.4731	191.99014
3294.7354	182.01872
3294.9976	187.51872
3295.2598	191
3295.5234	190
3295.7856	186.99014
3296.0479	173.02856
3296.3101	173.51872
3296.5723	180.99014
3296.8345	154.02856
3297.0979	165.02856
3297.3601	170.99014
3297.6223	166.49014
3297.8845	148.02856
3298.1465	150.02856
3298.4087	161.49014
3298.6709	154.99014
3298.9343	160.02856
3299.1963	161.02856
3299.4585	159.02856
3299.7205	149.02856
3299.9827	146.02856
3300.2446	140.02856
3300.5068	157.99014
3300.7688	151.02856
3301.031	155.49014
3301.293	149.49014
3301.5549	138.49014
3301.8169	135.02856
3302.0791	139.49014
3302.3423	132.02856
3302.6042	139.99014
3302.8662	137.49014
3303.1282	137.49014
3303.3901	132.99014
3303.6521	125.02857
3303.9141	132.49014
3304.176	126.02857
3304.4368	136.02856
3304.6985	131.5
3304.9604	139.01872
3305.2224	140.01872
3305.4844	132
3305.7461	136.02856
3306.0081	132.5
3306.2698	127.99014
3306.5317	117.02857
3306.7935	127
3307.0554	126
3307.3171	125.99014
3307.5791	125.01871
3307.8408	114.02857
3308.1013	126.01871
3308.363	111.5
3308.625	102.02857
3308.8867	120.01871
3309.1484	118.51871
3309.4102	117.51871
3309.6719	114
3309.9324	122.99014
3310.1941	106.99014
3310.4558	112
3310.7175	101.02857
3310.9792	105.01871
3311.2395	104.02857
3311.5012	112.01871
3311.7629	106
3312.0247	111.49014
3312.2861	97.028572
3312.5466	112.5
3312.8081	110.5
3313.0698	112.99014
3313.3313	108.02857
3313.5918	110
3313.8533	103.02857
3314.115	109.99014
3314.3752	110.49014
3314.6367	109.49014
3314.8982	102.51871
3315.1599	103.99014
3315.4202	96.990143
3315.6816	94.990143
3315.9431	105.99014
3316.2034	100.02857
3316.4648	102.51871
3316.7263	103.01871
3316.9866	109.99014
3317.248	108.02857
3317.5095	101.02857
3317.7695	104.99014
3318.031	91.518715
3318.2913	101.02857
3318.5527	102.02857
3318.814	113.49014
3319.0742	103.51871
3319.3354	101.01871
3319.5957	103.49014
3319.8569	103
3320.1184	107
3320.3784	102.51871
3320.6399	103.02857
3320.8999	102.02857
3321.1611	101.02857
3321.4214	105.51871
3321.6826	102.99014
3321.9426	90.028572
3322.2039	101.49014
3322.4639	93.990143
3322.7251	96
3322.9851	94.028572
3323.2463	99.028572
3323.5063	104.02857
3323.7676	97.028572
3324.0276	97.990143
3324.2888	104.49014
3324.5486	99.490143
3324.8098	98.5
3325.0698	106.01871
3325.3296	100.02857
3325.5908	102.49014
3325.8508	92.490143
3326.1118	92.028572
3326.3718	105.49014
3326.6316	106.02857
3326.8928	93.490143
3327.1526	101.49014
3327.4136	112.02857
3327.6736	100.02857
3327.9333	99.990143
3328.1943	95.028572
3328.4541	95.490143
3328.7139	95.028572
3328.9751	90.990143
3329.2349	90.990143
3329.4946	98.518715
3329.7556	98.990143
3330.0154	93.028572
3330.2749	101.99014
3330.5359	98
3330.7957	103.51871
3331.0554	98.5
3331.3152	92.518715
3331.5759	96.028572
3331.8357	89.028572
3332.0955	92.490143
3332.355	94.490143
3332.616	93.028572
3332.8755	92.990143
3333.1353	95.018715
3333.3948	93.990143
3333.6558	87.028572
3333.9153	88.490143
3334.1748	89.990143
3334.4343	90.028572
3334.6941	88.028572
3334.9548	92.028572
3335.2144	94.018715
3335.4739	82.5
3335.7334	85.490143
3335.9929	82.028572
3336.2524	80.028572
3336.512	86.490143
3336.7727	88
3337.0322	91.490143
3337.2917	97.990143
3337.5513	82.028572
3337.8105	98.518715
3338.0701	89.490143
3338.3296	89.018715
3338.5891	83.5
3338.8484	84.028572
3339.1079	83.018715
3339.3672	87.990143
3339.6279	81.990143
3339.8872	79.028572
3340.1467	82.028572
3340.406	71.990143
3340.6653	81.990143
3340.9248	75.028572
3341.1841	87.028572
3341.4434	81.490143
3341.7026	94.990143
3341.9619	81.5
3342.2212	76.028572
3342.4807	85.490143
3342.74	81.028572
3342.999	86.028572
3343.2583	82.990143
3343.5164	81.490143
3343.7756	86.028572
3344.0349	78.518715
3344.2942	84
3344.5532	74.028572
3344.8125	78.990143
3345.0718	80.018715
3345.3308	82.990143
3345.5901	79.490143
3345.8494	89.490143
3346.1084	78.028572
3346.3665	69.028572
3346.6255	78.018715
3346.8845	78.518715
3347.1438	79.990143
3347.4028	75.028572
3347.6619	71.028572
3347.9211	77.518715
3348.179	74.018715
3348.438	69
3348.697	73
3348.9561	74.490143
3349.2151	76.490143
3349.4729	76
3349.7319	76.028572
3349.991	71.028572
3350.25	73.028572
3350.509	70.028572
3350.7668	73.018715
3351.0256	81.990143
3351.2847	76.990143
3351.5425	77.018715
3351.8013	67
3352.0603	76.490143
3352.3193	73.490143
3352.5769	76.018715
3352.8359	69.5
3353.0947	72.018715
3353.3523	69.990143
3353.6113	68.990143
3353.8701	71.028572
3354.1277	70.990143
3354.3867	75.018715
3354.6455	72.490143
3354.9031	76.990143
3355.1619	71.028572
3355.4207	68.028572
3355.6782	67
3355.937	73
3356.196	78.490143
3356.4534	79.518715
3356.7122	73.490143
3356.9697	73.028572
3357.2285	72.028572
3357.4873	72.990143
3357.7449	74.490143
3358.0034	67.518715
3358.261	71.518715
3358.5198	70
3358.7771	65.028572
3359.0359	74.490143
3359.2932	73.490143
3359.552	77.990143
3359.8093	76.028572
3360.0681	70.028572
3360.3254	74.028572
3360.584	74
3360.8416	68.990143
3361.1001	65
3361.3574	71
3361.616	73.518715
3361.8733	72.028572
3362.1318	72.018715
3362.3892	77.990143
3362.6479	76.028572
3362.905	63.028572
3363.1624	69.990143
3363.4209	77.018715
3363.6782	77.028572
3363.9368	75.990143
3364.1941	73.518715
3364.4514	75
3364.7097	68.028572
3364.967	71.490143
3365.2256	68.028572
3365.4827	72.018715
3365.74	74.028572
3365.9983	77.518715
3366.2556	78.028572
3366.5127	78.028572
3366.7712	77.5
3367.0283	76.490143
3367.2854	81
3367.5439	81.028572
3367.801	75.028572
3368.0581	80.490143
3368.3152	82.028572
3368.5735	80.990143
3368.8306	87.518715
3369.0876	87.490143
3369.3459	79.028572
3369.603	87.990143
3369.8601	80.028572
3370.1172	86.5
3370.3755	85.028572
3370.6326	83.990143
3370.8896	76.990143
3371.1465	84
3371.4036	87.028572
3371.6619	81.028572
3371.9187	85.490143
3372.1758	83.990143
3372.4329	77.028572
3372.6897	80.5
3372.9465	87.990143
3373.2048	92.490143
3373.4617	86.028572
3373.7188	86
3373.9756	84.490143
3374.2324	88.990143
3374.4895	82.028572
3374.7463	87
3375.0032	86.5
3375.2612	84.518715
3375.5181	86.028572
3375.7749	86.028572
3376.0317	82.490143
3376.2886	86.990143
3376.5454	71.028572
3376.8022	79.028572
3377.0591	83.018715
3377.3159	86.018715
3377.5725	85.518715
3377.8293	73
3378.0862	80.490143
3378.343	86.990143
3378.5996	74.490143
3378.8564	70.028572
3379.113	79.028572
3379.3699	81.518715
3379.6265	88.990143
3379.8833	74.028572
3380.1399	78.490143
3380.3965	78.518715
3380.6533	80.5
3380.9099	78.5
3381.1665	79.028572
3381.4233	75.990143
3381.6799	78
3381.9365	72.028572
3382.1931	72.990143
3382.4485	74.990143
3382.7051	69.028572
3382.9617	71.028572
3383.2183	70.5
3383.4749	67.99015
3383.7314	66.990143
3383.9878	76.518715
3384.2444	80.490143
3384.4998	70.490143
3384.7563	74.018715
3385.0127	73.5
3385.2693	72.018715
3385.5259	66.990143
3385.7822	69.490143
3386.0376	75.5
3386.2939	70.990143
3386.5505	72.490143
3386.8069	76.490143
3387.0632	72.518715
3387.3186	71.490143
3387.575	74
3387.8313	72.028572
3388.0876	75.990143
3388.343	65.028572
3388.5994	67.490143
3388.8557	62
3389.1121	72.028572
3389.3672	73.490143
3389.6235	61.99015
3389.8799	63.028572
3390.135	64.490143
3390.3914	68.990143
3390.6475	74.5
3390.9026	73.990143
3391.1589	72.018715
3391.4153	70.490143
3391.6702	60.028572
3391.9265	74.490143
3392.1829	66.028572
3392.4377	64.028572
3392.6941	69.5
3392.949	70.5
3393.2053	68
3393.4614	58.028572
3393.7163	53
3393.9727	70.518715
3394.2275	65.990143
3394.4836	73.5
3394.74	68
3394.9949	64.990143
3395.251	68.028572
3395.5059	67.028572
3395.762	67.49015
3396.0168	73.490143
3396.2729	69.990143
3396.5278	64
3396.7839	68.518715
3397.0388	70.028572
3397.2949	70.5
3397.5496	70.5
3397.8057	68.490143
3398.0605	73.028572
3398.3167	72.028572
3398.5713	64.490143
3398.8274	70.990143
3399.0823	68.028572
3399.3381	68.990143
3399.593	64.990143
3399.8477	73
3400.1035	74.028572
3400.3584	68.028572
3400.6143	70.990143
3400.8689	69.990143
3401.1238	68.518715
3401.3796	69.028572
3401.6343	73.990143
3401.8901	66.028572
3402.1448	70.518715
3402.3997	73.028572
3402.6555	77.5
3402.9102	68.028572
3403.1648	67.028572
3403.4207	68.028572
3403.675	72.490143
3403.9297	77
3404.1855	80.518715
3404.4402	93
3404.6948	75
3404.9504	77
3405.2051	84.018715
3405.4597	82.518715
3405.7141	81.028572
3405.97	86
3406.2244	86.018715
3406.479	89.490143
3406.7334	87.028572
3406.9893	86.490143
3407.2437	89.518715
3407.498	87.028572
3407.7527	82.028572
3408.0071	87.028572
3408.2627	90.518715
3408.5171	87.028572
3408.7715	89.990143
3409.0259	96.990143
3409.2805	97.490143
3409.5349	100.99014
3409.7905	100.02857
3410.0449	97.028572
3410.2991	94.028572
3410.5535	93.028572
3410.8079	96.990143
3411.0623	98.028572
3411.3167	101.02857
3411.5708	111.02857
3411.8264	95.990143
3412.0808	100.49014
3412.335	97.028572
3412.5894	108.49014
3412.8438	96.028572
3413.0979	99.028572
3413.3521	101.02857
3413.6064	106.02857
3413.8606	103.49014
3414.115	99.990143
3414.3691	105
3414.6233	97.028572
3414.8774	94.5
3415.1318	94.028572
3415.386	102.51871
3415.6401	101
3415.8943	104.02857
3416.1484	102.02857
3416.4026	102.99014
3416.6567	100.99014
3416.9109	94.028572
3417.165	105.02857
3417.4192	97.028572
3417.6733	100.02857
3417.9272	102.02857
3418.1814	102.99014
3418.4355	103.49014
3418.6885	101.02857
3418.9424	99.990143
3419.1965	94
3419.4504	83.518715
3419.7046	98.028572
3419.9585	101.02857
3420.2126	97.990143
3420.4666	87.028572
3420.7195	93.490143
3420.9734	95.490143
3421.2273	88.490143
3421.4814	90.018715
3421.7354	86.5
3421.9893	83.028572
3422.2419	88
3422.4958	80.518715
3422.7498	79.028572
3423.0037	84.990143
3423.2576	83.490143
3423.5103	87.5
3423.7642	82.518715
3424.0181	82.5
3424.272	81.018715
3424.5247	79.990143
3424.7786	77.028572
3425.0322	75.028572
3425.2861	73.028572
3425.5388	77.518715
3425.7925	68.5
3426.0464	69.028572
3426.2988	78.018715
3426.5527	76.490143
3426.8064	79.490143
3427.0591	72.490143
3427.3127	71.028572
3427.5667	64.990143
3427.8191	69.028572
3428.0728	71.5
3428.3267	71.028572
3428.5791	72.028572
3428.8328	66.518715
3429.0852	68.490143
3429.3389	72.490143
3429.5925	73.990143
3429.845	71.5
3430.0986	69.018715
3430.3511	70.5
3430.6047	69.490143
3430.8584	65
3431.1108	69.028572
3431.3645	72.028572
3431.6167	72.490143
3431.8704	64
3432.1228	63.018719
