3268.9561	57.684235
3269.2217	61.748276
3269.4875	52
3269.7532	52.748276
3270.0188	57.684235
3270.2859	57.184235
3270.5515	55
3270.8171	52.248276
3271.0828	51.435959
3271.3484	58.748276
3271.614	52.684235
3271.8809	52.435959
3272.1465	63.684235
3272.4121	56.435959
3272.6777	58.435959
3272.9434	55
3273.209	65.5
3273.4744	64
3273.74	56.5
3274.0056	61.748276
3274.2725	65.184235
3274.5378	62.748276
3274.8035	54.5
3275.0688	50.435959
3275.3345	63.748276
3275.5999	52.748276
3275.8655	59.184235
3276.1309	60.748276
3276.3962	55.748276
3276.6619	57.748276
3276.9272	56.435959
3277.1926	61
3277.458	56
3277.7234	64.248276
3277.9888	54.435959
3278.2542	55.248276
3278.5195	50.5
3278.7849	56.435959
3279.0503	54.248276
3279.3157	55.248276
3279.5811	63.248276
3279.8464	64.248276
3280.1116	57.684235
3280.377	59.248276
3280.6423	58.748276
3280.9075	61.5
3281.1716	62.248276
3281.4368	51.435959
3281.7021	61.248276
3281.9673	60.248276
3282.2327	59.184235
3282.4978	61.435959
3282.7632	56
3283.0283	61.248276
3283.2935	57.684235
3283.5574	56.248276
3283.8225	62
3284.0879	61.435959
3284.353	63.248276
3284.6182	58.184235
3284.8833	55
3285.1472	57.748276
3285.4124	54.435959
3285.6772	56.184235
3285.9424	53.435959
3286.2075	61.748276
3286.4714	60.748276
3286.7366	56.684235
3287.0015	54
3287.2666	59.248276
3287.5303	59.184235
3287.7954	60.5
3288.0605	59.248276
3288.3254	56.748276
3288.5891	61.435959
3288.8542	63
3289.1191	59.684235
3289.3843	51.435959
3289.6479	58.184235
3289.9128	56.684235
3290.1777	57.748276
3290.4414	59.435959
3290.7063	58.748276
3290.9714	57.748276
3291.2349	60.748276
3291.4998	63.435959
3291.7646	63
3292.0283	54
3292.2932	60.184235
3292.5581	66.435959
3292.8218	61.5
3293.0867	54.748276
3293.3513	60
3293.615	64.684235
3293.8796	57.748276
3294.1433	56
3294.4082	58.435959
3294.6716	65.435959
3294.9363	60.5
3295.2012	58.748276
3295.4646	60.435959
3295.7295	61.248276
3295.9929	54.748276
3296.2576	62
3296.521	57.5
3296.7859	64.684235
3297.0493	51.435959
3297.314	65.435959
3297.5774	61.748276
3297.842	68.5
3298.1055	51.435959
3298.3701	61.248276
3298.6333	61.435959
3298.8979	69
3299.1614	63
3299.426	65.248276
3299.6895	73.5
3299.9539	69.248276
3300.2173	61.435959
3300.4819	66.248276
3300.7451	62.748276
3301.0098	61.248276
3301.2729	69.748276
3301.5364	60
3301.8008	65.5
3302.064	63.435959
3302.3286	67.248276
3302.5918	65.248276
3302.855	60.5
3303.1194	67.5
3303.3826	68.684235
3303.646	60.248276
3303.9104	58.748276
3304.1736	69.248276
3304.4368	66.748276
3304.7012	61.748276
3304.9641	57.435959
3305.2273	68.435959
3305.4917	69.435959
3305.7549	63.684235
3306.0181	66.184235
3306.2822	61.435959
3306.5454	66.5
3306.8086	63.248276
3307.0728	60.684235
3307.3359	71.748276
3307.5989	71
3307.8621	64.5
3308.1262	62.748276
3308.3894	69.248276
3308.6523	69.435959
3308.9153	72.248276
3309.1782	68.248276
3309.4426	66
3309.7056	70.748276
3309.9685	74.184235
3310.2314	69.5
3310.4944	68.748276
3310.7585	62.248276
3311.0215	66.5
3311.2844	64
3311.5474	71.184235
3311.8103	72
3312.0732	67.435959
3312.3372	65.435959
3312.6001	73.684235
3312.863	68.435959
3313.126	65.748276
3313.3887	64.435959
3313.6516	71.748276
3313.9143	72.5
3314.1772	71.5
3314.4412	63.684235
3314.7041	70.248276
3314.9668	74
3315.2295	71.5
3315.4924	62
3315.7551	74.748276
3316.0178	79.5
3316.2805	78.184235
3316.5432	70.748276
3316.8059	77.748276
3317.0686	80.5
3317.3313	77.5
3317.594	75.684235
3317.8567	76.684235
3318.1194	77
3318.3821	74.248276
3318.6448	78.5
3318.9075	71.748276
3319.1699	77.435959
3319.4326	74.684235
3319.6953	67.248276
3319.9578	82.435959
3320.2205	73
3320.4829	79.248276
3320.7456	79.248276
3321.0081	79.435959
3321.2708	81.248276
3321.5332	82.748276
3321.7944	80.684235
3322.0571	82.748276
3322.3196	77.435959
3322.582	83
3322.8445	86.248276
3323.1072	85.435959
3323.3696	85.435959
3323.6321	80
3323.8933	88.435959
3324.1558	80.184235
3324.4182	88.435959
3324.6804	78.435959
3324.9429	79.435959
3325.2053	90.184235
3325.4666	85.748276
3325.729	85.435959
3325.9912	79.748276
3326.2537	88.435959
3326.5161	95.435959
3326.7771	87.748276
3327.0396	89.748276
3327.3018	88.5
3327.5642	96.435959
3327.8252	94.248276
3328.0874	95.248276
3328.3499	86.5
3328.6121	87.435959
3328.873	89.5
3329.1353	96.748276
3329.3975	97.435959
3329.6599	97.748276
3329.9209	105.43596
3330.1831	100.74828
3330.4453	96.435959
3330.7063	100.43596
3330.9685	100.74828
3331.2307	107.74828
3331.4915	105.43596
3331.7537	96.435959
3332.0159	108.74828
3332.2769	110.68423
3332.5388	117.43596
3332.7998	102.43596
3333.062	112.24828
3333.324	117.74828
3333.585	111.43596
3333.8469	109.43596
3334.1091	118.18423
3334.3699	114.24828
3334.6318	125.68423
3334.8928	114
3335.1548	125.43596
3335.4155	129.43596
3335.6775	121.43596
3335.9397	120.43596
3336.2004	130.74828
3336.4624	124.43596
3336.7231	142.74828
3336.9851	131
3337.2458	139.5
3337.5078	150.24828
3337.7686	151.68423
3338.0303	154.43596
3338.291	159.74828
3338.553	161.18423
3338.8137	168.68423
3339.0754	158.43596
3339.3362	163.74828
3339.5969	171.43596
3339.8586	159.74828
3340.1194	160
3340.3811	175.74828
3340.6418	176.24828
3340.9036	190.74828
3341.1643	184
3341.4248	193.5
3341.6865	193.43596
3341.947	195.74828
3342.209	209.43596
3342.4695	225.43596
3342.73	216.24828
3342.9917	214.43596
3343.2522	233.68423
3343.5139	229.43596
3343.7744	244.5
3344.0349	243.43596
3344.2966	252.43596
3344.5571	257
3344.8176	258
3345.0791	265.24829
3345.3396	276.5
3345.6001	278.68423
3345.8604	277.43597
3346.1221	280.43597
3346.3826	297.18423
3346.6428	300.43597
3346.9045	310.74829
3347.1648	309.68423
3347.425	321.18423
3347.6855	327.24829
3347.947	324.43597
3348.2075	357.24829
3348.4678	353.24829
3348.728	370.24829
3348.9883	361.43597
3349.2498	372.43597
3349.51	381.18423
3349.7703	400.68423
3350.0305	396.5
3350.2908	410.43597
3350.5522	433.68423
3350.8125	433.18423
3351.0728	449.5
3351.333	445.74829
3351.5933	453.43597
3351.8535	489.43597
3352.1135	517.43597
3352.375	506.5
3352.6353	516.18427
3352.8953	505.74829
3353.1555	530.74829
3353.4155	549.43597
3353.6758	576.74829
3353.9358	597.43597
3354.1958	603.18427
3354.4561	612.43597
3354.7161	646.43597
3354.9773	638.74829
3355.2375	673.43597
3355.4976	704
3355.7576	694.43597
3356.0176	723.68427
3356.2776	739.74829
3356.5376	756.74829
3356.7976	773.43597
3357.0576	802.68427
3357.3176	796.68427
3357.5776	835.18427
3357.8376	860.5
3358.0977	882.24829
3358.3574	887.24829
3358.6174	913.43597
3358.8774	914.43597
3359.1372	943.68427
3359.3972	1009.6843
3359.656	1035.2483
3359.9158	1051.4359
3360.1758	1043.5
3360.4355	1054.7483
3360.6953	1082.2483
3360.9553	1089.2483
3361.2151	1137.7483
3361.4749	1132.4359
3361.7349	1169.2483
3361.9946	1182.4359
3362.2544	1185.7483
3362.5129	1208.6842
3362.7727	1194.4359
3363.0325	1215
3363.2922	1255.1842
3363.552	1223.4359
3363.8118	1257.1842
3364.0703	1245.6842
3364.3301	1285.1842
3364.5898	1285.4359
3364.8496	1316.4359
3365.1091	1312.5
3365.3677	1313.2483
3365.6274	1300.4359
3365.887	1304.4359
3366.1467	1359.7483
3366.4065	1345.7483
3366.6648	1361.4359
3366.9246	1327.4359
3367.1841	1352.5
3367.4436	1344.2483
3367.7021	1369.2483
3367.9617	1361.4359
3368.2212	1346.5
3368.4795	1349.2483
3368.7393	1317.4359
3368.9988	1309.4359
3369.2583	1339.7483
3369.5166	1358.6842
3369.7761	1357.7483
3370.0356	1342
3370.2939	1343.7483
3370.5535	1335.5
3370.813	1339.1842
3371.0713	1321.1842
3371.3306	1301.2483
3371.5889	1287.4359
3371.8484	1301.6842
3372.1079	1281
3372.366	1252.7483
3372.6255	1237.4359
3372.8848	1233.4359
3373.1431	1229.4359
3373.4023	1211
3373.6606	1171.6842
3373.9199	1161.4359
3374.1782	1147.7483
3374.4375	1168
3374.6968	1141.7483
3374.9551	1134.6842
3375.2144	1109.2483
3375.4724	1056.4359
3375.7317	1072.6842
3375.9897	1045
3376.249	1060.7483
3376.5071	1019.436
3376.7664	1024.7483
3377.0244	1004.7483
3377.2837	987.43597
3377.5417	975.43597
3377.801	987.43597
3378.0591	973.5
3378.3181	966.18427
3378.5762	939.68427
3378.8342	934.5
3379.0933	971.74829
3379.3513	924
3379.6106	922.43597
3379.8684	933.5
3380.1277	945.18427
3380.3855	933.74829
3380.6433	905.43597
3380.9026	920.43597
3381.1604	935.43597
3381.4182	958.43597
3381.6775	934.5
3381.9353	939.74829
3382.1943	963.43597
3382.4521	990.43597
3382.71	987.18427
3382.969	985.74829
3383.2268	991.5
3383.4846	996.24829
3383.7437	1035.7483
3384.0015	1024.4359
3384.2593	1059.2483
3384.5171	1087.4359
3384.7761	1064.6842
3385.0337	1066.4359
3385.2915	1137.7483
3385.5505	1119
3385.8081	1144.4359
3386.0659	1149.4359
3386.3235	1177.1842
3386.5825	1213.7483
3386.8401	1239.4359
3387.0979	1278.1842
3387.3555	1292.7483
3387.6133	1314.4359
3387.8721	1368.4359
3388.1296	1404.4359
3388.3872	1398.4359
3388.645	1429.2483
3388.9026	1502.6842
3389.1614	1528.4359
3389.4189	1483.4359
3389.6765	1526.4359
3389.9341	1573.4359
3390.1917	1594.2483
3390.4492	1637.4359
3390.7068	1702.2483
3390.9656	1694.7483
3391.2229	1701.4359
3391.4805	1752.6842
3391.738	1771.6842
3391.9956	1801.2483
3392.2529	1808.4359
3392.5105	1825.1842
3392.7678	1861.4359
3393.0254	1900.4359
3393.283	1888.4359
3393.5403	1910
3393.7976	1967.6842
3394.0564	1997.2483
3394.3137	2025.6842
3394.571	1993.4359
3394.8286	2019.4359
3395.0859	2053.436
3395.3433	2062.436
3395.6006	2118.5
3395.8579	2129.7483
3396.1155	2129.2483
3396.3728	2141.436
3396.6301	2183.436
3396.8875	2155.436
3397.1445	2186.2483
3397.4006	2183.436
3397.658	2200.436
3397.9153	2221.436
3398.1726	2241.7483
3398.4299	2242.436
3398.687	2234
3398.9443	2230.2483
3399.2017	2216.7483
3399.4587	2269.2483
3399.7161	2262.2483
3399.9731	2258.436
3400.2305	2230.2483
3400.4863	2274.7483
3400.7434	2248.2483
3401.0007	2197.6843
3401.2578	2234.1843
3401.5149	2220.5
3401.7722	2214.436
3402.0281	2254
3402.2852	2213.6843
3402.5422	2202.2483
3402.7993	2142.6843
3403.0564	2167.7483
3403.3135	2153.5
3403.5693	2151
3403.8264	2133.436
3404.0835	2122
3404.3406	2106
3404.5964	2063.436
3404.8533	2102.1843
3405.1104	2077.1843
3405.3674	2064.436
3405.623	2041.4359
3405.8801	2020.6842
3406.1372	1974.4359
3406.394	1968.6842
3406.6499	1943.1842
3406.9067	1933.2483
3407.1638	1962.7483
3407.4194	1899.4359
3407.6763	1892.5
3407.9333	1843.2483
3408.189	1862.6842
3408.4458	1872.7483
3408.7026	1840.4359
3408.9585	1781.6842
3409.2153	1774.6842
3409.4722	1742.2483
3409.7278	1773.1842
3409.9846	1735.4359
3410.2402	1689.7483
3410.4971	1667.6842
3410.7539	1639.4359
3411.0095	1651.2483
3411.2661	1587
3411.5217	1576.4359
3411.7786	1559.4359
3412.0354	1550.1842
3412.2908	1496.7483
3412.5476	1468.4359
3412.803	1459.4359
3413.0598	1427.4359
3413.3154	1455.6842
3413.572	1388.5
3413.8274	1403.1842
3414.0842	1379.6842
3414.3396	1345.6842
3414.5964	1345.4359
3414.8518	1306.4359
3415.1084	1276
3415.3638	1275.2483
3415.6204	1263.7483
3415.876	1201
3416.1326	1198
3416.3879	1202
3416.6445	1191.4359
3416.8999	1196.2483
3417.1553	1134.2483
3417.4119	1115.4359
3417.667	1086.4359
3417.9236	1103.4359
3418.179	1115.4359
3418.4343	1078.4359
3418.6909	1023.436
3418.946	1043
3419.2026	1007
3419.4578	1012.5
3419.7131	980.43597
3419.9697	990.18427
3420.2249	966.43597
3420.4802	955.68427
3420.7366	925.5
3420.9917	929
3421.2471	930.43597
3421.5034	920.18427
3421.7585	908.74829
3422.0137	883
3422.2703	866.18427
3422.5254	854.43597
3422.7805	874.43597
3423.0356	833.18427
3423.292	830.74829
3423.5471	777.43597
3423.8022	787.24829
3424.0574	779.74829
3424.3137	767.43597
3424.5688	755.43597
3424.8237	759.24829
3425.0789	761.24829
3425.3352	742
3425.5903	713.43597
3425.8452	703.43597
3426.1003	704.18427
3426.3552	687.24829
3426.6104	686.18427
3426.8665	688.43597
3427.1216	667.74829
3427.3765	675
3427.6316	655
3427.8865	656
3428.1414	631.74829
3428.3965	622
3428.6526	606.43597
3428.9075	595.24829
3429.1624	604.5
3429.4172	607.24829
3429.6724	596
3429.9272	567.43597
3430.1821	566
3430.437	588.43597
3430.6917	555.43597
3430.9465	565.43597
3431.2014	553.68427
3431.4563	555.74829
3431.7112	528.43597
3431.9673	529.18427
3432.2219	520.74829
3432.4768	524.68427
3432.7317	507.5
3432.9863	512.18427
3433.2412	485.43597
3433.4958	490.24829
3433.7507	504
3434.0042	494.43597
3434.259	470.43597
3434.5137	487.74829
3434.7683	467.68423
3435.0232	447.24829
3435.2778	447.43597
3435.5325	450.74829
3435.7871	439.43597
3436.0417	430.24829
3436.2966	452.43597
3436.5513	447.68423
3436.8059	433.5
3437.0605	432.43597
3437.3152	421.68423
3437.5686	419.68423
3437.823	422
3438.0776	408
3438.3323	407.18423
3438.5869	420.43597
3438.8416	387.74829
3439.0959	400.68423
3439.3494	387
3439.604	377.18423
3439.8584	372.24829
3440.113	375.74829
3440.3674	379.18423
3440.6208	380.5
3440.8752	379.24829
3441.1299	371
3441.3843	355.74829
3441.6387	343.68423
3441.8918	358.43597
3442.1465	342.74829
3442.4009	343
3442.6553	355.5
3442.9084	332.43597
3443.1628	341.43597
3443.4172	331.24829
3443.6704	338.5
3443.9248	328.68423
3444.1792	324.5
3444.4324	320.5
3444.6868	321.43597
3444.9412	318.74829
3445.1956	298.68423
3445.4487	313.5
3445.7029	307.43597
3445.9561	301.43597
3446.2104	298
3446.4646	297.68423
3446.7178	299.24829
3446.9719	288
3447.2263	290.43597
3447.4792	291.43597
3447.7336	277.24829
3447.9866	286.5
3448.2407	279.74829
3448.4951	289.74829
3448.748	287.24829
3449.0022	266.43597
3449.2551	275.24829
3449.5095	261.5
3449.7625	267.74829
3450.0166	277.5
3450.2695	255.43596
3450.5237	266.74829
3450.7766	245.74828
3451.0308	254.68423
3451.2849	253.43596
3451.5378	258.43597
3451.7905	253.43596
3452.0447	247.24828
3452.2976	251.43596
3452.5518	240.24828
3452.8044	234.43596
3453.0586	238.43596
3453.3115	238.24828
3453.5654	235.43596
3453.8184	233.24828
3454.0723	226.24828
3454.3252	229.18423
3454.5779	219.43596
3454.8318	230.74828
3455.0847	222.43596
3455.3386	224.43596
3455.5913	233.43596
3455.8442	203.24828
3456.0981	219.43596
3456.3508	227.43596
3456.6035	209.43596
3456.8574	205.68423
3457.1101	209.68423
3457.364	207.74828
3457.6167	200.24828
3457.8694	201.68423
3458.1221	217
3458.376	212.5
3458.6287	215.5
3458.8811	198.24828
3459.135	201.5
3459.3877	197.43596
3459.6404	191.24828
3459.8928	186.74828
3460.1467	189.74828
3460.3992	193.5
3460.6519	195.5
3460.9043	186.24828
3461.1582	191.43596
3461.4106	200.24828
3461.6633	181.43596
3461.9158	189.5
3462.1694	182.68423
3462.4221	184.43596
3462.6746	183.24828
3462.927	190.24828
3463.1794	175.43596
3463.4319	179.43596
3463.6855	182.74828
3463.938	173.43596
3464.1904	171.74828
3464.4429	160.43596
3464.6953	183.18423
3464.9478	171.18423
3465.2002	173.5
3465.4539	172.43596
3465.7063	162.74828
3465.9585	163.18423
3466.2109	164.43596
3466.4634	170.43596
3466.7156	164.24828
3466.968	171.68423
3467.2205	160.74828
3467.4727	167
3467.7251	165.43596
3467.9773	161.74828
3468.2297	150.74828
3468.4819	158.43596
3468.7341	152.24828
3468.9866	156.43596
3469.2388	156.43596
3469.491	156.24828
3469.7432	156.68423
3469.9954	145.74828
3470.2478	158.43596
3470.5	146.43596
3470.7522	159.74828
3471.0044	160.74828
3471.2566	154.43596
3471.5088	152.43596
3471.761	157.18423
3472.0129	155.24828
3472.2651	152.5
3472.5173	146.43596
3472.7695	155
3473.0217	159.74828
3473.2737	147.24828
3473.5259	145.18423
3473.7766	146.5
3474.0288	142
3474.281	141.18423
3474.533	149.24828
3474.7852	141.74828
3475.0371	127.74828
3475.2891	142.74828
3475.54	134.43596
3475.792	148.18423
3476.0439	135.74828
3476.2961	137.43596
3476.5481	140
3476.7988	137.5
3477.0508	131.5
3477.3027	138.74828
3477.5547	136
3477.8066	137.68423
3478.0574	140
3478.3093	137.68423
3478.5613	126.74828
3478.8132	133.43596
3479.064	137.68423
3479.3159	127.18423
3479.5676	129
3479.8196	133.24828
3480.0703	127.74828
3480.322	127.24828
3480.574	125.43596
3480.8247	129.74828
3481.0764	127.74828
3481.3284	122.43596
3481.5789	117.43596
3481.8308	119.74828
3482.0825	119.74828
3482.333	126
3482.585	122.43596
3482.8367	122
3483.0872	131.43596
3483.3389	125
3483.5896	117.43596
3483.8413	117.43596
3484.093	122.24828
3484.3435	119
3484.5952	122
3484.8457	118
3485.0974	123.74828
3485.3479	123.43596
3485.5996	118.24828
3485.8513	123.24828
3486.1016	113.43596
3486.3533	118.43596
3486.6038	111.43596
3486.8555	116.18423
3487.1057	117.24828
3487.3574	115.43596
3487.6079	112.68423
3487.8594	115.74828
3488.1099	108.43596
3488.3613	108.24828
3488.6118	111.68423
3488.8633	108.43596
3489.1135	110.43596
3489.364	114.24828
3489.6155	114.43596
3489.8657	108.24828
3490.1174	107.74828
3490.3677	115.74828
3490.6191	115
3490.8694	107.43596
3491.1196	111.74828
3491.3711	111.5
3491.6213	89.248276
3491.8728	96.5
3492.123	107.74828
3492.3733	95.748276
3492.6248	103.74828
3492.875	98.435959
3493.1252	98.248276
3493.3765	112.74828
3493.6267	103.43596
3493.877	104.43596
3494.1282	110
3494.3784	104.24828
3494.6287	88.435959
3494.8799	109.43596
3495.1301	93.748276
3495.3801	99.748276
3495.6304	102.43596
3495.8816	108
3496.1316	101.74828
3496.3818	105.5
3496.6318	100.43596
3496.8831	100.24828
3497.1331	104.24828
3497.3833	99.435959
3497.6333	102.5
3497.8833	100.24828
3498.1345	94.248276
3498.3845	96.435959
3498.6345	104.18423
3498.8845	90.435959
3499.1345	94.248276
3499.3857	91.748276
3499.6357	95.248276
3499.8855	93.248276
3500.1355	98.435959
3500.3855	103.18423
3500.6355	92.248276
3500.8853	91.248276
3501.1365	89.248276
3501.3865	80.435959
3501.6362	91.435959
3501.8862	95.435959
3502.136	98.248276
3502.386	99.248276
3502.6357	87.435959
3502.8855	92.748276
3503.1355	96.435959
3503.3853	95.248276
3503.635	94.435959
3503.885	91.684235
3504.1348	90.248276
3504.3845	91
3504.6343	81.435959
3504.884	87.748276
3505.1338	92.435959
3505.3835	89.248276
3505.6333	84.5
3505.8831	94.748276
3506.1328	94.748276
3506.3826	92.248276
3506.6323	88.248276
3506.8821	91.5
3507.1316	93.435959
3507.3813	92.748276
3507.6311	87.748276
3507.8809	85.435959
3508.1304	89.248276
3508.3801	89.184235
3508.6296	83.435959
3508.8794	95.748276
3509.1289	88.435959
3509.3774	87
3509.627	93.248276
3509.8767	94.5
3510.1262	88.748276
3510.3757	86.248276
3510.6255	90.748276
3510.875	87.184235
3511.1233	91.435959
3511.3728	88.248276
3511.6223	89.748276
3511.8718	88.435959
3512.1213	89.5
3512.3696	84.435959
3512.6191	85.184235
3512.8687	90.5
3513.1182	89.435959
3513.3677	89.248276
3513.616	94.248276
3513.8655	93.684235
3514.115	87.748276
3514.3643	89.248276
3514.6125	88.748276
3514.8621	92.248276
3515.1113	78.435959
3515.3596	90.748276
3515.6089	85.184235
3515.8584	88.184235
3516.1077	88.5
3516.356	82.5
3516.6052	85.435959
3516.8547	83.435959
3517.1028	91.748276
3517.3521	80.748276
3517.6016	80.748276
3517.8496	85.435959
3518.0989	91.184235
3518.3469	86.184235
3518.5962	78.5
3518.8455	86.248276
3519.0935	88.248276
3519.3428	86.248276
3519.5908	86.5
3519.8401	88.248276
3520.0894	87.684235
3520.3374	89.748276
3520.5867	90.5
3520.8347	94
3521.084	99.684235
3521.3318	93.5
3521.5811	89.748276
3521.8291	87.248276
3522.0781	92.248276
3522.3262	87.748276
3522.5752	90.748276
3522.8232	91.748276
3523.0723	91.248276
3523.3203	89.435959
3523.5693	84.248276
3523.8174	94.684235
3524.0664	91.435959
3524.3142	94.435959
3524.5635	92.684235
3524.8113	90.184235
3525.0603	93
3525.3081	82.248276
3525.5559	82.435959
3525.8049	90.435959
3526.0527	93.684235
3526.3018	98.184235
3526.5496	87.748276
3526.7974	92.748276
3527.0464	92.5
3527.2942	95.435959
3527.5432	88
3527.791	91.435959
3528.0388	91.684235
3528.2876	96.748276
3528.5354	96.748276
3528.7832	94.748276
3529.032	93.435959
3529.2798	95.435959
3529.5276	87.748276
