3063.7136	39.004433
3063.991	30.504433
3064.2668	40.35862
3064.5442	40.35862
3064.8201	35
3065.0972	31.358622
3065.373	36.504433
3065.6504	42.35862
3065.9263	37.504433
3066.2034	34.504433
3066.4792	32.5
3066.7563	31.358622
3067.0322	34.35862
3067.3093	33.004433
3067.5852	36.5
3067.8623	36
3068.1382	37.35862
3068.4153	42.004433
3068.6912	36.004433
3068.9668	33.35862
3069.2439	35.504433
3069.5195	33.35862
3069.7966	38.004433
3070.0725	38.5
3070.3481	39.35862
3070.6252	35.004433
3070.9009	35.504433
3071.1777	37
3071.4536	40
3071.7292	34
3072.0061	37.004433
3072.2817	42.004433
3072.5574	37.35862
3072.8345	35
3073.1099	35
3073.3855	37.004433
3073.6626	31.358622
3073.938	37.35862
3074.2136	36.35862
3074.4905	41.863052
3074.7661	33.5
3075.0415	38.004433
3075.3184	37.35862
3075.594	37
3075.8694	31.358622
3076.145	31.863054
3076.4219	40.504433
3076.6973	37.35862
3076.9727	30.358622
3077.2483	38.004433
3077.5249	40.504433
3077.8003	34.35862
3078.0759	37.504433
3078.3513	39.504433
3078.6267	33.35862
3078.9033	39.35862
3079.1787	38
3079.4541	38.35862
3079.7295	40.5
3080.0049	38.35862
3080.2815	38.363052
3080.5569	39.5
3080.832	39.363052
3081.1074	33.35862
3081.3828	31.863054
3081.658	39.35862
3081.9333	42.363052
3082.21	37.863052
3082.4851	42.504433
3082.7605	38.5
3083.0356	37.35862
3083.311	38
3083.5862	42.35862
3083.8613	36.5
3084.1365	36.863052
3084.4119	36.35862
3084.687	37.004433
3084.9622	40.35862
3085.2385	38.35862
3085.5137	36.35862
3085.7888	31.358622
3086.064	36.863052
3086.3391	38.363052
3086.6143	38.35862
3086.8894	35.35862
3087.1643	35.5
3087.4395	43.504433
3087.7146	33.504433
3087.9895	32.35862
3088.2646	33.35862
3088.5398	39.504433
3088.8147	37.5
3089.0898	31.358622
3089.3647	35.35862
3089.6384	40.35862
3089.9133	40
3090.1885	40.35862
3090.4634	37
3090.7383	38.35862
3091.0132	41.004433
3091.2881	39.863052
3091.5632	38.35862
3091.8381	39.35862
3092.113	39.004433
3092.3879	35.35862
3092.6626	40.5
3092.9363	36
3093.2112	41.863052
3093.4861	38.363052
3093.7607	41.504433
3094.0356	37.35862
3094.3105	37.863052
3094.584	38.504433
3094.8589	36.35862
3095.1335	44
3095.4084	38.863052
3095.6831	36.5
3095.958	35.35862
3096.2314	35.35862
3096.5061	40.504433
3096.7808	39.004433
3097.0554	35.35862
3097.3289	36.35862
3097.6038	40.35862
3097.8784	38.35862
3098.1531	38.504433
3098.4263	38
3098.7009	38.5
3098.9756	36.004433
3099.2502	43.35862
3099.5237	38.35862
3099.7983	39
3100.0728	35.863052
3100.3462	35.35862
3100.6208	44.35862
3100.8953	43.35862
3101.1699	39.004433
3101.4431	39.004433
3101.7178	42
3101.9922	36.35862
3102.2654	40.5
3102.54	41.35862
3102.8132	40.004433
3103.0876	46
3103.3621	43.35862
3103.6353	37.35862
3103.9097	32.35862
3104.1841	40.35862
3104.4573	42.363052
3104.7317	46
3105.0049	37
3105.2793	43
3105.5525	45.004433
3105.8267	44
3106.1011	40.504433
3106.3743	37.35862
3106.6487	41.004433
3106.9216	43.5
3107.196	37.35862
3107.469	38.004433
3107.7434	40.004433
3108.0164	37.35862
3108.2905	37.504433
3108.5637	41.35862
3108.8379	42
3109.1108	39
3109.385	40.004433
3109.658	45.004433
3109.9324	47.504433
3110.2053	41.004433
3110.4795	42.5
3110.7524	39.35862
3111.0266	44.35862
3111.2993	42.504433
3111.5723	36.004433
3111.8464	41
3112.1194	34.35862
3112.3936	40.863052
3112.6663	35.35862
3112.9404	42.5
3113.2131	41.35862
3113.4861	43.363052
3113.76	40.863052
3114.033	42.004433
3114.3057	43.35862
3114.5798	37.35862
3114.8525	37.35862
3115.1252	44.004433
3115.3992	47.863052
3115.6721	43.35862
3115.9448	38.35862
3116.2188	44.504433
3116.4915	50.504433
3116.7642	43.35862
3117.0381	34.35862
3117.3108	44.004433
3117.5835	48.35862
3117.8574	42.35862
3118.1299	33.35862
3118.4026	44.35862
3118.6753	48.35862
3118.949	39.35862
3119.2217	40.504433
3119.4941	46.504433
3119.7668	47.5
3120.0408	44.35862
3120.3132	39.35862
3120.5857	44.504433
3120.8584	48.004433
3121.1309	41
3121.4045	39.35862
3121.677	46.863052
3121.9497	46.504433
3122.2222	40.35862
3122.4946	41.5
3122.7683	43.35862
3123.0408	44.004433
3123.3132	47.35862
3123.5857	41
3123.8582	44.363052
3124.1304	48.35862
3124.4028	43.35862
3124.6753	41.35862
3124.949	46.35862
3125.2212	48.863052
3125.4937	40.35862
3125.7659	41.504433
3126.0383	41.504433
3126.3105	45.35862
3126.583	45.35862
3126.8552	39
3127.1277	48.35862
3127.3999	49.35862
3127.6721	49.504433
3127.9443	47.5
3128.2166	47.35862
3128.489	48.363052
3128.7612	49.35862
3129.0334	44.363052
3129.3057	47
3129.5779	47.35862
3129.8499	47.5
3130.1221	43
3130.3943	45.504433
3130.6665	52.363052
3130.9387	46.35862
3131.2107	43.35862
3131.4829	46
3131.7551	52.35862
3132.0271	42.35862
3132.2993	47.5
3132.5713	49
3132.8435	44.35862
3133.1155	46.863052
3133.3877	44.363052
3133.6597	45.35862
3133.9316	42.35862
3134.2024	52.004433
3134.4744	51
3134.7463	51.5
3135.0186	49.363052
3135.2905	50.363052
3135.5625	47.35862
3135.8345	49
3136.105	52.35862
3136.377	51.35862
3136.6489	47.35862
3136.9209	47.004433
3137.1929	47.35862
3137.4648	49.35862
3137.7354	48.35862
3138.0073	53.5
3138.2791	48.35862
3138.551	53.35862
3138.8228	50.504433
3139.0935	44.504433
3139.3652	52.35862
3139.637	53.35862
3139.9089	51.504433
3140.1794	50.863052
3140.4512	57.5
3140.7229	51.35862
3140.9949	56.863052
3141.2654	52.004433
3141.5371	57.863052
3141.8088	53.35862
3142.0793	61.504433
3142.3511	53.863052
3142.6226	57.504433
3142.8931	61.35862
3143.1648	53.504433
3143.4365	61.35862
3143.7068	51.35862
3143.9785	57
3144.2502	56.504433
3144.5205	52.35862
3144.7922	57.863052
3145.0637	60.35862
3145.3342	59.504433
3145.6057	55.5
3145.876	59.35862
3146.1477	59.35862
3146.4192	53.35862
3146.6895	57.35862
3146.9612	59.35862
3147.2314	61.35862
3147.5029	62.504433
3147.7732	61.5
3148.0447	55.35862
3148.3162	54.35862
3148.5864	57.863052
3148.8579	63
3149.1279	54.35862
3149.3994	60.35862
3149.6697	60.504433
3149.9412	61.004433
3150.2112	59.35862
3150.4827	63.35862
3150.7527	66.504433
3151.0242	61.504433
3151.2942	54.35862
3151.5657	60.5
3151.8357	53.35862
3152.106	62.504433
3152.3772	67.004433
3152.6472	67.504433
3152.9187	60.35862
3153.1887	65.35862
3153.46	66.35862
3153.73	70.5
3154	67.004433
3154.2712	69.504433
3154.5413	67.35862
3154.8125	66.5
3155.0825	76.363052
3155.3525	70
3155.6238	67.35862
3155.8936	75.004433
3156.1636	70.504433
3156.4348	70.5
3156.7046	73.5
3156.9758	71.504433
3157.2458	69.5
3157.5156	71.35862
3157.7854	67.863052
3158.0566	64.35862
3158.3264	76
3158.5964	71.004433
3158.8674	80.363052
3159.1372	77.35862
3159.407	77
3159.6768	75.004433
3159.948	73.363052
3160.2178	77.504433
3160.4875	91
3160.7573	81.004433
3161.0283	84.35862
3161.2981	80.35862
3161.5676	85
3161.8374	82.363052
3162.1084	88.35862
3162.3782	81
3162.6477	83.35862
3162.9175	78.35862
3163.1873	91.004433
3163.458	72.35862
3163.7278	77.35862
3163.9973	83.35862
3164.2671	82.35862
3164.5366	91.004433
3164.8062	86.35862
3165.0759	91.35862
3165.3467	91.504433
3165.6162	105.5
3165.8857	100.86305
3166.1555	88.35862
3166.425	99.35862
3166.6946	104.50443
3166.9641	95.35862
3167.2336	103
3167.5032	103.35862
3167.7725	102.00443
3168.042	106.00443
3168.3127	106.5
3168.5823	111.50443
3168.8518	105.00443
3169.1211	113.50443
3169.3906	118.35862
3169.6602	118.86305
3169.9294	117.00443
3170.199	113.00443
3170.4683	114.35862
3170.7375	111.35862
3171.0071	117
3171.2764	122.50443
3171.5457	116.35862
3171.8152	120.36305
3172.0845	129.00443
3172.3538	131.00443
3172.623	123.36305
3172.8911	134.35863
3173.1604	136.50443
3173.4297	134.35863
3173.699	130.35863
3173.9683	147.35863
3174.2375	149
3174.5068	150.36305
3174.7759	153.35863
3175.0452	152
3175.3145	156.35863
3175.5837	153.35863
3175.8516	158.35863
3176.1208	168.5
3176.3899	167
3176.6592	165.00443
3176.9282	177.50443
3177.1975	178.35863
3177.4653	184
3177.7344	174.50443
3178.0034	182
3178.2727	196.35863
3178.5417	204.50443
3178.8096	205.35863
3179.0786	199.35863
3179.3477	212.35863
3179.6167	224.00443
3179.8857	227.35863
3180.1536	217.35863
3180.4226	227.35863
3180.6917	234.36305
3180.9607	262.50446
3181.2283	261.00446
3181.4973	260.86307
3181.7664	281.00446
3182.0339	284.50446
3182.303	295.50446
3182.572	298.35861
3182.8408	293.35861
3183.1084	310
3183.3774	315
3183.6462	344.5
3183.9141	352.36307
3184.1829	347.5
3184.4517	368
3184.7192	375.5
3184.9883	406.00446
3185.2571	420.50446
3185.5247	402.35861
3185.7935	464.5
3186.061	473.00446
3186.3298	506
3186.5986	517.86304
3186.866	559.35864
3187.1348	565.5
3187.4023	572.35864
3187.6711	607.36304
3187.9399	674.35864
3188.2073	707.5
3188.4761	726.35864
3188.7434	764.86304
3189.0122	819.50439
3189.2795	836.35864
3189.5483	871.35864
3189.8157	944.35864
3190.0845	995.35864
3190.3518	1074.0044
3190.6204	1124.363
3190.8877	1151.3586
3191.1565	1270.5044
3191.4238	1335.0044
3191.6924	1415
3191.9597	1500.5
3192.2283	1567.3586
3192.4956	1681.3586
3192.7642	1753.3586
3193.0315	1863
3193.2988	1955.3586
3193.5674	2053.0044
3193.8345	2149
3194.103	2237.5
3194.3704	2304.863
3194.6387	2399.5044
3194.906	2474.0044
3195.1731	2548.3586
3195.4417	2614.5
3195.709	2661.3586
3195.9761	2619.5
3196.2444	2631.5
3196.5117	2680.363
3196.7788	2657.5044
3197.0471	2619.363
3197.3145	2582.0044
3197.5815	2506.5044
3197.8499	2455.5044
3198.1169	2400.863
3198.384	2359.5044
3198.6523	2220.3586
3198.9194	2157.5044
3199.1865	2085.5044
3199.4548	2014.0044
3199.7219	1913.3586
3199.9888	1894.5044
3200.2559	1779.3586
3200.5242	1721.5
3200.7913	1631.5
3201.0581	1574.3586
3201.3252	1534.363
3201.5935	1476.0044
3201.8604	1398.0044
3202.1272	1347.363
3202.3943	1306.0044
3202.6611	1246.5044
3202.9294	1211.5044
3203.1963	1169.0044
3203.4631	1113.0044
3203.73	1078.3586
3203.9971	1034.863
3204.2639	1005.363
3204.532	993.86304
3204.7988	979.00439
3205.0657	974.50439
3205.3325	938.35864
3205.5994	930.00439
3205.8662	902.86304
3206.1331	866.00439
3206.3997	861.5
3206.6677	838.35864
3206.9346	854.86304
3207.2014	830.86304
3207.468	814.35864
3207.7349	792.35864
3208.0015	784.35864
3208.2683	796.00439
3208.5349	783.50439
3208.8018	773
3209.0684	784.00439
3209.335	763.50439
3209.6018	778.86304
3209.8684	789
3210.135	788.50439
3210.4016	786.50439
3210.6685	780.35864
3210.9351	758.35864
3211.2017	823.35864
3211.4683	795.35864
3211.7349	802.35864
3212.0015	821.35864
3212.2681	825.50439
3212.5344	855.00439
3212.801	848.5
3213.0676	889.35864
3213.3342	890.35864
3213.6006	906.86304
3213.8672	939.86304
3214.1323	921.35864
3214.3989	982.35864
3214.6655	1028.3586
3214.9319	1018.3586
3215.1985	1065.3586
3215.4648	1065.3586
3215.7312	1117.3586
3215.9978	1134.3586
3216.2629	1238.3586
3216.5293	1268.3586
3216.7957	1292.3586
3217.062	1372.5
3217.3286	1394.3586
3217.595	1457.3586
3217.8599	1521.0044
3218.1262	1587
3218.3926	1633.5044
3218.6589	1729.863
3218.9253	1793.3586
3219.1904	1871.0044
3219.4568	1973.5
3219.7231	2065.3586
3219.9893	2140
3220.2544	2252.5044
3220.5205	2373.3586
3220.7869	2464.863
3221.0532	2581.863
3221.3181	2696.0044
3221.5842	2790.0044
3221.8506	2889.0044
3222.1167	3077.3586
3222.3816	3131.5044
3222.6479	3280.5044
3222.9141	3409.3586
3223.179	3486.5044
3223.4451	3616.5044
3223.7112	3698.863
3223.9761	3893.0044
3224.2424	3979.5
3224.5085	4008.3586
3224.7732	4058.863
3225.0393	4104.8628
3225.3042	4107.8628
3225.5703	4182.3628
3225.8364	4203.0044
3226.1011	4104.3584
3226.3672	4136.5044
3226.6321	4066
3226.8979	3959.5044
3227.1641	3936.5044
3227.4287	3904.863
3227.6948	3827.5044
3227.9595	3735
3228.2256	3596.5044
3228.4902	3490.0044
3228.7563	3398
3229.021	3313.5044
3229.2869	3251.5044
3229.5515	3127.3586
3229.8174	2955.3586
3230.082	2874.5
3230.3481	2783.0044
3230.6128	2691.3586
3230.8787	2595.5044
3231.1431	2500.5
3231.4089	2364.363
3231.6736	2278.363
3231.9395	2190.5044
3232.2041	2132.863
3232.47	2056.3586
3232.7344	1997.0044
3233.0002	1918.863
3233.2649	1803.5044
3233.5293	1745.363
3233.7952	1665
3234.0596	1632.5044
3234.3254	1570.363
3234.5898	1511.863
3234.8542	1452.5044
3235.1201	1393.3586
3235.3845	1354.5044
3235.6489	1327.5044
3235.9148	1240.3586
3236.1792	1248.363
3236.4436	1156.0044
3236.7092	1119.3586
3236.9736	1086.0044
3237.238	1056.3586
3237.5037	1032.3586
3237.7681	993.35864
3238.0325	977.50439
3238.2981	963.35864
3238.5623	909.50439
3238.8267	871.00439
3239.0911	843.86304
3239.3567	805.50439
3239.6208	795
3239.8853	757.00439
3240.1494	758.5
3240.415	724.00439
3240.6792	707.50439
3240.9436	667.35864
3241.2078	659.5
3241.4731	642.36304
3241.7375	613.35864
3242.0017	619.35864
3242.2659	595.00439
3242.53	580.35864
3242.7942	572.50439
3243.0598	567
3243.324	552.00439
3243.5881	521.50439
3243.8523	500.00446
3244.1165	489.35861
3244.3804	487.50446
3244.6445	475.00446
3244.9099	465.36307
3245.1741	471.00446
3245.4382	450.36307
3245.7021	424.00446
3245.9663	423.00446
3246.2305	429.50446
3246.4944	417.50446
3246.7585	392.86307
3247.0225	401.86307
3247.2866	394.00446
3247.5505	371.5
3247.8145	368.36307
3248.0786	366.36307
3248.3425	357.35861
3248.6064	360.86307
3248.8718	347.5
3249.1357	348.5
3249.3997	332.00446
3249.6636	321.35861
3249.9263	324.00446
3250.1902	327
3250.4541	335.50446
3250.718	307.00446
3250.9819	305
3251.2456	294
3251.5095	283.86307
3251.7734	297.36307
3252.0374	283.50446
3252.301	286.35861
3252.5649	271.35861
3252.8289	267.35861
3253.0925	241.35863
3253.3564	263.86307
3253.6201	257.00443
3253.8826	251.35863
3254.1465	256.35861
3254.4102	242.50443
3254.6741	245
3254.9377	239.86305
3255.2014	228.35863
3255.4651	225.35863
3255.7275	227
3255.9912	222
3256.2551	228.00443
3256.5188	225.35863
3256.7825	228.50443
3257.0461	217.50443
3257.3083	211.36305
3257.572	210.36305
3257.8357	215.50443
3258.0994	207.35863
3258.3616	210.5
3258.6252	199.35863
3258.8889	213.5
3259.1526	185.50443
3259.4148	192.86305
3259.6785	184.35863
3259.9419	192.35863
3260.2056	189.35863
3260.4678	178
3260.7312	183.5
3260.9949	193.35863
3261.2571	170.00443
3261.5205	186
3261.7839	168.35863
3262.0464	173
3262.3098	176.86305
3262.5732	166.35863
3262.8354	169.35863
3263.0989	184.00443
3263.3623	165.35863
3263.6245	156.35863
3263.8879	164.35863
3264.1514	158.50443
3264.4133	149.5
3264.6768	158.5
3264.939	160.36305
3265.2021	154.50443
3265.4656	160.50443
3265.7278	151.50443
3265.991	153.00443
3266.2532	148.50443
3266.5164	151.36305
3266.7786	129.35863
3267.0417	149.86305
3267.3037	144.00443
3267.5671	152.35863
3267.8291	135.35863
3268.0923	146.36305
3268.3557	142.50443
3268.6177	139.00443
3268.8796	127.35862
3269.1428	138.35863
3269.4048	137.00443
3269.668	144.86305
3269.9299	135.35863
3270.1931	132.36305
3270.4551	141.5
3270.718	141.00443
3270.98	129.5
3271.2432	133.00443
3271.5051	126.35862
3271.7668	125.35862
3272.03	123.86305
3272.292	121.35862
3272.5549	131.36305
3272.8169	136.00443
3273.0786	131.35863
3273.3418	118.35862
3273.6035	112.86305
3273.8665	121.35862
3274.1284	126.35862
3274.3901	118.35862
3274.6531	118
3274.9148	118.5
3275.1765	117.35862
3275.4397	107.35862
3275.7014	111.00443
3275.9631	120.00443
3276.2249	122.5
3276.4878	108.35862
3276.7495	109.35862
3277.011	113.35862
3277.2739	115.5
3277.5356	109.35862
3277.7974	117.35862
3278.0588	100
3278.3218	111.00443
3278.5835	114.5
3278.845	107.35862
3279.1067	104
3279.3682	108.35862
3279.6311	99.35862
3279.8926	106.00443
3280.1543	101.50443
3280.4158	104.35862
3280.6772	108
3280.9402	108.50443
3281.2017	108
3281.4631	103.35862
3281.7246	95.35862
3281.9861	109.35862
3282.2476	112.00443
3282.5103	106.35862
3282.7717	96.35862
3283.0332	100.00443
3283.2947	98
3283.5562	112.00443
3283.8176	103.5
3284.0791	96.004433
3284.3403	93.35862
3284.6018	99.35862
3284.8633	97.35862
3285.1245	95.35862
3285.3872	97.35862
3285.6487	98.35862
3285.9099	92.35862
3286.1714	94.5
3286.4326	105.35862
3286.6938	90.35862
3286.9553	99.363052
3287.2166	93.35862
3287.4778	93
3287.7393	89.35862
3288.0005	88.35862
3288.2617	93.504433
3288.5229	95.863052
3288.7842	92.35862
3289.0454	101.35862
3289.3066	94.5
3289.5667	89.35862
3289.8279	95.35862
3290.0891	89.35862
3290.3503	94.004433
3290.6113	99.004433
3290.8726	96.863052
3291.1338	86.35862
3291.395	77.504433
3291.656	84
3291.9172	90.35862
3292.1782	93.35862
3292.4382	90
3292.6992	90
3292.9604	95.35862
3293.2214	80.35862
3293.4824	91.504433
3293.7437	96.863052
3294.0034	97.504433
3294.2644	96.863052
3294.5254	88.5
3294.7866	93.004433
3295.0476	88.35862
3295.3074	84.35862
3295.5684	71.004433
3295.8293	89.363052
3296.0903	98.35862
3296.3513	98.004433
3296.6111	90.004433
3296.8718	95
3297.1328	92.5
3297.3938	106.00443
3297.6536	93
3297.9143	89.35862
3298.1753	98.863052
3298.4351	83.35862
3298.6958	90.35862
3298.9568	92.5
3299.2163	93.35862
3299.4773	94.363052
3299.738	93.004433
3299.9976	91.504433
3300.2585	95.863052
3300.5193	88.863052
3300.7788	94.5
3301.0396	90.004433
3301.3005	98.5
3301.5601	92.35862
3301.8208	85.004433
3302.0815	84.863052
3302.3411	83.863052
3302.6018	89.35862
3302.8613	90.004433
3303.1221	86
3303.3826	81.35862
3303.6421	99.5
3303.9028	97
3304.1624	77.863052
3304.4229	85
3304.6824	78.35862
3304.9431	82.004433
3305.2024	76.35862
3305.4631	83.35862
3305.7224	85.35862
3305.9832	84.35862
3306.2424	90.504433
3306.5029	85.35862
3306.7625	76.35862
3307.0229	83.35862
3307.2822	86.35862
3307.543	78.35862
3307.8022	87.5
3308.0627	77.35862
3308.322	88.5
3308.5825	79.35862
3308.8418	81.004433
3309.1011	79.5
3309.3616	80.363052
3309.6208	83.35862
3309.8813	77.504433
3310.1404	80.35862
3310.3997	88.5
3310.6602	78.35862
3310.9194	78.004433
3311.1785	84
3311.439	84.504433
3311.6982	87.504433
3311.9585	76.35862
3312.2178	79.35862
3312.4768	70.5
3312.7371	72.35862
3312.9963	76
3313.2554	77.363052
3313.5144	74.35862
3313.7749	77.504433
3314.0339	78.5
3314.293	84.504433
3314.5532	72.35862
3314.8123	74.35862
3315.0713	81.5
3315.3303	72.504433
3315.5908	73.35862
3315.8496	72.863052
3316.1086	73.004433
3316.3677	71.504433
3316.6279	73.004433
3316.887	77.004433
3317.146	70
3317.4048	76.004433
3317.6638	71.863052
3317.9229	75.35862
3318.1829	75.35862
3318.4419	77.35862
3318.7007	78.35862
3318.9597	71.35862
3319.2185	60.35862
3319.4775	75.504433
3319.7375	84.004433
3319.9963	83.504433
3320.2554	73.504433
3320.5142	78.004433
3320.7729	75.35862
3321.0317	73.35862
3321.2905	77.504433
3321.5493	75.004433
3321.8081	71.5
3322.0669	70
3322.3257	71.504433
3322.5857	72.35862
3322.8445	73.35862
3323.1033	68.504433
3323.3621	71.363052
3323.6208	69.35862
3323.8796	73.35862
3324.1382	76.363052
3324.397	78.004433
3324.6558	69.504433
3324.9143	75.35862
3325.1731	78.863052
3325.4316	71.35862
3325.6904	68.35862
3325.949	67.5
3326.2075	69.35862
3326.4663	76.5
3326.7236	67.35862
3326.9822	66.35862
3327.241	75.5
3327.4995	75
3327.7581	66.004433
3328.0166	65.35862
3328.2751	59.504433
3328.5337	70
3328.7922	68.35862
3329.0508	71.35862
3329.3093	74.363052
3329.5667	72.004433
3329.8252	66.363052
3330.0835	65.35862
3330.342	65
3330.6006	64
3330.8591	71.35862
3331.1162	74.863052
3331.3748	74.863052
3331.6331	67.863052
3331.8916	64.35862
3332.1501	63.35862
3332.4072	70.35862
3332.6655	70.504433
3332.9241	68.35862
3333.1824	71.363052
3333.4395	63.504433
3333.698	69.35862
3333.9563	63.35862
3334.2146	74
3334.4717	70.35862
3334.73	69.004433
